%% Testing Data Matrices lists. 

data_matrix_loaded = [
11.37634277	-1.02722168	40.9	46.3
10.23376465	-0.922851563	42	45.4
8.607788086	-0.933837891	41.8	45.6
7.152099609	-0.884399414	41.8	45.6
6.168823242	-0.834960938	41.8	45.6
5.366821289	-0.791015625	41.8	45.6
4.790039063	-0.769042969	41.8	45.8
4.356079102	-0.774536133	41.4	46.3
4.026489258	-0.791015625	41.4	46.3
3.630981445	-0.807495117	41.6	46.3
3.229980469	-0.796508789	41.6	46.5
2.647705078	-0.856933594	41.6	46.5
2.246704102	-0.889892578	41.6	46.5];

data_matrix_unloaded = [
1.477661133	-0.741577148	0.01	0.01
0.961303711	-0.697631836	0.21	0.01
0.181274414	-0.659179688	0.01	0.01
-0.247192383	-0.604248047	0.01	0.01
-0.477905273	-0.543823242	0.01	0.01
-0.488891602	-0.472412109	0.01	0.01
-0.483398438	-0.439453125	0.01	0.01
-0.313110352	-0.444946289	0.21	0.01
-0.104370117	-0.439453125	0.01	0.01
-0.02746582	-0.461425781	0.01	0.01
0.005493164	-0.461425781	0.01	0.01
0.071411133	-0.488891602	0.01	0.01
0.20324707	-0.55480957	0.01	0.01];

data_matrix_torsion = [
1.277661133	-0.641577148	0.01	0.01
0.861303711	-0.797631836	0.21	0.01
0.081274414	-0.559179688	0.01	0.01
-0.147192383	-0.504248047	0.01	0.01
-0.377905273	-0.443823242	0.01	0.01
-0.388891602	-0.372412109	0.01	0.01
-0.383398438	-0.339453125	0.01	0.01
-0.213110352	-0.344946289	0.21	0.01
-0.004370117	-0.339453125	0.01	0.01
-0.01746582	-0.361425781	0.01	0.01
0.004493164	-0.361425781	0.01	0.01
0.061411133	-0.388891602	0.01	0.01
0.10324707	-0.45480957	0.01	0.01];
