%% Test Data Collected on 6/1/23

unloaded1 = [0.915		0.198		0.01        0.01
0.815		0.16		0.01		0;
0.658		0.159		0.01		0.01
0.806		0.183		0.01		0.01
0.483		0.246		0.01		0.01
0.334		0.207		0.21		0.01
0.392		0.21		0.21		0.01
0.253		0.27		0.21		0.21
0.179		0.265		0.21		0.01
0.352		0.306		0.01		0.01
0.33		0.342		0.21		0.01
0.284		0.328		0.21		0.01
0.396		0.31		0.21		0.01
0.465		0.305		0.01		0.01
0.377		0.386		0.01		0.01
0.251		0.395		0.01		0.01
0.197		0.446		0.01		0.01
0.122		0.461		0.01		0
-0.395		0.52		0.01		0.0
0 0 0 0
0 0 0 0
0 0 0 0
0 0 0 0
0 0 0 0
0 0 0 0
0 0 0 0
0 0 0 0
0 0 0 0
0 0 0 0
0 0 0 0
0 0 0 0
0 0 0 0
0 0 0 0
0 0 0 0
0 0 0 0
0 0 0 0
0 0 0 0
0 0 0 0
0 0 0 0
0 0 0 0
0 0 0 0
0 0 0 0
0 0 0 0
0 0 0 0
0 0 0 0
0 0 0 0];

unloaded2 = [0.915		0.198		0.01		0.01
0.815		0.16		0.01		0
0.658		0.159		0.01		0.01
0.806		0.183		0.01		0.01
0.483		0.246		0.01		0.01
0.334		0.207		0.21		0.01
0.392		0.21		0.21		0.01
0.253		0.27		0.21		0.21
0.179		0.265		0.21		0.01
0.352		0.306		0.01		0.01
0.33		0.342		0.21		0.01
0.284		0.328		0.21		0.01
0.396		0.31		0.21		0.01
0.465		0.305		0.01		0.01
0.377		0.386		0.01		0.01
0.251		0.395		0.01		0.01
0.197		0.446		0.01		0.01
0.122		0.461		0.01		0
-0.395		0.52		0.01		0.01
0 0 0 0
0 0 0 0
0 0 0 0
0 0 0 0
0 0 0 0
0 0 0 0
0 0 0 0
0 0 0 0
0 0 0 0
0 0 0 0
0 0 0 0
0 0 0 0
0 0 0 0
0 0 0 0
0 0 0 0
0 0 0 0
0 0 0 0
0 0 0 0
0 0 0 0
0 0 0 0
0 0 0 0
0 0 0 0
0 0 0 0
0 0 0 0
0 0 0 0
0 0 0 0
0 0 0 0];

unloaded3 = [0.885		0.174		0.01		0.01
0.844		0.133		0.01		0.01
0.663		0.142		0.01		0.01
0.786		0.196		0.21		0
0.581		0.223		0.01		0.01
0.434		0.193		0.01		0.01
0.51		0.208		0.01		0
0.335		0.272		0.01		0
0.401		0.246		0.21		0.01
0.405		0.303		0.01		0.01
0.381		0.319		0.01		0.01
0.278		0.322		0.01		0.01
0.416		0.317		0.21		0
0.48		0.305		0.01		0.01
0.444		0.285		0.01		0.01
0.31		0.366		0.21		0.01
0.217		0.413		0.01		0.01
0.192		0.438		0.01		0.01
7.84		999.97		0.01		0.01
0 0 0 0
0 0 0 0
0 0 0 0
0 0 0 0
0 0 0 0
0 0 0 0
0 0 0 0
0 0 0 0
0 0 0 0
0 0 0 0
0 0 0 0
0 0 0 0
0 0 0 0
0 0 0 0
0 0 0 0
0 0 0 0
0 0 0 0
0 0 0 0
0 0 0 0
0 0 0 0
0 0 0 0
0 0 0 0
0 0 0 0
0 0 0 0
0 0 0 0
0 0 0 0
0 0 0 0];


loaded1 = [-8.691		-0.337		21.3		20.9
-5.61		989.8		21.3		20.9
-7.854		-0.256		21.3		20.9
-7.236		-0.166		21.3		20.7
992.85		-6.852		21.3		20.7
-6.686		-0.12		21.1		20.7
-6.363		-0.051		21.3		20.7
-6.035		-0.047		21.3		20.7
-5.673		-0.013		21.1		20.7
-5.431		0.117		21.3		20.7
-5.025		0.122		21.1		20.7
-4.781		0.126		21.1		20.7
-4.311		0.14		21.1		20.7
-3.915		0.149		21.1		20.7
2.73		998.22		21.1		20.4
-3.214		0.309		21.3		20.7
-2.861		0.36		21.1		20.7
-2.252		0.404		21.1		20.4
-1.936		0.493		21.1		20.4
0 0 0 0
0 0 0 0
0 0 0 0
0 0 0 0
0 0 0 0
0 0 0 0
0 0 0 0
0 0 0 0
0 0 0 0
0 0 0 0
0 0 0 0
0 0 0 0
0 0 0 0
0 0 0 0
0 0 0 0
0 0 0 0
0 0 0 0
0 0 0 0
0 0 0 0
0 0 0 0
0 0 0 0
0 0 0 0
0 0 0 0
0 0 0 0
0 0 0 0
0 0 0 0
0 0 0 0];

loaded2 = [-8.696		-0.345		21.3		20.9
-8.158		-0.34		21.3		20.7
-7.887		-0.254		21.3		20.7
-7.192		-0.178		21.3		20.7
-6.856		-0.122		21.3		20.7
-6.721		-0.113		21.3		20.7
-6.343		-0.097		21.3		20.7
-6.068		-0.02		21.3		20.7
-5.672		-0.01		21.1		20.7
-5.382		0.071		21.1		20.7
-5.012		0.101		21.1		20.7
-4.762		0.141		21.1		20.7
-4.326		0.143		21.1		20.4
-3.917		0.172		21.1		20.7
-3.396		0.136		21.1		20.4
-3.175		0.29		21.1		20.4
-2.84		0.384		21.1		20.4
-2.232		0.397		21.1		20.4
-1.866		0.431		21.1		20.4
0 0 0 0
0 0 0 0
0 0 0 0
0 0 0 0
0 0 0 0
0 0 0 0
0 0 0 0
0 0 0 0
0 0 0 0
0 0 0 0
0 0 0 0
0 0 0 0
0 0 0 0
0 0 0 0
0 0 0 0
0 0 0 0
0 0 0 0
0 0 0 0
0 0 0 0
0 0 0 0
0 0 0 0
0 0 0 0
0 0 0 0
0 0 0 0
0 0 0 0
0 0 0 0
0 0 0 0];

loaded3 = [-8.691		-0.291		21.3		20.7
-8.175		-0.261		21.3		20.7
-7.879		-0.23		21.3		20.7
-7.167		-0.107		21.3		20.7
-6.867		-0.094		21.3		20.7
-6.697		-0.094		21.1		20.7
-6.327		-0.051		21.1		20.7
-6.098		0.022		21.1		20.7
-5.697		0.044		21.1		20.7
-5.398		0.129		21.1		20.7
-4.981		0.151		21.3		20.4
-4.771		0.168		21.1		20.4
-4.346		0.189		21.1		20.4
-3.867		0.217		21.1		20.4
-3.44		0.289		21.1		20.4
-3.157		0.315		21.1		20.4
-2.821		0.395		21.1		20.4
-2.199		0.407		21.1		20.4
-1.893		0.466		21.1		20.4
0 0 0 0
0 0 0 0
0 0 0 0
0 0 0 0
0 0 0 0
0 0 0 0
0 0 0 0
0 0 0 0
0 0 0 0
0 0 0 0
0 0 0 0
0 0 0 0
0 0 0 0
0 0 0 0
0 0 0 0
0 0 0 0
0 0 0 0
0 0 0 0
0 0 0 0
0 0 0 0
0 0 0 0
0 0 0 0
0 0 0 0
0 0 0 0
0 0 0 0
0 0 0 0
0 0 0 0];

%% Testing Data Matrices lists. 

% Number of actual data points collected in each test
num_of_data_points = 19;

% Number of standard deviations data must be from mean to be outlier
tolerance = 3;

unloaded_matrices = {unloaded1, unloaded2, unloaded3};

loaded_matrices = {loaded1, loaded2, loaded3};
