Format Version,1.23,Take Name,Take 2023-07-13 04.52.44 PM,Take Notes,,Capture Frame Rate,200.000000,Export Frame Rate,200.000000,Capture Start Time,2023-07-13 04.52.44.852 PM,Capture Start Frame,5758043,Total Frames in Take,1775,Total Exported Frames,1775,Rotation Type,Quaternion,Length Units,Millimeters,Coordinate Space,Global

,Type,Marker,Marker,Marker,Marker,Marker,Marker,Marker,Marker,Marker,Marker,Marker,Marker,Marker,Marker,Marker,Marker,Marker,Marker,Marker,Marker,Marker,Marker,Marker,Marker,Marker,Marker,Marker,Marker,Marker,Marker
,Name,RigidBody:Marker 0deg,RigidBody:Marker 0deg,RigidBody:Marker 0deg,RigidBody:Marker 135deg,RigidBody:Marker 135deg,RigidBody:Marker 135deg,RigidBody:Marker 180deg,RigidBody:Marker 180deg,RigidBody:Marker 180deg,RigidBody:Marker 225deg,RigidBody:Marker 225deg,RigidBody:Marker 225deg,RigidBody:Marker 270deg,RigidBody:Marker 270deg,RigidBody:Marker 270deg,RigidBody:Marker 315deg,RigidBody:Marker 315deg,RigidBody:Marker 315deg,RigidBody:Marker 45deg,RigidBody:Marker 45deg,RigidBody:Marker 45deg,RigidBody:Marker 90deg,RigidBody:Marker 90deg,RigidBody:Marker 90deg,RigidBody:Marker Hub,RigidBody:Marker Hub,RigidBody:Marker Hub,Unlabeled 5342,Unlabeled 5342,Unlabeled 5342
,ID,"F879C0F521CF11EE242E35EB6C54D898","F879C0F521CF11EE242E35EB6C54D898","F879C0F521CF11EE242E35EB6C54D898","F879C0F121CF11EE242E35EB6C54D898","F879C0F121CF11EE242E35EB6C54D898","F879C0F121CF11EE242E35EB6C54D898","F879C0EF21CF11EE242E35EB6C54D898","F879C0EF21CF11EE242E35EB6C54D898","F879C0EF21CF11EE242E35EB6C54D898","F879C0F221CF11EE242E35EB6C54D898","F879C0F221CF11EE242E35EB6C54D898","F879C0F221CF11EE242E35EB6C54D898","F879C0F421CF11EE242E35EB6C54D898","F879C0F421CF11EE242E35EB6C54D898","F879C0F421CF11EE242E35EB6C54D898","F879C0ED21CF11EE242E35EB6C54D898","F879C0ED21CF11EE242E35EB6C54D898","F879C0ED21CF11EE242E35EB6C54D898","F879C0F021CF11EE242E35EB6C54D898","F879C0F021CF11EE242E35EB6C54D898","F879C0F021CF11EE242E35EB6C54D898","F879C0EE21CF11EE242E35EB6C54D898","F879C0EE21CF11EE242E35EB6C54D898","F879C0EE21CF11EE242E35EB6C54D898","F879C0F321CF11EE242E35EB6C54D898","F879C0F321CF11EE242E35EB6C54D898","F879C0F321CF11EE242E35EB6C54D898","1346D68064D7218C11EE","1346D68064D7218C11EE","1346D68064D7218C11EE"
,,Position,Position,Position,Position,Position,Position,Position,Position,Position,Position,Position,Position,Position,Position,Position,Position,Position,Position,Position,Position,Position,Position,Position,Position,Position,Position,Position,Position,Position,Position
Frame,Time (Seconds),X,Y,Z,X,Y,Z,X,Y,Z,X,Y,Z,X,Y,Z,X,Y,Z,X,Y,Z,X,Y,Z,X,Y,Z,X,Y,Z
0,0.000000,105.256683,263.151642,-49.435089,225.879898,-260.370850,-50.455555,43.156151,-303.076050,-51.002094,-127.038628,-222.158676,-54.516384,-209.445892,12.921103,-54.349049,-127.312408,181.864410,-53.473999,272.281219,183.306122,-46.113575,356.965454,-50.475979,-46.934364,69.528702,14.018526,-54.877705,83.049095,655.118835,-9.867895
1,0.005000,105.260170,263.150665,-49.444065,225.881516,-260.372620,-50.461796,43.153473,-303.075378,-51.000549,-127.034668,-222.161621,-54.517452,-209.439087,12.919382,-54.348156,-127.316132,181.857147,-53.476730,272.279419,183.311966,-46.111389,356.960510,-50.480232,-46.935650,69.537636,14.022150,-54.881538,83.051620,655.118164,-9.869968
2,0.010000,105.253799,263.147247,-49.432655,225.878372,-260.373260,-50.460526,43.157120,-303.074585,-51.004162,-127.038094,-222.158905,-54.517654,-209.441483,12.922214,-54.350655,-127.310486,181.854630,-53.471436,272.275635,183.309265,-46.117214,356.963501,-50.479401,-46.933891,69.532051,14.019926,-54.883198,83.047348,655.115601,-9.866859
3,0.015000,105.255196,263.145477,-49.441513,225.881058,-260.375519,-50.464211,43.159393,-303.074158,-51.007656,-127.034012,-222.160446,-54.518822,-209.442749,12.918677,-54.352512,-127.319023,181.859467,-53.478008,272.276978,183.307388,-46.116123,356.965393,-50.480171,-46.949619,69.537910,14.020410,-54.885468,83.051544,655.110718,-9.869883
4,0.020000,105.258499,263.147827,-49.445118,225.880646,-260.373993,-50.452492,43.154964,-303.075806,-51.008152,-127.039787,-222.157654,-54.516132,-209.447327,12.921337,-54.356190,-127.313766,181.854050,-53.471657,272.275726,183.309891,-46.117668,356.966034,-50.481407,-46.936050,69.537010,14.021396,-54.880825,83.053314,655.114258,-9.872414
5,0.025000,105.258575,263.147400,-49.437344,225.873886,-260.368988,-50.450359,43.161526,-303.080994,-51.004452,-127.035316,-222.156891,-54.513115,-209.443909,12.918571,-54.356506,-127.317429,181.858383,-53.475452,272.275848,183.308151,-46.120579,356.967010,-50.480953,-46.942646,69.528290,14.024076,-54.882690,83.050842,655.112976,-9.869616
6,0.030000,105.257713,263.145874,-49.440247,225.883347,-260.372314,-50.458309,43.155804,-303.075287,-51.008678,-127.039970,-222.155411,-54.510197,-209.442719,12.925678,-54.346680,-127.315102,181.859970,-53.468273,272.275635,183.307251,-46.115807,356.967743,-50.484261,-46.949635,69.534332,14.022779,-54.892166,83.050774,655.116943,-9.872700
7,0.035000,105.256836,263.147858,-49.441174,225.881805,-260.379364,-50.460705,43.158295,-303.075409,-51.003071,-127.032173,-222.160172,-54.510818,-209.446365,12.924287,-54.343147,-127.313377,181.858688,-53.473942,272.278381,183.307968,-46.117111,356.962738,-50.480877,-46.939137,69.531151,14.021863,-54.885788,83.052940,655.113770,-9.868523
8,0.040000,105.260414,263.144897,-49.433693,225.879013,-260.374268,-50.452862,43.157505,-303.075623,-51.006279,-127.035095,-222.156616,-54.509640,-209.449524,12.926109,-54.349140,-127.321083,181.861252,-53.470695,272.282318,183.310211,-46.113781,356.962219,-50.480522,-46.943394,69.531685,14.017213,-54.894608,83.052437,655.112549,-9.871762
9,0.045000,105.259956,263.144440,-49.446148,225.881943,-260.374420,-50.460865,43.159527,-303.071686,-51.003937,-127.039627,-222.159866,-54.511265,-209.446533,12.924040,-54.353401,-127.314728,181.859650,-53.475990,272.276276,183.306946,-46.109852,356.965210,-50.478275,-46.943478,69.534775,14.019996,-54.883762,83.047630,655.107727,-9.875991
10,0.050000,105.261009,263.149231,-49.429951,225.884521,-260.373505,-50.452847,43.159008,-303.071014,-51.003864,-127.039688,-222.152084,-54.514965,-209.444305,12.927241,-54.348568,-127.316315,181.858398,-53.468037,272.278473,183.306763,-46.113995,356.964905,-50.482117,-46.946239,69.531097,14.021079,-54.880062,83.051979,655.114746,-9.874075
11,0.055000,105.256332,263.148987,-49.434975,225.879913,-260.376373,-50.457890,43.159382,-303.070312,-51.002361,-127.033966,-222.157913,-54.511505,-209.443527,12.925026,-54.340923,-127.308693,181.860657,-53.470783,272.278473,183.307266,-46.116428,356.962952,-50.476582,-46.936882,69.528046,14.020718,-54.888237,83.052734,655.116760,-9.864202
12,0.060000,105.259209,263.145599,-49.436214,225.883820,-260.372314,-50.452755,43.155357,-303.073853,-51.005932,-127.036926,-222.158188,-54.515652,-209.441772,12.923417,-54.354736,-127.313080,181.864029,-53.475452,272.277374,183.308517,-46.110527,356.964172,-50.475090,-46.931190,69.532036,14.021724,-54.890282,83.049385,655.112854,-9.870467
13,0.065000,105.256218,263.146698,-49.433392,225.878860,-260.371033,-50.458588,43.165531,-303.069672,-50.999561,-127.037849,-222.158569,-54.509232,-209.442474,12.920584,-54.350285,-127.314346,181.857025,-53.473709,272.277893,183.306946,-46.109280,356.962738,-50.483639,-46.935024,69.532700,14.018478,-54.887352,83.047844,655.115967,-9.875084
14,0.070000,105.260216,263.143433,-49.442039,225.876495,-260.374939,-50.459026,43.158356,-303.076324,-51.008194,-127.037483,-222.156799,-54.517212,-209.449631,12.922158,-54.360252,-127.313110,181.862488,-53.469555,272.277496,183.306793,-46.114689,356.963989,-50.482346,-46.938606,69.533081,14.017130,-54.886936,83.047157,655.116516,-9.868502
15,0.075000,105.256943,263.147614,-49.443504,225.881943,-260.371735,-50.449368,43.159882,-303.072998,-50.999306,-127.038765,-222.155045,-54.512802,-209.440155,12.922812,-54.346325,-127.309692,181.858490,-53.471199,272.275940,183.312042,-46.116081,356.954468,-50.481499,-46.945015,69.535789,14.020770,-54.886421,83.051765,655.113403,-9.874797
16,0.080000,105.254440,263.144196,-49.438251,225.884033,-260.375885,-50.455379,43.155888,-303.070038,-50.999119,-127.041382,-222.154587,-54.515144,-209.443710,12.923681,-54.356167,-127.317879,181.860123,-53.471924,272.278412,183.306961,-46.115585,356.960236,-50.480877,-46.943516,69.536377,14.017830,-54.886200,83.051659,655.110840,-9.870351
17,0.085000,105.257668,263.147308,-49.439503,225.878754,-260.371796,-50.451241,43.161621,-303.073792,-51.006226,-127.033340,-222.158508,-54.519733,-209.446915,12.925757,-54.344875,-127.315742,181.857086,-53.474293,272.280090,183.304810,-46.113232,356.963226,-50.480392,-46.943584,69.532883,14.016378,-54.885170,83.052902,655.111938,-9.869797
18,0.090000,105.259407,263.145721,-49.435322,225.881592,-260.372803,-50.450428,43.158012,-303.072021,-51.007950,-127.038895,-222.156311,-54.510098,-209.444000,12.921755,-54.347797,-127.308922,181.859253,-53.473705,272.277496,183.309204,-46.113426,356.964355,-50.479488,-46.941345,69.536171,14.023523,-54.880413,83.049706,655.114929,-9.872318
19,0.095000,105.254440,263.143738,-49.442375,225.882675,-260.374207,-50.454990,43.153656,-303.073212,-51.003441,-127.038803,-222.159012,-54.509033,-209.439377,12.927863,-54.343143,-127.315239,181.857727,-53.467731,272.278839,183.306732,-46.109917,356.960022,-50.478104,-46.941483,69.527023,14.020894,-54.876705,83.049622,655.113525,-9.874661
20,0.100000,105.262520,263.150116,-49.444153,225.882690,-260.375458,-50.464714,43.158188,-303.076294,-51.006580,-127.036888,-222.160324,-54.514610,-209.440704,12.925322,-54.350433,-127.310989,181.859985,-53.474422,272.279083,183.309082,-46.118153,356.966644,-50.479034,-46.933186,69.528183,14.022124,-54.872517,83.054047,655.114685,-9.869591
21,0.105000,105.254875,263.147675,-49.434956,225.881714,-260.374512,-50.464931,43.156990,-303.074738,-50.994637,-127.039520,-222.155746,-54.514851,-209.438354,12.918777,-54.347641,-127.313271,181.861633,-53.481762,272.279297,183.314377,-46.114372,356.955902,-50.480026,-46.939110,69.534149,14.017351,-54.889210,83.050346,655.111145,-9.867065
22,0.110000,105.259438,263.148560,-49.435108,225.876175,-260.379486,-50.466835,43.160110,-303.073120,-50.999557,-127.037865,-222.160080,-54.517879,-209.444229,12.919088,-54.345528,-127.313271,181.865265,-53.476723,272.279724,183.306747,-46.113312,356.964203,-50.478855,-46.948376,69.536392,14.019495,-54.889706,83.051033,655.114929,-9.872038
23,0.115000,105.261017,263.147858,-49.435501,225.878464,-260.371552,-50.458347,43.161541,-303.071167,-51.005653,-127.041832,-222.156586,-54.518257,-209.438309,12.923802,-54.348900,-127.314430,181.860123,-53.475140,272.278259,183.307129,-46.115589,356.959656,-50.483593,-46.944721,69.534523,14.021255,-54.887581,83.049789,655.114380,-9.872298
24,0.120000,105.257217,263.146393,-49.441357,225.877518,-260.374603,-50.469246,43.154259,-303.075989,-51.005646,-127.041069,-222.157379,-54.515293,-209.444061,12.922004,-54.347980,-127.316879,181.859497,-53.477196,272.280396,183.307495,-46.109646,356.959656,-50.482689,-46.941788,69.541527,14.021182,-54.887188,83.052513,655.113525,-9.864456
25,0.125000,105.252808,263.146362,-49.442604,225.880920,-260.370239,-50.458168,43.154240,-303.073090,-51.009701,-127.039719,-222.156631,-54.518963,-209.441498,12.919545,-54.355354,-127.312469,181.859253,-53.471142,272.278687,183.308273,-46.116356,356.964355,-50.477772,-46.942123,69.538017,14.025029,-54.881016,83.054192,655.113403,-9.866048
26,0.130000,105.257828,263.143921,-49.439564,225.881119,-260.376160,-50.466778,43.160297,-303.074554,-51.001850,-127.039429,-222.156616,-54.513058,-209.444656,12.922928,-54.349285,-127.313034,181.856369,-53.467346,272.276276,183.310242,-46.118839,356.962921,-50.477905,-46.944984,69.535225,14.024783,-54.884830,83.048759,655.116333,-9.871084
27,0.135000,105.252617,263.144775,-49.443329,225.880280,-260.375427,-50.468407,43.153603,-303.072998,-51.006943,-127.039001,-222.157349,-54.523613,-209.443604,12.925510,-54.342461,-127.317802,181.858810,-53.470531,272.279907,183.308914,-46.116882,356.960968,-50.476097,-46.940662,69.529228,14.022672,-54.883911,83.044205,655.115540,-9.872369
28,0.140000,105.257217,263.148041,-49.443504,225.879623,-260.377472,-50.462395,43.156441,-303.076172,-51.008606,-127.040298,-222.162628,-54.512844,-209.443726,12.922383,-54.351341,-127.317680,181.861984,-53.474407,272.281555,183.306824,-46.108967,356.962311,-50.481480,-46.940926,69.532051,14.015835,-54.887543,83.050468,655.111572,-9.868851
29,0.145000,105.255859,263.146912,-49.437725,225.877899,-260.377625,-50.456074,43.157829,-303.070831,-51.001671,-127.036079,-222.158112,-54.514629,-209.442688,12.921116,-54.347992,-127.312912,181.853409,-53.475292,272.280029,183.306900,-46.110466,356.962219,-50.480000,-46.934010,69.536980,14.016727,-54.889324,83.050026,655.112488,-9.869931
30,0.150000,105.261200,263.147583,-49.442570,225.879089,-260.375946,-50.449799,43.159573,-303.076416,-51.003170,-127.033890,-222.154312,-54.510094,-209.439682,12.923338,-54.344761,-127.312897,181.863327,-53.468521,272.276794,183.311676,-46.116982,356.959900,-50.481022,-46.938148,69.532043,14.022692,-54.884590,83.048767,655.115234,-9.872653
31,0.155000,105.262627,263.149658,-49.442284,225.876770,-260.374603,-50.459930,43.156265,-303.074860,-50.999943,-127.037895,-222.154144,-54.514294,-209.441711,12.921688,-54.344257,-127.318863,181.861420,-53.477997,272.279205,183.306030,-46.110207,356.964508,-50.476772,-46.937008,69.536377,14.021576,-54.881477,83.052132,655.116272,-9.865502
32,0.160000,105.259415,263.146851,-49.436539,225.879181,-260.367523,-50.454208,43.159081,-303.071686,-51.004604,-127.034485,-222.157623,-54.504040,-209.447510,12.923391,-54.348957,-127.310944,181.862747,-53.470409,272.276093,183.307037,-46.118160,356.968292,-50.476116,-46.943932,69.532043,14.023161,-54.888168,83.045578,655.111877,-9.869158
33,0.165000,105.259468,263.146393,-49.435768,225.888245,-260.369080,-50.450542,43.154064,-303.078094,-51.003120,-127.037453,-222.155792,-54.507923,-209.445206,12.918934,-54.348007,-127.313660,181.859009,-53.467449,272.280060,183.304153,-46.109962,356.961578,-50.481697,-46.947880,69.530273,14.017865,-54.886185,83.052498,655.110840,-9.868864
34,0.170000,105.263351,263.149109,-49.433308,225.882416,-260.377136,-50.463257,43.156109,-303.068939,-51.002674,-127.036674,-222.156845,-54.507610,-209.444473,12.922298,-54.347359,-127.313019,181.861572,-53.476070,272.277893,183.306793,-46.113163,356.963257,-50.478161,-46.939323,69.534081,14.019913,-54.882511,83.045151,655.113403,-9.875530
35,0.175000,105.258995,263.145477,-49.434639,225.880341,-260.372925,-50.459141,43.157150,-303.071350,-51.001274,-127.037125,-222.160950,-54.517067,-209.446899,12.926962,-54.349976,-127.315926,181.858551,-53.469910,272.277313,183.309540,-46.114346,356.959747,-50.477638,-46.938564,69.535492,14.018880,-54.890175,83.050186,655.116821,-9.876012
36,0.180000,105.256264,263.147278,-49.440914,225.883759,-260.368561,-50.448483,43.160500,-303.076813,-51.012096,-127.034676,-222.155991,-54.514175,-209.437988,12.922951,-54.352566,-127.314301,181.856461,-53.469902,272.281097,183.306107,-46.112892,356.962585,-50.476944,-46.943142,69.533813,14.021815,-54.880238,83.052017,655.115051,-9.871413
37,0.185000,105.257797,263.148682,-49.435535,225.879700,-260.377167,-50.463531,43.155785,-303.072296,-51.005745,-127.035988,-222.158569,-54.513504,-209.443085,12.922772,-54.350296,-127.314804,181.856583,-53.472122,272.276154,183.305511,-46.117340,356.964233,-50.477112,-46.939808,69.528419,14.026210,-54.878395,83.048897,655.113892,-9.872102
38,0.190000,105.256660,263.151001,-49.434311,225.875778,-260.378845,-50.460239,43.154705,-303.073944,-51.004238,-127.031433,-222.154327,-54.512630,-209.446121,12.922862,-54.346127,-127.313553,181.860367,-53.475666,272.278717,183.311249,-46.116261,356.957214,-50.483337,-46.945415,69.534676,14.023456,-54.879120,83.053452,655.111938,-9.870470
39,0.195000,105.261444,263.145386,-49.434040,225.880371,-260.375885,-50.462132,43.157043,-303.073242,-51.000771,-127.037643,-222.157669,-54.523491,-209.443268,12.921529,-54.351238,-127.314163,181.859573,-53.474499,272.278076,183.301559,-46.114399,356.958893,-50.480286,-46.942322,69.532028,14.019810,-54.887825,83.048645,655.115662,-9.872156
40,0.200000,105.258438,263.143951,-49.437218,225.878860,-260.376007,-50.458035,43.159447,-303.071442,-51.008728,-127.036331,-222.161789,-54.513840,-209.444824,12.920003,-54.349995,-127.313644,181.860275,-53.471451,272.282745,183.309174,-46.117180,356.962189,-50.480415,-46.949371,69.535484,14.020624,-54.885052,83.050743,655.118713,-9.877080
41,0.205000,105.258827,263.144653,-49.433384,225.881790,-260.380463,-50.461102,43.159725,-303.074158,-51.002079,-127.036423,-222.157410,-54.509312,-209.442871,12.922926,-54.351246,-127.315193,181.860886,-53.473557,272.278473,183.307083,-46.112637,356.960114,-50.480293,-46.944782,69.538528,14.026116,-54.876900,83.051094,655.108948,-9.865814
42,0.210000,105.255882,263.144592,-49.435261,225.874390,-260.375885,-50.465969,43.153435,-303.074036,-51.005722,-127.046555,-222.157379,-54.513008,-209.446426,12.923656,-54.354038,-127.314255,181.860184,-53.467506,272.280853,183.309448,-46.108616,356.959503,-50.483452,-46.937897,69.531525,14.016812,-54.889648,83.047821,655.111267,-9.871254
43,0.215000,105.258293,263.145721,-49.438477,225.879440,-260.374115,-50.463554,43.156155,-303.072662,-51.005886,-127.037582,-222.159424,-54.514870,-209.439270,12.920172,-54.347404,-127.319160,181.862030,-53.469543,272.279144,183.307922,-46.118114,356.960083,-50.481441,-46.941895,69.531517,14.020589,-54.884090,83.048096,655.115479,-9.872336
44,0.220000,105.259102,263.150818,-49.440559,225.881683,-260.375488,-50.465469,43.156921,-303.070251,-51.002605,-127.037018,-222.154404,-54.513378,-209.444702,12.922192,-54.350384,-127.313492,181.858704,-53.478336,272.273865,183.310150,-46.121246,356.961609,-50.480904,-46.940567,69.531136,14.020951,-54.886414,83.052116,655.114258,-9.867516
45,0.225000,105.258255,263.149323,-49.444443,225.879257,-260.377716,-50.463650,43.159454,-303.074036,-51.003536,-127.035690,-222.157639,-54.517673,-209.439423,12.923359,-54.349182,-127.316742,181.861588,-53.471355,272.276855,183.310852,-46.112701,356.959534,-50.478611,-46.940578,69.531029,14.018799,-54.889698,83.049614,655.116028,-9.874167
46,0.230000,105.262184,263.145630,-49.434101,225.881287,-260.374451,-50.458199,43.159458,-303.073303,-51.005733,-127.036247,-222.155518,-54.515648,-209.441193,12.923246,-54.343693,-127.316803,181.862396,-53.479160,272.277985,183.311966,-46.119064,356.962402,-50.481323,-46.938824,69.530334,14.020595,-54.882397,83.049774,655.116699,-9.871815
47,0.235000,105.258125,263.145447,-49.439312,225.880936,-260.374115,-50.464947,43.159611,-303.076111,-51.003807,-127.035629,-222.158173,-54.513683,-209.447037,12.917972,-54.346233,-127.316383,181.863434,-53.476974,272.277344,183.311356,-46.113308,356.962006,-50.480747,-46.943520,69.529503,14.021958,-54.887310,83.047699,655.113708,-9.865251
48,0.240000,105.259590,263.141968,-49.438679,225.881882,-260.371338,-50.459496,43.157822,-303.075470,-51.003090,-127.035736,-222.155960,-54.505676,-209.442749,12.922642,-54.356812,-127.315865,181.858276,-53.475998,272.283325,183.311859,-46.113144,356.961578,-50.481449,-46.936161,69.531845,14.018752,-54.889458,83.055862,655.114563,-9.872272
49,0.245000,105.256088,263.146576,-49.441193,225.878799,-260.378967,-50.475506,43.158291,-303.073914,-51.011234,-127.037315,-222.155899,-54.514263,-209.441406,12.923499,-54.348263,-127.316925,181.859558,-53.475456,272.279022,183.311310,-46.115467,356.958069,-50.482635,-46.947090,69.531013,14.025122,-54.877869,83.051270,655.110840,-9.868648
50,0.250000,105.260460,263.142456,-49.433922,225.879456,-260.376434,-50.457874,43.159721,-303.074921,-50.999817,-127.033752,-222.158951,-54.514324,-209.442810,12.928136,-54.348507,-127.317680,181.858521,-53.471859,272.279510,183.301682,-46.111687,356.961426,-50.484497,-46.933914,69.527473,14.021585,-54.890278,83.051537,655.118286,-9.865650
51,0.255000,105.255867,263.146149,-49.439751,225.879166,-260.374359,-50.461838,43.155540,-303.073822,-51.000828,-127.037239,-222.156525,-54.514595,-209.446915,12.925446,-54.347641,-127.314705,181.860535,-53.472111,272.273956,183.304642,-46.112690,356.962128,-50.484909,-46.946808,69.529922,14.021057,-54.892899,83.049309,655.113892,-9.861703
52,0.260000,105.257309,263.145050,-49.433048,225.880417,-260.374634,-50.465862,43.160507,-303.075531,-51.003025,-127.035408,-222.160187,-54.511909,-209.447617,12.917720,-54.356178,-127.315163,181.860306,-53.467228,272.283691,183.307693,-46.121178,356.956055,-50.483932,-46.942215,69.533836,14.016515,-54.897907,83.050568,655.114136,-9.872645
53,0.265000,105.256119,263.149139,-49.436775,225.880661,-260.374664,-50.462902,43.161404,-303.075195,-51.006805,-127.036331,-222.159760,-54.512436,-209.443115,12.924837,-54.352688,-127.312210,181.856003,-53.476105,272.275940,183.307388,-46.109764,356.957947,-50.486095,-46.945076,69.534256,14.020394,-54.877621,83.053940,655.112732,-9.872430
54,0.270000,105.256416,263.144562,-49.436779,225.879669,-260.373260,-50.459248,43.154572,-303.076447,-51.008339,-127.032593,-222.156403,-54.510120,-209.446930,12.918387,-54.356022,-127.316193,181.860275,-53.468857,272.274658,183.312454,-46.114677,356.963196,-50.480003,-46.940228,69.533028,14.019946,-54.890522,83.051315,655.113464,-9.865853
55,0.275000,105.258858,263.141418,-49.438622,225.879745,-260.375244,-50.458588,43.158375,-303.075043,-51.006466,-127.041351,-222.156937,-54.511829,-209.446259,12.924613,-54.355732,-127.319176,181.860199,-53.475315,272.284943,183.303268,-46.112652,356.962555,-50.478802,-46.944248,69.529770,14.022072,-54.887257,83.057899,655.111572,-9.863587
56,0.280000,105.263229,263.144958,-49.436077,225.883209,-260.374969,-50.463886,43.156166,-303.071503,-51.004967,-127.040047,-222.158615,-54.513885,-209.443451,12.923223,-54.346722,-127.314774,181.859406,-53.474365,272.278595,183.305435,-46.116581,356.959656,-50.481468,-46.937809,69.539253,14.019201,-54.885792,83.048347,655.115967,-9.868775
57,0.285000,105.255867,263.148041,-49.436943,225.886490,-260.376648,-50.465351,43.160416,-303.073578,-51.000095,-127.037331,-222.160477,-54.515633,-209.441452,12.926454,-54.347363,-127.314659,181.853439,-53.471622,272.276398,183.311234,-46.119339,356.965057,-50.481918,-46.942940,69.534874,14.017159,-54.884739,83.049561,655.109497,-9.868488
58,0.290000,105.254013,263.146179,-49.443775,225.875397,-260.379181,-50.470249,43.156677,-303.074585,-51.004021,-127.035545,-222.160980,-54.518421,-209.442612,12.918821,-54.350060,-127.313225,181.858871,-53.472111,272.280853,183.308411,-46.107044,356.964294,-50.480625,-46.944813,69.534241,14.022372,-54.878521,83.047386,655.113037,-9.859396
59,0.295000,105.257217,263.144196,-49.440075,225.875290,-260.372406,-50.462685,43.155552,-303.080048,-50.999290,-127.043114,-222.159195,-54.515186,-209.448914,12.922521,-54.346352,-127.310677,181.862610,-53.471024,272.278259,183.309647,-46.109303,356.965668,-50.481239,-46.944569,69.535507,14.023297,-54.882435,83.053009,655.117554,-9.866216
60,0.300000,105.256157,263.144501,-49.436043,225.880630,-260.375488,-50.461761,43.160027,-303.076538,-50.997669,-127.034935,-222.159760,-54.512501,-209.439301,12.921750,-54.348274,-127.315956,181.860016,-53.475388,272.276306,183.306458,-46.112503,356.959076,-50.480358,-46.946091,69.532310,14.017413,-54.880035,83.047318,655.114380,-9.874125
61,0.305000,105.257896,263.147644,-49.435917,225.875092,-260.370667,-50.460861,43.158051,-303.076355,-51.004364,-127.038361,-222.158936,-54.512489,-209.442184,12.919831,-54.349709,-127.318741,181.860672,-53.477055,272.277039,183.306763,-46.116123,356.965942,-50.482208,-46.940277,69.535049,14.023241,-54.884026,83.047295,655.114380,-9.872869
62,0.310000,105.253319,263.148010,-49.437954,225.881500,-260.376556,-50.466366,43.160957,-303.073334,-51.006813,-127.040146,-222.158112,-54.520821,-209.444153,12.922262,-54.352524,-127.313095,181.858780,-53.474480,272.280121,183.306870,-46.110561,356.960938,-50.481575,-46.946255,69.534195,14.021874,-54.885353,83.048897,655.117676,-9.870079
63,0.315000,105.258728,263.144165,-49.440102,225.884079,-260.373016,-50.464218,43.159981,-303.070221,-51.003101,-127.036255,-222.162048,-54.518635,-209.443695,12.926555,-54.345139,-127.312584,181.856659,-53.482098,272.278290,183.307770,-46.110870,356.962677,-50.479786,-46.941071,69.533913,14.020844,-54.882473,83.050957,655.119019,-9.874293
64,0.320000,105.258842,263.142914,-49.435516,225.876175,-260.378815,-50.465321,43.159019,-303.071869,-51.004436,-127.033981,-222.158936,-54.510262,-209.447037,12.924216,-54.351791,-127.315727,181.853729,-53.472797,272.273773,183.307968,-46.115204,356.961792,-50.479942,-46.933018,69.532539,14.019156,-54.884296,83.053802,655.112549,-9.867924
65,0.325000,105.258698,263.146606,-49.437168,225.877792,-260.375885,-50.459251,43.158741,-303.074158,-51.001595,-127.039146,-222.155930,-54.515839,-209.448685,12.921485,-54.353611,-127.317276,181.861359,-53.477871,272.277191,183.307816,-46.113346,356.960358,-50.479149,-46.942421,69.534996,14.016596,-54.880623,83.054405,655.114197,-9.870567
66,0.330000,105.258507,263.150299,-49.442413,225.879410,-260.373444,-50.467255,43.155556,-303.077820,-51.007679,-127.040192,-222.156006,-54.513657,-209.444382,12.924018,-54.345890,-127.317024,181.858536,-53.479031,272.280518,183.308197,-46.122730,356.962494,-50.477257,-46.946693,69.533318,14.018038,-54.884628,83.051689,655.115173,-9.866901
67,0.335000,105.257782,263.145996,-49.437820,225.879227,-260.376038,-50.460724,43.154175,-303.075378,-51.001240,-127.040131,-222.156204,-54.515690,-209.447449,12.922206,-54.355415,-127.312897,181.859039,-53.472065,272.277435,183.315842,-46.116749,356.964691,-50.476379,-46.937393,69.531349,14.024129,-54.878792,83.049057,655.114502,-9.872464
68,0.340000,105.257431,263.144989,-49.440800,225.880066,-260.376434,-50.458271,43.153214,-303.071747,-51.005581,-127.039314,-222.159668,-54.513214,-209.442749,12.922482,-54.343445,-127.313835,181.860825,-53.473324,272.279022,183.307617,-46.121780,356.959442,-50.475037,-46.939625,69.530304,14.023249,-54.886692,83.044983,655.108459,-9.874603
69,0.345000,105.256317,263.148438,-49.431721,225.878860,-260.372040,-50.468224,43.152454,-303.070557,-51.005245,-127.036987,-222.157425,-54.513393,-209.438156,12.920221,-54.347816,-127.313972,181.857742,-53.479298,272.272644,183.311371,-46.112019,356.960907,-50.476940,-46.943539,69.534012,14.021028,-54.885128,83.048088,655.119568,-9.869549
70,0.350000,105.258530,263.145233,-49.441311,225.876251,-260.374451,-50.457333,43.155567,-303.076904,-51.001274,-127.038300,-222.155487,-54.517941,-209.440399,12.925130,-54.344528,-127.309456,181.856918,-53.469284,272.276184,183.306488,-46.114277,356.959351,-50.484005,-46.935253,69.531525,14.022558,-54.878368,83.048920,655.116455,-9.866832
71,0.355000,105.258842,263.149139,-49.438301,225.887451,-260.375916,-50.455811,43.155895,-303.075134,-50.999641,-127.037003,-222.157730,-54.516575,-209.442276,12.925260,-54.348843,-127.315208,181.858353,-53.470757,272.276794,183.307663,-46.111351,356.964172,-50.482464,-46.945446,69.528023,14.020598,-54.890484,83.048599,655.112183,-9.865529
72,0.360000,105.257736,263.149170,-49.439526,225.875641,-260.372467,-50.459904,43.156174,-303.071350,-51.005688,-127.034309,-222.158112,-54.506706,-209.444321,12.921559,-54.346275,-127.316628,181.859314,-53.478313,272.278625,183.311646,-46.114338,356.960846,-50.476620,-46.940575,69.529457,14.019265,-54.883167,83.049690,655.116699,-9.872703
73,0.365000,105.254272,263.145081,-49.436100,225.882050,-260.375763,-50.459515,43.153355,-303.077545,-51.006260,-127.042160,-222.154938,-54.509514,-209.445694,12.921110,-54.355610,-127.321274,181.854324,-53.469883,272.277283,183.307877,-46.111790,356.961029,-50.484570,-46.944843,69.533051,14.025747,-54.889507,83.055008,655.113098,-9.874939
74,0.370000,105.258606,263.147522,-49.431541,225.878082,-260.373505,-50.463993,43.156174,-303.073303,-51.001987,-127.038361,-222.154312,-54.511395,-209.444595,12.923173,-54.344681,-127.315178,181.859604,-53.470097,272.279266,183.306030,-46.111416,356.957703,-50.481606,-46.938915,69.529800,14.026492,-54.878555,83.050888,655.109863,-9.866006
75,0.375000,105.257027,263.147003,-49.440159,225.881943,-260.373688,-50.463631,43.157646,-303.073090,-50.997757,-127.038391,-222.157303,-54.516262,-209.447311,12.922355,-54.346626,-127.314301,181.861923,-53.481590,272.277130,183.309479,-46.118076,356.960266,-50.482502,-46.937241,69.537254,14.022405,-54.882072,83.051048,655.111206,-9.870507
76,0.380000,105.255524,263.145233,-49.439034,225.879471,-260.374939,-50.464165,43.163155,-303.076080,-51.006969,-127.043274,-222.160889,-54.518574,-209.443954,12.923307,-54.351978,-127.318336,181.859100,-53.472515,272.276154,183.307755,-46.108425,356.966003,-50.478188,-46.933674,69.540733,14.026423,-54.881516,83.052475,655.115906,-9.867245
77,0.385000,105.258629,263.149994,-49.436024,225.882355,-260.373840,-50.457401,43.153683,-303.070923,-51.006828,-127.037849,-222.160599,-54.510818,-209.439392,12.918734,-54.344620,-127.317947,181.856262,-53.468838,272.276672,183.314331,-46.112251,356.961914,-50.479382,-46.941418,69.537415,14.019128,-54.879955,83.049286,655.114868,-9.867369
78,0.390000,105.256821,263.143585,-49.439438,225.882553,-260.367706,-50.464630,43.158379,-303.073914,-51.006878,-127.038818,-222.154953,-54.510395,-209.441040,12.924573,-54.350758,-127.316025,181.863098,-53.466568,272.282379,183.309601,-46.111294,356.964691,-50.478981,-46.944145,69.534340,14.017487,-54.892151,83.051613,655.106934,-9.870954
79,0.395000,105.256363,263.145874,-49.441277,225.880325,-260.374603,-50.464687,43.152760,-303.074554,-51.000160,-127.039597,-222.157776,-54.516331,-209.442749,12.926567,-54.347229,-127.310905,181.865479,-53.477425,272.274933,183.308685,-46.115028,356.964478,-50.477001,-46.941616,69.526543,14.021969,-54.885777,83.051697,655.112366,-9.873779
80,0.400000,105.257767,263.147339,-49.443352,225.881119,-260.376099,-50.462162,43.160614,-303.074829,-50.998135,-127.040161,-222.160217,-54.520363,-209.444748,12.924724,-54.354065,-127.318832,181.864120,-53.480274,272.279327,183.306778,-46.114929,356.962158,-50.478527,-46.938869,69.535881,14.023219,-54.885666,83.050018,655.116699,-9.869364
81,0.405000,105.257828,263.145325,-49.439930,225.884201,-260.375671,-50.455666,43.154526,-303.074005,-51.001858,-127.040192,-222.156158,-54.515675,-209.442459,12.928466,-54.345066,-127.316269,181.864227,-53.473331,272.279175,183.306931,-46.115490,356.963959,-50.475208,-46.944561,69.530136,14.022801,-54.884933,83.046875,655.115662,-9.870049
82,0.410000,105.259911,263.146301,-49.433514,225.885925,-260.368164,-50.452904,43.158031,-303.072815,-51.002472,-127.036911,-222.155670,-54.513855,-209.443314,12.925222,-54.351040,-127.313164,181.860794,-53.471016,272.277344,183.303619,-46.114754,356.960114,-50.482246,-46.946892,69.531685,14.020490,-54.889095,83.047119,655.116943,-9.872119
83,0.415000,105.255295,263.148132,-49.441853,225.879822,-260.375031,-50.457306,43.157127,-303.073151,-50.998814,-127.039268,-222.152954,-54.511986,-209.443909,12.922739,-54.351631,-127.316597,181.859238,-53.476501,272.277435,183.308487,-46.112476,356.962494,-50.484028,-46.946396,69.536636,14.022335,-54.889507,83.043571,655.113586,-9.870033
84,0.420000,105.251282,263.148682,-49.441097,225.881577,-260.377686,-50.463863,43.154579,-303.072296,-51.001060,-127.042068,-222.158371,-54.508896,-209.445557,12.925329,-54.355370,-127.311943,181.859604,-53.471798,272.275604,183.308014,-46.120724,356.957001,-50.481716,-46.937386,69.533051,14.020686,-54.887737,83.052086,655.108582,-9.868571
85,0.425000,105.260300,263.145844,-49.435589,225.878113,-260.376160,-50.465862,43.158245,-303.074341,-51.002914,-127.043663,-222.158005,-54.512787,-209.441162,12.919599,-54.350048,-127.315834,181.856628,-53.475143,272.280670,183.306412,-46.115509,356.960236,-50.486935,-46.944553,69.536469,14.011736,-54.892918,83.049461,655.112671,-9.873572
86,0.430000,105.253380,263.146576,-49.438339,225.884628,-260.376953,-50.451992,43.149906,-303.074493,-51.001671,-127.041336,-222.155533,-54.513447,-209.441925,12.925615,-54.355225,-127.313393,181.861649,-53.470142,272.282196,183.305313,-46.114548,356.966095,-50.476929,-46.941261,69.536827,14.016483,-54.894608,83.054947,655.112244,-9.867391
87,0.435000,105.250954,263.146851,-49.445999,225.882812,-260.373566,-50.463238,43.159389,-303.075439,-51.003860,-127.039162,-222.155182,-54.514774,-209.448303,12.920108,-54.357372,-127.315300,181.858871,-53.480282,272.278473,183.308151,-46.108837,356.961487,-50.483402,-46.934669,69.535431,14.019889,-54.878494,83.048248,655.116760,-9.867173
88,0.440000,105.254631,263.148102,-49.440224,225.877731,-260.372589,-50.459148,43.150829,-303.072113,-50.997910,-127.039299,-222.158295,-54.512577,-209.449020,12.917737,-54.351681,-127.314049,181.860687,-53.475388,272.277100,183.309769,-46.110619,356.963379,-50.483734,-46.937637,69.529915,14.015671,-54.884857,83.051346,655.112488,-9.880936
89,0.445000,105.255394,263.146973,-49.442909,225.879166,-260.371613,-50.458553,43.157063,-303.076569,-51.007233,-127.037514,-222.163376,-54.513958,-209.443054,12.921248,-54.350498,-127.313538,181.862778,-53.466694,272.280701,183.307999,-46.115177,356.963562,-50.480022,-46.941288,69.539421,14.021658,-54.887268,83.047935,655.117065,-9.880696
90,0.450000,105.260796,263.150177,-49.439758,225.879028,-260.375336,-50.460945,43.157761,-303.077393,-51.000164,-127.037331,-222.157822,-54.508335,-209.446594,12.914395,-54.353790,-127.318504,181.860199,-53.479568,272.277344,183.310074,-46.115788,356.960419,-50.481731,-46.938679,69.538177,14.020894,-54.883301,83.050209,655.114502,-9.870889
91,0.455000,105.255409,263.147980,-49.445198,225.880875,-260.374634,-50.457493,43.152145,-303.078674,-50.999561,-127.035675,-222.161331,-54.511650,-209.444550,12.921209,-54.354313,-127.316536,181.862823,-53.475262,272.278259,183.308853,-46.112282,356.959045,-50.486351,-46.944809,69.537651,14.019547,-54.889820,83.048172,655.114502,-9.874991
92,0.460000,105.255920,263.149109,-49.444736,225.877975,-260.378052,-50.457767,43.153725,-303.070984,-51.000919,-127.037987,-222.152725,-54.513622,-209.449051,12.923446,-54.346500,-127.308876,181.859528,-53.478996,272.274139,183.306473,-46.113987,356.964142,-50.486008,-46.948196,69.531029,14.020144,-54.885883,83.051788,655.109680,-9.862003
93,0.465000,105.257935,263.153809,-49.442490,225.883469,-260.374634,-50.453083,43.153427,-303.073059,-50.997650,-127.037468,-222.156570,-54.515205,-209.448013,12.918653,-54.351925,-127.311020,181.860443,-53.470764,272.280762,183.309418,-46.111462,356.959015,-50.479488,-46.940361,69.536011,14.025533,-54.882072,83.051628,655.112671,-9.866661
94,0.470000,105.255348,263.145050,-49.445175,225.877762,-260.374298,-50.460987,43.155922,-303.075378,-51.003117,-127.041016,-222.159973,-54.514477,-209.444168,12.924829,-54.344383,-127.310455,181.863159,-53.470856,272.274414,183.310455,-46.112911,356.959839,-50.483864,-46.940395,69.531799,14.021496,-54.885082,83.054291,655.115540,-9.862720
95,0.475000,105.252327,263.147095,-49.436119,225.884537,-260.372986,-50.457478,43.153584,-303.073547,-51.001762,-127.034157,-222.160797,-54.513962,-209.444931,12.923177,-54.351849,-127.309395,181.862549,-53.470921,272.278992,183.309921,-46.113400,356.961121,-50.478443,-46.934254,69.531586,14.019406,-54.888065,83.051247,655.109985,-9.872059
96,0.480000,105.257057,263.148132,-49.442448,225.877243,-260.378143,-50.457924,43.153725,-303.070007,-51.000751,-127.035797,-222.160385,-54.519115,-209.442825,12.922438,-54.357162,-127.310631,181.856750,-53.472618,272.276428,183.308914,-46.113628,356.963043,-50.480110,-46.942078,69.531227,14.019615,-54.890045,83.049065,655.113281,-9.872549
97,0.485000,105.256844,263.149933,-49.437748,225.879395,-260.380951,-50.473644,43.155499,-303.075684,-51.000832,-127.039429,-222.158707,-54.512520,-209.441803,12.920870,-54.352768,-127.317650,181.863586,-53.476398,272.276611,183.310516,-46.116451,356.959717,-50.479641,-46.938686,69.531570,14.026892,-54.877392,83.051521,655.116943,-9.870655
98,0.490000,105.258423,263.150635,-49.438118,225.882584,-260.375702,-50.455650,43.159340,-303.075287,-51.003094,-127.037018,-222.150879,-54.515816,-209.442429,12.925316,-54.351295,-127.314224,181.860748,-53.477432,272.275940,183.306274,-46.119492,356.960724,-50.480385,-46.943779,69.534492,14.020453,-54.889381,83.046402,655.112732,-9.870586
99,0.495000,105.262337,263.145172,-49.434288,225.880112,-260.375732,-50.464870,43.152336,-303.078033,-51.000549,-127.040817,-222.160934,-54.519650,-209.445786,12.920353,-54.354439,-127.313141,181.863205,-53.469482,272.276306,183.311157,-46.115376,356.963470,-50.482899,-46.949432,69.533539,14.018815,-54.887566,83.046280,655.112854,-9.874263
100,0.500000,105.253822,263.146454,-49.437538,225.880447,-260.375732,-50.467850,43.156212,-303.075348,-50.999859,-127.035957,-222.162888,-54.516891,-209.444687,12.919083,-54.357258,-127.317665,181.863586,-53.478256,272.278687,183.308914,-46.116711,356.967377,-50.484024,-46.947891,69.528366,14.016497,-54.886238,83.049591,655.114502,-9.866675
101,0.505000,105.253616,263.145294,-49.434326,225.877365,-260.371307,-50.463406,43.154633,-303.077209,-51.006107,-127.041832,-222.159210,-54.516003,-209.439987,12.924422,-54.349407,-127.323997,181.860733,-53.476021,272.273987,183.310806,-46.117512,356.963074,-50.477264,-46.944916,69.535149,14.019830,-54.886192,83.050697,655.116516,-9.874644
102,0.510000,105.257927,263.145447,-49.437244,225.879166,-260.375153,-50.464531,43.159580,-303.075867,-51.002171,-127.037331,-222.158905,-54.514439,-209.443878,12.923519,-54.348156,-127.313644,181.862671,-53.484268,272.278717,183.304962,-46.117867,356.958954,-50.484810,-46.941692,69.530098,14.019206,-54.880283,83.049683,655.113525,-9.872856
103,0.515000,105.251472,263.149902,-49.441689,225.879959,-260.372162,-50.470528,43.156315,-303.075623,-51.004513,-127.038223,-222.156967,-54.514271,-209.440338,12.925961,-54.360291,-127.315117,181.862671,-53.481400,272.275513,183.308792,-46.115009,356.965515,-50.476044,-46.937489,69.536438,14.021860,-54.882446,83.050041,655.114929,-9.872623
104,0.520000,105.257004,263.147278,-49.440552,225.874283,-260.372009,-50.458195,43.153877,-303.080200,-51.006023,-127.040192,-222.159943,-54.515003,-209.447357,12.924321,-54.350639,-127.318947,181.859116,-53.478256,272.279297,183.307907,-46.112587,356.962280,-50.481247,-46.945377,69.532928,14.022297,-54.885464,83.048767,655.110718,-9.870986
105,0.525000,105.260818,263.144318,-49.438404,225.876648,-260.376526,-50.460094,43.160992,-303.070618,-51.001183,-127.039787,-222.159714,-54.507294,-209.443848,12.922985,-54.344357,-127.317879,181.861420,-53.477806,272.277191,183.304565,-46.116673,356.957306,-50.480133,-46.940762,69.531998,14.024601,-54.876534,83.050087,655.112549,-9.869778
106,0.530000,,,,,,,,,,,,,,,,,,,,,,,,,,,,,,
107,0.535000,105.257088,263.148804,-49.443962,225.876175,-260.374115,-50.458473,43.157043,-303.074585,-51.002441,-127.037750,-222.159882,-54.511593,-209.440826,12.925985,-54.349995,-127.312485,181.862488,-53.467129,272.277374,183.309143,-46.114395,356.957672,-50.479183,-46.943314,69.530945,14.018039,-54.888168,83.048393,655.113708,-9.872459
108,0.540000,105.258247,263.148834,-49.433491,225.880966,-260.373016,-50.461170,43.155102,-303.074158,-50.992195,-127.037468,-222.158096,-54.518288,-209.436279,12.924055,-54.358406,-127.318428,181.859177,-53.468296,272.281189,183.308960,-46.118450,356.960999,-50.481243,-46.938408,69.537544,14.023372,-54.885662,83.049599,655.110779,-9.867101
109,0.545000,105.254181,263.146210,-49.441509,225.882416,-260.374603,-50.462528,43.157265,-303.074554,-50.994942,-127.036247,-222.161148,-54.508846,-209.443802,12.927497,-54.346500,-127.315742,181.854736,-53.477257,272.277771,183.306885,-46.105595,356.961670,-50.478745,-46.945194,69.535889,14.026443,-54.883881,83.049492,655.112732,-9.865781
110,0.550000,105.257988,263.147339,-49.439514,225.880890,-260.379730,-50.464966,43.164108,-303.073944,-50.994297,-127.042351,-222.154617,-54.508427,-209.442276,12.920333,-54.350014,-127.312378,181.861130,-53.471607,272.278900,183.306000,-46.115562,356.960266,-50.483467,-46.940727,69.534279,14.025122,-54.883301,83.051323,655.110901,-9.875898
111,0.555000,105.257950,263.147064,-49.434406,225.877518,-260.377594,-50.466743,43.160892,-303.074677,-51.003330,-127.038818,-222.159470,-54.514553,-209.443085,12.923975,-54.346481,-127.318993,181.866882,-53.472015,272.281067,183.311462,-46.116070,356.963135,-50.484520,-46.943836,69.533844,14.023491,-54.877357,83.049156,655.111267,-9.867752
112,0.560000,105.252411,263.146393,-49.440056,225.875778,-260.373047,-50.464439,43.159626,-303.069183,-51.000633,-127.040863,-222.160065,-54.515606,-209.445511,12.924654,-54.354771,-127.316864,181.863190,-53.478050,272.272949,183.311127,-46.114799,356.965729,-50.479328,-46.934597,69.527405,14.022820,-54.882137,83.044235,655.115662,-9.868327
113,0.565000,105.256485,263.143280,-49.435593,225.886200,-260.371063,-50.456905,43.156734,-303.072754,-51.008492,-127.036423,-222.155029,-54.521389,-209.445602,12.915448,-54.353207,-127.313408,181.862976,-53.478142,272.273376,183.302551,-46.115814,356.965881,-50.483677,-46.937927,69.540184,14.019652,-54.874256,83.049141,655.114502,-9.871865
114,0.570000,105.255920,263.142731,-49.439091,225.880798,-260.376831,-50.459412,43.150948,-303.076599,-51.003853,-127.039177,-222.156204,-54.521473,-209.442459,12.918826,-54.343269,-127.315804,181.860443,-53.480770,272.279541,183.308212,-46.118694,356.963074,-50.480984,-46.933777,69.530014,14.016138,-54.891388,83.049866,655.115234,-9.868001
115,0.575000,105.253578,263.147766,-49.436375,225.882370,-260.374390,-50.461861,43.155891,-303.075653,-51.000336,-127.037361,-222.163574,-54.518517,-209.441422,12.921836,-54.343742,-127.319458,181.860748,-53.474831,272.278168,183.313431,-46.117725,356.966705,-50.483925,-46.941334,69.533539,14.019549,-54.888340,83.049667,655.112976,-9.866217
116,0.580000,105.255745,263.149353,-49.433823,225.880081,-260.376312,-50.460178,43.153793,-303.077240,-51.001575,-127.036255,-222.157211,-54.522320,-209.445007,12.920205,-54.353390,-127.313721,181.859894,-53.474903,272.282135,183.309387,-46.124775,356.959259,-50.479328,-46.938496,69.534271,14.020267,-54.887005,83.049545,655.111938,-9.869057
117,0.585000,105.258270,263.146851,-49.436924,225.880295,-260.372833,-50.466404,43.150459,-303.071289,-51.001045,-127.033737,-222.159470,-54.520279,-209.444229,12.925916,-54.353191,-127.313675,181.857178,-53.476681,272.282623,183.307312,-46.121521,356.959381,-50.484905,-46.942333,69.532608,14.020541,-54.896633,83.051346,655.115417,-9.865684
118,0.590000,105.259148,263.149902,-49.438496,225.879807,-260.373352,-50.464348,43.162434,-303.075653,-50.999893,-127.042366,-222.155899,-54.512634,-209.446503,12.923771,-54.356358,-127.318428,181.863144,-53.481152,272.282990,183.310623,-46.110619,356.965698,-50.484322,-46.946003,69.530022,14.020017,-54.885990,83.056625,655.112488,-9.864770
119,0.595000,105.256752,263.147400,-49.439186,225.881683,-260.375000,-50.457832,43.158695,-303.073975,-50.998611,-127.040909,-222.154037,-54.509857,-209.441727,12.920826,-54.347813,-127.321022,181.861816,-53.469532,272.278320,183.313934,-46.111580,356.956848,-50.484379,-46.946545,69.533653,14.024645,-54.884430,83.046967,655.114075,-9.868572
120,0.600000,105.258064,263.144470,-49.436672,225.880676,-260.368866,-50.460606,43.159790,-303.071014,-51.001820,-127.038803,-222.157852,-54.516247,-209.444321,12.925714,-54.348042,-127.321480,181.861816,-53.482037,272.279938,183.307083,-46.116924,356.961945,-50.478901,-46.941223,69.530212,14.025090,-54.886292,83.046768,655.114868,-9.875214
121,0.605000,105.258278,263.144012,-49.440067,225.882584,-260.375763,-50.461243,43.158047,-303.073181,-50.998734,-127.039803,-222.158768,-54.517597,-209.449921,12.920778,-54.348328,-127.312851,181.866257,-53.478695,272.278992,183.309540,-46.112385,356.964600,-50.483257,-46.939362,69.531555,14.017435,-54.890045,83.053047,655.115234,-9.867448
122,0.610000,105.257538,263.146240,-49.437290,225.880234,-260.379913,-50.461018,43.158043,-303.075470,-51.000214,-127.036247,-222.157227,-54.504086,-209.445389,12.925212,-54.343784,-127.317833,181.855270,-53.477703,272.279480,183.310410,-46.115318,356.959595,-50.481678,-46.941101,69.534172,14.020147,-54.885571,83.045303,655.114868,-9.870169
123,0.615000,105.258232,263.148926,-49.433945,225.880600,-260.373322,-50.457809,43.159611,-303.073364,-50.998154,-127.040268,-222.161041,-54.516380,-209.444092,12.922661,-54.353878,-127.318634,181.858643,-53.473312,272.271820,183.312103,-46.116211,356.959015,-50.481129,-46.948891,69.534164,14.020334,-54.881870,83.049934,655.114502,-9.868095
124,0.620000,105.257210,263.147888,-49.437428,225.881042,-260.377686,-50.458797,43.154140,-303.073944,-50.999027,-127.039146,-222.154251,-54.510887,-209.446289,12.921567,-54.357410,-127.309959,181.863953,-53.469124,272.277832,183.312607,-46.118816,356.960327,-50.477169,-46.942429,69.528427,14.022182,-54.889801,83.046890,655.116272,-9.867242
125,0.625000,105.263351,263.150024,-49.437199,225.878281,-260.376007,-50.465698,43.158600,-303.075958,-50.999878,-127.039772,-222.158081,-54.517597,-209.444260,12.922589,-54.348854,-127.316460,181.863541,-53.475632,272.281006,183.310028,-46.116169,356.962219,-50.484592,-46.944431,69.526070,14.021002,-54.879677,83.048798,655.116211,-9.871871
126,0.630000,105.255836,263.143463,-49.438049,225.877441,-260.373932,-50.463757,43.153095,-303.077423,-50.996685,-127.039444,-222.154938,-54.514114,-209.438889,12.922198,-54.356464,-127.314568,181.858963,-53.472378,272.278198,183.309021,-46.111465,356.959473,-50.482491,-46.944901,69.532478,14.015110,-54.886494,83.052032,655.110962,-9.868681
127,0.635000,105.260536,263.148376,-49.428345,225.874817,-260.371613,-50.469780,43.163712,-303.075867,-50.999794,-127.034737,-222.155838,-54.515362,-209.445587,12.922622,-54.348076,-127.316925,181.858093,-53.464912,272.276978,183.306625,-46.115337,356.968567,-50.480499,-46.943527,69.532135,14.020654,-54.893345,83.048538,655.113892,-9.867132
128,0.640000,105.255310,263.144104,-49.437645,225.876984,-260.372284,-50.471180,43.157970,-303.076996,-51.002682,-127.038597,-222.162308,-54.514664,-209.445709,12.921936,-54.353767,-127.311897,181.866821,-53.473080,272.273621,183.315475,-46.118782,356.962860,-50.477905,-46.940308,69.526726,14.024263,-54.881256,83.050629,655.112793,-9.868489
129,0.645000,105.258125,263.149597,-49.436710,225.877548,-260.379547,-50.459175,43.157043,-303.076904,-51.000572,-127.037842,-222.157684,-54.516373,-209.439117,12.917485,-54.353901,-127.320793,181.859909,-53.474178,272.275665,183.312088,-46.130039,356.959900,-50.480549,-46.951492,69.534981,14.027222,-54.883713,83.050194,655.112244,-9.865735
130,0.650000,105.256577,263.148254,-49.435101,225.881577,-260.374939,-50.464237,43.154907,-303.076630,-51.002953,-127.037582,-222.152573,-54.512394,-209.446167,12.921854,-54.340115,-127.314331,181.858963,-53.466881,272.281219,183.314667,-46.116814,356.962891,-50.480072,-46.943890,69.538071,14.020997,-54.886822,83.048409,655.114502,-9.867612
131,0.655000,105.258080,263.144623,-49.436546,225.882492,-260.372253,-50.467106,43.156132,-303.071503,-50.993092,-127.036842,-222.158936,-54.517658,-209.439072,12.921958,-54.349415,-127.316254,181.860611,-53.477268,272.279236,183.312515,-46.120945,356.959595,-50.480312,-46.942032,69.529884,14.018020,-54.882305,83.054039,655.110962,-9.873900
132,0.660000,105.258415,263.146240,-49.439575,225.880234,-260.376312,-50.463894,43.156837,-303.075195,-51.000828,-127.038162,-222.160828,-54.515884,-209.447540,12.919511,-54.358765,-127.317726,181.861221,-53.482502,272.276001,183.306198,-46.113731,356.961182,-50.476925,-46.942810,69.530632,14.024703,-54.885410,83.050285,655.110657,-9.865180
133,0.665000,105.256035,263.144531,-49.439793,225.881744,-260.374451,-50.455975,43.158211,-303.076782,-51.001633,-127.035019,-222.157791,-54.520271,-209.446396,12.922674,-54.348701,-127.319351,181.865555,-53.481369,272.277252,183.308090,-46.117554,356.961060,-50.481182,-46.934940,69.528221,14.022583,-54.888245,83.051132,655.116699,-9.864578
134,0.670000,105.259254,263.148224,-49.430664,225.874817,-260.372192,-50.462410,43.157223,-303.080353,-51.006977,-127.042305,-222.159012,-54.519470,-209.441177,12.922760,-54.347538,-127.317902,181.860687,-53.472637,272.278595,183.306854,-46.119820,356.958527,-50.478390,-46.942616,69.528885,14.021043,-54.889507,83.054893,655.109619,-9.872370
135,0.675000,105.255287,263.150757,-49.436096,225.878418,-260.375641,-50.459686,43.155949,-303.074554,-50.995983,-127.043602,-222.157364,-54.515827,-209.439499,12.921949,-54.351349,-127.313614,181.863281,-53.480370,272.276703,183.309464,-46.115475,356.964417,-50.483719,-46.942375,69.535110,14.019036,-54.885689,83.046829,655.112854,-9.875398
136,0.680000,105.257568,263.148254,-49.435173,225.877548,-260.372864,-50.459152,43.151588,-303.073090,-51.000900,-127.040848,-222.153656,-54.514786,-209.442215,12.923857,-54.348991,-127.316666,181.859009,-53.478214,272.282349,183.307831,-46.108509,356.961731,-50.483471,-46.945312,69.533791,14.022907,-54.880890,83.050858,655.113220,-9.870420
137,0.685000,105.251373,263.146423,-49.431065,225.879364,-260.372589,-50.464294,43.151245,-303.079468,-51.001331,-127.039062,-222.157776,-54.512085,-209.442383,12.919507,-54.345879,-127.317253,181.863617,-53.475861,272.281006,183.305450,-46.120369,356.961823,-50.482704,-46.948856,69.536079,14.018814,-54.888180,83.048996,655.114563,-9.870887
138,0.690000,105.257507,263.148376,-49.442562,225.884964,-260.374878,-50.457760,43.159466,-303.075195,-51.009682,-127.040146,-222.155548,-54.512398,-209.446579,12.924192,-54.350246,-127.316414,181.857483,-53.485348,272.274658,183.304916,-46.114895,356.959595,-50.481678,-46.954266,69.536522,14.022125,-54.887997,83.051712,655.115601,-9.872446
139,0.695000,105.261238,263.149170,-49.438049,225.882843,-260.375916,-50.456779,43.156689,-303.077759,-51.000565,-127.041351,-222.159088,-54.516426,-209.443924,12.922322,-54.350586,-127.313736,181.859924,-53.483498,272.277618,183.304642,-46.108128,356.962738,-50.479210,-46.945377,69.533401,14.019850,-54.881523,83.048622,655.112000,-9.866390
140,0.700000,105.258949,263.143555,-49.434967,225.877060,-260.373596,-50.458172,43.157494,-303.070343,-51.000263,-127.037064,-222.157974,-54.503372,-209.443909,12.924261,-54.344791,-127.313095,181.862000,-53.476936,272.275909,183.310257,-46.107121,356.962891,-50.483604,-46.936054,69.531776,14.025987,-54.880672,83.047684,655.112427,-9.868845
141,0.705000,105.252373,263.150085,-49.443726,225.881302,-260.377472,-50.456177,43.153934,-303.073486,-51.006512,-127.036613,-222.157379,-54.505650,-209.443771,12.923182,-54.355995,-127.316055,181.862320,-53.475372,272.279541,183.307236,-46.122707,356.963684,-50.479271,-46.940468,69.536537,14.019678,-54.891804,83.045998,655.115479,-9.876800
142,0.710000,105.261192,263.147614,-49.441925,225.882401,-260.376312,-50.457779,43.155682,-303.074432,-50.999245,-127.041519,-222.160233,-54.518303,-209.441956,12.921107,-54.362503,-127.317207,181.861389,-53.472767,272.277588,183.308701,-46.121891,356.959106,-50.477432,-46.943211,69.532883,14.025674,-54.879288,83.053741,655.113281,-9.872799
143,0.715000,105.256721,263.148865,-49.443268,225.877563,-260.376404,-50.464119,43.161030,-303.075867,-50.999752,-127.042610,-222.157700,-54.516602,-209.446609,12.926679,-54.346157,-127.321289,181.859650,-53.468620,272.276733,183.308334,-46.111843,356.963379,-50.479950,-46.943607,69.533676,14.026171,-54.880829,83.047646,655.116028,-9.871346
144,0.720000,105.256645,263.145630,-49.434402,225.880478,-260.376190,-50.468674,43.156239,-303.069702,-50.999287,-127.045395,-222.154602,-54.509552,-209.444031,12.915329,-54.348141,-127.318192,181.860229,-53.478455,272.276978,183.308868,-46.112049,356.964539,-50.481064,-46.948502,69.535545,14.021242,-54.880810,83.051414,655.114929,-9.869747
145,0.725000,105.256279,263.146118,-49.430927,225.876633,-260.375397,-50.472446,43.157112,-303.076508,-51.000668,-127.035591,-222.151627,-54.511108,-209.444443,12.921960,-54.350693,-127.315475,181.861633,-53.469727,272.279114,183.307724,-46.118874,356.964417,-50.481239,-46.944893,69.537834,14.020905,-54.886189,83.050560,655.113403,-9.870070
146,0.730000,105.254272,263.144470,-49.438686,225.879120,-260.374634,-50.458603,43.158382,-303.072937,-51.006371,-127.039749,-222.159378,-54.512810,-209.441666,12.922959,-54.347721,-127.316940,181.860184,-53.469131,272.278839,183.306839,-46.115238,356.957550,-50.478210,-46.939964,69.532387,14.020501,-54.886208,83.049423,655.113159,-9.866364
147,0.735000,105.253220,263.145386,-49.435318,225.872482,-260.381805,-50.465183,43.155907,-303.074738,-50.995228,-127.040031,-222.154358,-54.512428,-209.442169,12.921092,-54.349663,-127.314163,181.864029,-53.466877,272.277924,183.305359,-46.117157,356.962585,-50.481003,-46.937862,69.531204,14.023566,-54.883720,83.048294,655.115112,-9.872766
148,0.740000,105.252335,263.145691,-49.443302,225.884109,-260.369873,-50.456570,43.158459,-303.070251,-51.001167,-127.039116,-222.160217,-54.517754,-209.441833,12.926083,-54.348034,-127.314972,181.862259,-53.476826,272.277710,183.306824,-46.110321,356.959869,-50.483692,-46.945217,69.527924,14.015787,-54.885880,83.049370,655.114319,-9.877359
149,0.745000,105.254143,263.147369,-49.446712,225.874924,-260.372467,-50.463772,43.154636,-303.077911,-51.000259,-127.036079,-222.155823,-54.512844,-209.444733,12.923606,-54.344601,-127.311127,181.859970,-53.475101,272.278046,183.309128,-46.111374,356.961426,-50.484463,-46.943199,69.537285,14.017852,-54.888248,83.051170,655.112671,-9.870885
150,0.750000,105.255859,263.145966,-49.435440,225.882507,-260.371796,-50.459106,43.156288,-303.074829,-51.002415,-127.035828,-222.156555,-54.512981,-209.445007,12.924779,-54.351151,-127.312798,181.856018,-53.471733,272.278351,183.306168,-46.112984,356.962921,-50.482742,-46.947021,69.534966,14.018765,-54.889473,83.050415,655.116699,-9.870088
151,0.755000,105.258408,263.148071,-49.439945,225.879593,-260.378448,-50.469006,43.154026,-303.076538,-51.000107,-127.040344,-222.159515,-54.514919,-209.443771,12.921494,-54.346798,-127.315941,181.859940,-53.480160,272.276550,183.310364,-46.105804,356.963013,-50.480881,-46.942936,69.533081,14.015579,-54.888203,83.046082,655.113159,-9.876334
152,0.760000,105.260269,263.143005,-49.440350,225.876160,-260.368134,-50.457859,43.154068,-303.069885,-50.996498,-127.041664,-222.156464,-54.511791,-209.445984,12.919044,-54.352997,-127.314705,181.860641,-53.470066,272.275024,183.308289,-46.109535,356.965698,-50.478237,-46.939140,69.530037,14.017931,-54.884117,83.049370,655.113098,-9.876823
153,0.765000,105.259644,263.144928,-49.442223,225.878220,-260.374634,-50.464130,43.157925,-303.075684,-50.998615,-127.034737,-222.158081,-54.508690,-209.449112,12.923446,-54.351448,-127.314728,181.861099,-53.469902,272.283600,183.305893,-46.120655,356.961609,-50.483803,-46.944603,69.538521,14.022095,-54.885830,83.050171,655.111450,-9.869516
154,0.770000,105.258842,263.147461,-49.437157,225.876419,-260.375824,-50.459946,43.158611,-303.075928,-51.008598,-127.040459,-222.158463,-54.510708,-209.443939,12.924103,-54.342972,-127.315414,181.857681,-53.480591,272.280182,183.302429,-46.121235,356.960388,-50.480827,-46.940014,69.536453,14.016299,-54.888046,83.050377,655.112610,-9.869681
155,0.775000,105.257088,263.144928,-49.433086,225.879730,-260.374908,-50.454147,43.160160,-303.076477,-50.999260,-127.035278,-222.156586,-54.507793,-209.441788,12.918316,-54.349464,-127.313522,181.858047,-53.473721,272.278717,183.312149,-46.112450,356.960022,-50.481953,-46.940929,69.533112,14.020016,-54.879818,83.052505,655.110352,-9.869827
156,0.780000,105.259163,263.151886,-49.440777,225.878052,-260.374756,-50.462551,43.157166,-303.073395,-51.001308,-127.040192,-222.161575,-54.512951,-209.447266,12.924874,-54.354362,-127.315788,181.860031,-53.481014,272.276001,183.310547,-46.108452,356.959991,-50.479374,-46.945938,69.530617,14.022256,-54.879883,83.048462,655.109802,-9.866637
157,0.785000,105.259537,263.146912,-49.445251,225.879181,-260.375854,-50.460968,43.151794,-303.077362,-51.000187,-127.043915,-222.157471,-54.516556,-209.442993,12.923452,-54.349098,-127.313927,181.863327,-53.473419,272.279602,183.306671,-46.114388,356.964905,-50.482464,-46.941921,69.534142,14.023488,-54.889160,83.047676,655.112671,-9.865606
158,0.790000,105.254745,263.148468,-49.442410,225.879272,-260.371246,-50.453465,43.157650,-303.077637,-51.007732,-127.039330,-222.160980,-54.511551,-209.442581,12.930396,-54.345078,-127.313972,181.859787,-53.471962,272.281525,183.309265,-46.114033,356.961975,-50.480259,-46.937469,69.531052,14.029260,-54.879715,83.056931,655.112610,-9.870255
159,0.795000,105.256569,263.149475,-49.438282,225.883911,-260.370880,-50.452930,43.160084,-303.071655,-50.996250,-127.037270,-222.160583,-54.514835,-209.442764,12.917621,-54.351112,-127.319710,181.862366,-53.474354,272.278076,183.307800,-46.119862,356.962067,-50.481018,-46.937931,69.540428,14.029592,-54.885151,83.047897,655.114624,-9.871298
160,0.800000,105.259209,263.149597,-49.435013,225.883163,-260.377014,-50.455387,43.158367,-303.076263,-50.997108,-127.040390,-222.159439,-54.515430,-209.444885,12.918123,-54.346146,-127.322044,181.860001,-53.475700,272.273468,183.310272,-46.111694,356.961304,-50.483322,-46.943375,69.532310,14.019897,-54.881737,83.051003,655.114197,-9.868653
161,0.805000,105.253563,263.148926,-49.444286,225.880615,-260.375549,-50.455677,43.152313,-303.078217,-50.998722,-127.040672,-222.161011,-54.516735,-209.444473,12.922135,-54.360981,-127.314362,181.864761,-53.483265,272.281647,183.308914,-46.115704,356.960938,-50.484055,-46.946400,69.531288,14.021226,-54.889248,83.053398,655.113403,-9.869179
162,0.810000,105.259033,263.146576,-49.438805,225.875610,-260.373047,-50.462646,43.151680,-303.075256,-51.000000,-127.040863,-222.157654,-54.511845,-209.444778,12.916129,-54.354984,-127.319321,181.860428,-53.478699,272.284271,183.311096,-46.116467,356.962463,-50.479740,-46.938202,69.531815,14.018391,-54.884800,83.049278,655.112549,-9.870077
163,0.815000,105.253670,263.149261,-49.443348,225.875961,-260.373596,-50.467407,43.152210,-303.072510,-51.001144,-127.038795,-222.157181,-54.519531,-209.444138,12.924517,-54.356319,-127.315254,181.862778,-53.475788,272.279266,183.307327,-46.114155,356.967651,-50.485218,-46.945259,69.530365,14.024003,-54.877125,83.049644,655.114075,-9.866601
164,0.820000,105.251488,263.148865,-49.433643,225.873520,-260.377960,-50.468822,43.162434,-303.074341,-51.010960,-127.036156,-222.159515,-54.510269,-209.444000,12.925564,-54.345566,-127.313019,181.860886,-53.477028,272.278351,183.305313,-46.113731,356.966614,-50.478706,-46.944130,69.538811,14.018166,-54.889709,83.049423,655.110413,-9.867168
165,0.825000,105.255257,263.143646,-49.440521,225.879379,-260.373505,-50.461311,43.156124,-303.071198,-50.998970,-127.040413,-222.157867,-54.511124,-209.446533,12.919701,-54.354275,-127.316864,181.859711,-53.478203,272.279541,183.304276,-46.117149,356.959564,-50.483238,-46.941391,69.535675,14.019492,-54.878677,83.051720,655.112122,-9.866361
166,0.830000,105.257690,263.145111,-49.437801,225.881912,-260.375793,-50.459846,43.149426,-303.072571,-50.999538,-127.038139,-222.164200,-54.517460,-209.445450,12.922353,-54.344341,-127.313766,181.859482,-53.476151,272.272705,183.311493,-46.112743,356.958221,-50.481167,-46.940598,69.537392,14.017493,-54.885338,83.051910,655.118958,-9.870998
167,0.835000,105.254807,263.148407,-49.438244,225.878815,-260.376343,-50.461418,43.151947,-303.074066,-51.008854,-127.038689,-222.158234,-54.514832,-209.441284,12.920707,-54.356415,-127.315445,181.860931,-53.471951,272.277985,183.303879,-46.111435,356.959167,-50.478947,-46.937050,69.533005,14.017282,-54.894821,83.053635,655.110413,-9.868526
168,0.840000,105.257675,263.146027,-49.444145,225.880569,-260.383484,-50.466583,43.157883,-303.075714,-50.998291,-127.035934,-222.158142,-54.515652,-209.442596,12.922797,-54.352295,-127.321007,181.862854,-53.473797,272.281097,183.307449,-46.113369,356.959717,-50.479733,-46.942749,69.536201,14.019835,-54.886333,83.050316,655.110718,-9.868088
169,0.845000,105.250305,263.146088,-49.434063,225.879166,-260.383636,-50.464153,43.160957,-303.073334,-51.000450,-127.038483,-222.154510,-54.506844,-209.441574,12.920353,-54.345699,-127.317696,181.859726,-53.476692,272.275665,183.305573,-46.117420,356.966370,-50.479767,-46.940979,69.533699,14.017632,-54.882729,83.048981,655.113831,-9.870818
170,0.850000,105.256378,263.145142,-49.436012,225.880600,-260.377289,-50.465843,43.157925,-303.071320,-51.000061,-127.044212,-222.159454,-54.508850,-209.441666,12.922542,-54.346432,-127.318947,181.864563,-53.469467,272.277252,183.304031,-46.114330,356.965485,-50.479149,-46.944206,69.538338,14.024324,-54.876759,83.053032,655.110291,-9.867561
171,0.855000,105.257278,263.146240,-49.441643,225.880081,-260.373657,-50.456188,43.161572,-303.073364,-51.004189,-127.038689,-222.159348,-54.514523,-209.449417,12.922464,-54.352310,-127.319870,181.855240,-53.475330,272.275360,183.305679,-46.113979,356.963043,-50.482552,-46.941895,69.529137,14.017573,-54.884335,83.052254,655.115417,-9.869628
172,0.860000,105.258179,263.148346,-49.432724,225.880325,-260.374420,-50.461781,43.152290,-303.075073,-51.001598,-127.038063,-222.155304,-54.509987,-209.444839,12.921882,-54.354786,-127.320084,181.862473,-53.476501,272.276245,183.310654,-46.111786,356.959320,-50.480072,-46.936874,69.537125,14.021158,-54.889824,83.053276,655.114197,-9.870850
173,0.865000,105.255104,263.146515,-49.443630,225.880554,-260.373230,-50.470093,43.155846,-303.072662,-50.999207,-127.042534,-222.159058,-54.516132,-209.448227,12.924139,-54.350857,-127.317993,181.857590,-53.471771,272.281097,183.310562,-46.120510,356.958374,-50.481003,-46.945034,69.532356,14.022139,-54.888016,83.050034,655.110779,-9.867215
174,0.870000,105.260162,263.145966,-49.441185,225.877365,-260.379028,-50.462601,43.156456,-303.074371,-50.989799,-127.039406,-222.156265,-54.510422,-209.443710,12.922945,-54.345417,-127.316101,181.861740,-53.470730,272.277863,183.310272,-46.114670,356.963562,-50.480709,-46.943844,69.537613,14.020489,-54.885197,83.050034,655.114868,-9.871138
175,0.875000,105.258530,263.148407,-49.439499,225.881027,-260.373413,-50.456650,43.160419,-303.073975,-51.000187,-127.037468,-222.154617,-54.509674,-209.446045,12.921262,-54.345642,-127.313896,181.858368,-53.474682,272.278351,183.308884,-46.110401,356.962006,-50.475292,-46.942547,69.537651,14.020815,-54.887009,83.049461,655.108032,-9.868871
176,0.880000,105.253036,263.149750,-49.438980,225.882706,-260.370850,-50.466499,43.158501,-303.073090,-51.000225,-127.039238,-222.159058,-54.519657,-209.441162,12.924094,-54.353447,-127.316536,181.859924,-53.474483,272.279694,183.307678,-46.118206,356.958374,-50.480618,-46.942841,69.535278,14.020201,-54.888256,83.048660,655.113037,-9.870303
177,0.885000,105.258629,263.149323,-49.435192,225.878693,-260.370300,-50.460449,43.152893,-303.077423,-51.000160,-127.036049,-222.157791,-54.517345,-209.445450,12.922579,-54.355938,-127.318192,181.861420,-53.476494,272.275116,183.307480,-46.116482,356.966888,-50.475761,-46.936897,69.538277,14.018070,-54.888012,83.048630,655.109985,-9.870161
178,0.890000,105.254814,263.146515,-49.438240,225.883514,-260.369202,-50.459030,43.155243,-303.072388,-51.005520,-127.045380,-222.160812,-54.521778,-209.449005,12.920372,-54.345203,-127.321526,181.861572,-53.479935,272.279114,183.306580,-46.114170,356.962799,-50.478935,-46.946255,69.536522,14.022570,-54.887119,83.048553,655.115784,-9.868746
179,0.895000,105.260696,263.146515,-49.439854,225.879990,-260.376038,-50.464535,43.155853,-303.073883,-50.999775,-127.041176,-222.161911,-54.517857,-209.445236,12.921110,-54.348660,-127.318260,181.865616,-53.466824,272.275024,183.310074,-46.112629,356.968201,-50.477325,-46.944420,69.538750,14.021124,-54.888725,83.047165,655.113220,-9.873671
180,0.900000,105.256760,263.145905,-49.435719,225.882294,-260.373779,-50.464626,43.155621,-303.076416,-51.004967,-127.039444,-222.163696,-54.506123,-209.449417,12.923255,-54.354305,-127.319542,181.859131,-53.477039,272.273712,183.307220,-46.119892,356.969757,-50.482342,-46.945541,69.531380,14.021272,-54.880569,83.055939,655.113708,-9.868001
181,0.905000,105.252792,263.144379,-49.436710,225.875504,-260.377350,-50.476006,43.161442,-303.076721,-51.009800,-127.035934,-222.159866,-54.517776,-209.447647,12.923713,-54.352287,-127.319710,181.862549,-53.481976,272.277252,183.308517,-46.112125,356.961700,-50.484268,-46.938644,69.533211,14.023440,-54.884941,83.047821,655.111633,-9.865857
182,0.910000,105.259041,263.144440,-49.441540,225.875748,-260.374359,-50.459305,43.153286,-303.075653,-51.008614,-127.037422,-222.157669,-54.509708,-209.445801,12.925974,-54.352299,-127.313179,181.865128,-53.477509,272.277069,183.308105,-46.122444,356.963318,-50.481083,-46.937035,69.534325,14.021059,-54.882587,83.053391,655.113647,-9.871264
183,0.915000,105.255463,263.146088,-49.442093,225.880295,-260.371033,-50.462273,43.154114,-303.072998,-50.996525,-127.038109,-222.158707,-54.510307,-209.447006,12.920571,-54.345474,-127.317993,181.857605,-53.482544,272.280060,183.305481,-46.111305,356.959717,-50.481480,-46.945362,69.533188,14.020630,-54.887257,83.048798,655.115540,-9.868136
184,0.920000,105.255882,263.145874,-49.448040,225.883667,-260.373352,-50.461163,43.158020,-303.079834,-51.003742,-127.037361,-222.153320,-54.506077,-209.445221,12.921929,-54.355873,-127.320099,181.858200,-53.476082,272.279266,183.307236,-46.116837,356.963165,-50.477493,-46.940445,69.538795,14.025683,-54.889755,83.050079,655.112549,-9.868838
185,0.925000,105.259613,263.145355,-49.437252,225.884827,-260.372009,-50.459183,43.156471,-303.074646,-51.002430,-127.038284,-222.158508,-54.511768,-209.442459,12.926094,-54.346424,-127.314804,181.861420,-53.474319,272.281860,183.305832,-46.112591,356.965424,-50.478989,-46.942200,69.534698,14.019382,-54.885544,83.049629,655.112610,-9.869854
186,0.930000,105.257545,263.148376,-49.436146,225.873505,-260.369537,-50.459293,43.155312,-303.075500,-50.998589,-127.033936,-222.157471,-54.508041,-209.441910,12.925033,-54.346188,-127.317398,181.859116,-53.476032,272.279724,183.305801,-46.115765,356.964905,-50.481915,-46.938286,69.531555,14.018167,-54.884838,83.050804,655.108459,-9.866030
187,0.935000,105.258141,263.149597,-49.437710,225.882156,-260.374786,-50.459248,43.156029,-303.075867,-50.998829,-127.033409,-222.154938,-54.513275,-209.442093,12.918007,-54.354702,-127.321899,181.858307,-53.469761,272.276672,183.308182,-46.115284,356.958954,-50.480980,-46.951305,69.525368,14.022692,-54.889236,83.050377,655.113586,-9.868136
188,0.940000,105.253532,263.146332,-49.444702,225.879547,-260.376251,-50.463879,43.154354,-303.075073,-50.997562,-127.037170,-222.157394,-54.512966,-209.446411,12.924340,-54.351460,-127.315758,181.859451,-53.476162,272.280975,183.308929,-46.116055,356.961731,-50.478378,-46.944744,69.538101,14.022754,-54.883720,83.050316,655.114441,-9.871045
189,0.945000,105.260757,263.149750,-49.434322,225.876160,-260.372070,-50.464680,43.158028,-303.074036,-51.005859,-127.044289,-222.160736,-54.510914,-209.444824,12.920821,-54.353065,-127.314552,181.858887,-53.474396,272.275391,183.307648,-46.110165,356.961487,-50.473404,-46.941540,69.538109,14.023726,-54.881050,83.047073,655.112183,-9.870965
190,0.950000,105.257439,263.148071,-49.434578,225.880798,-260.371552,-50.458988,43.158905,-303.079865,-51.006138,-127.040565,-222.158478,-54.502796,-209.444778,12.923150,-54.347317,-127.315582,181.859039,-53.477600,272.281799,183.305267,-46.109901,356.965851,-50.474014,-46.933033,69.534561,14.020929,-54.879948,83.048027,655.115662,-9.874653
191,0.955000,105.257736,263.149445,-49.429420,225.879395,-260.375977,-50.462486,43.160030,-303.073700,-50.997948,-127.035378,-222.159042,-54.511551,-209.449081,12.923701,-54.348526,-127.315910,181.858276,-53.470764,272.279907,183.309402,-46.114979,356.962738,-50.483887,-46.935631,69.534851,14.025430,-54.888695,83.054375,655.113647,-9.867689
192,0.960000,105.256256,263.149109,-49.445648,225.881470,-260.375000,-50.462307,43.153339,-303.073700,-51.006969,-127.040268,-222.153732,-54.514751,-209.444366,12.921664,-54.351238,-127.317932,181.865067,-53.471497,272.280273,183.313980,-46.115101,356.957184,-50.480808,-46.938194,69.531021,14.024487,-54.883633,83.050049,655.110291,-9.877894
193,0.965000,105.255669,263.144501,-49.442841,225.880798,-260.375580,-50.461769,43.155312,-303.077209,-51.005058,-127.039131,-222.155350,-54.511032,-209.445221,12.922316,-54.358860,-127.315315,181.859055,-53.476002,272.280304,183.305862,-46.110695,356.963470,-50.484329,-46.944057,69.532433,14.022904,-54.883003,83.051247,655.115112,-9.874731
194,0.970000,105.252586,263.143005,-49.439610,225.880692,-260.373077,-50.461388,43.165123,-303.075073,-51.004581,-127.036659,-222.153183,-54.513123,-209.449249,12.919131,-54.353096,-127.313896,181.855270,-53.470985,272.278229,183.307281,-46.113323,356.959045,-50.482258,-46.942284,69.532051,14.018883,-54.889153,83.051491,655.112244,-9.867319
195,0.975000,105.254616,263.143555,-49.442490,225.878815,-260.372925,-50.464676,43.156849,-303.069611,-50.999378,-127.036095,-222.154785,-54.512165,-209.443054,12.923527,-54.342987,-127.318039,181.859985,-53.476006,272.286530,183.307663,-46.113182,356.963379,-50.482357,-46.950840,69.531822,14.016510,-54.879429,83.046593,655.112671,-9.868240
196,0.980000,105.250877,263.150269,-49.436333,225.888229,-260.372131,-50.451630,43.155716,-303.073639,-50.999355,-127.042725,-222.159286,-54.516590,-209.442841,12.916482,-54.345490,-127.317192,181.858688,-53.475510,272.278687,183.303314,-46.112808,356.962616,-50.480587,-46.935471,69.530563,14.019398,-54.892960,83.050354,655.111572,-9.869459
197,0.985000,105.255585,263.147217,-49.438469,225.881042,-260.379425,-50.461407,43.157211,-303.074554,-51.000877,-127.036156,-222.152328,-54.512684,-209.446609,12.924343,-54.350437,-127.317787,181.860733,-53.472809,272.279633,183.304947,-46.113167,356.963562,-50.481728,-46.939316,69.534691,14.021824,-54.886444,83.050133,655.114868,-9.870955
198,0.990000,105.257240,263.140930,-49.441196,225.877014,-260.374878,-50.459381,43.157864,-303.076141,-51.001778,-127.039925,-222.154861,-54.514503,-209.444977,12.918887,-54.351795,-127.322556,181.857269,-53.477600,272.277435,183.306900,-46.117054,356.960083,-50.478008,-46.947037,69.535736,14.023293,-54.885944,83.052490,655.114014,-9.870449
199,0.995000,105.259674,263.152924,-49.433369,225.880814,-260.376953,-50.466858,43.154984,-303.073822,-50.995171,-127.040642,-222.156174,-54.513058,-209.442261,12.921129,-54.353722,-127.318520,181.862015,-53.473877,272.279236,183.306320,-46.111832,356.961456,-50.477173,-46.943489,69.535568,14.020870,-54.881424,83.047295,655.110718,-9.872183
200,1.000000,105.261093,263.146881,-49.439358,225.875183,-260.382202,-50.468971,43.155098,-303.073151,-51.000664,-127.040688,-222.157913,-54.513638,-209.447189,12.923588,-54.349716,-127.313957,181.858612,-53.476601,272.283875,183.305206,-46.114830,356.960541,-50.482803,-46.935825,69.534378,14.021916,-54.880943,83.047974,655.110840,-9.866269
201,1.005000,105.256714,263.148926,-49.447136,225.882309,-260.374603,-50.458687,43.163013,-303.071686,-50.996857,-127.034157,-222.157837,-54.515247,-209.446152,12.923724,-54.351624,-127.313957,181.860092,-53.470737,272.283051,183.310120,-46.114925,356.957947,-50.478397,-46.944035,69.531418,14.025803,-54.878502,83.055481,655.116028,-9.869851
202,1.010000,105.256561,263.144714,-49.438496,225.874313,-260.376282,-50.462921,43.160465,-303.075806,-51.005131,-127.035736,-222.156204,-54.522099,-209.443756,12.922434,-54.350964,-127.319695,181.860855,-53.476112,272.277802,183.310135,-46.114410,356.960480,-50.478111,-46.936897,69.538612,14.023922,-54.884373,83.048477,655.114563,-9.872593
203,1.015000,105.260437,263.146942,-49.434925,225.878952,-260.364807,-50.457764,43.151302,-303.073090,-50.998562,-127.040085,-222.158386,-54.508942,-209.449188,12.920994,-54.355953,-127.318886,181.857635,-53.479179,272.280396,183.304550,-46.111607,356.959961,-50.479897,-46.946751,69.532242,14.023506,-54.882767,83.049782,655.110474,-9.873453
204,1.020000,105.262421,263.142273,-49.436005,225.878983,-260.371918,-50.462654,43.153175,-303.074524,-51.001072,-127.039627,-222.161652,-54.516254,-209.443207,12.927201,-54.354210,-127.318665,181.863159,-53.475143,272.278870,183.306244,-46.113888,356.962433,-50.479301,-46.935707,69.536400,14.017440,-54.886074,83.049316,655.113525,-9.868640
205,1.025000,105.259186,263.149109,-49.437531,225.877563,-260.380066,-50.467995,43.158810,-303.076569,-50.999191,-127.035545,-222.161346,-54.523113,-209.446976,12.923914,-54.355556,-127.312195,181.862061,-53.473640,272.275665,183.310730,-46.109863,356.961548,-50.478828,-46.941437,69.535759,14.021574,-54.886429,83.047897,655.112732,-9.869088
206,1.030000,105.257355,263.144806,-49.435307,225.879578,-260.375488,-50.453396,43.154610,-303.074402,-51.004585,-127.037567,-222.156174,-54.511539,-209.446289,12.923408,-54.348030,-127.312988,181.858154,-53.471207,272.282593,183.314285,-46.112942,356.962311,-50.480385,-46.939758,69.537766,14.025273,-54.882889,83.051781,655.117676,-9.877991
207,1.035000,105.253998,263.142975,-49.435497,225.875626,-260.379272,-50.463348,43.158382,-303.075378,-51.003166,-127.036346,-222.160629,-54.505943,-209.441162,12.922676,-54.349434,-127.311409,181.864624,-53.478867,272.280914,183.309296,-46.120651,356.961334,-50.476353,-46.939304,69.533676,14.025114,-54.884937,83.050247,655.114502,-9.875564
208,1.040000,105.255989,263.146759,-49.435383,225.878967,-260.376617,-50.456188,43.159920,-303.075134,-51.008133,-127.044289,-222.157349,-54.515034,-209.443100,12.920549,-54.355080,-127.319145,181.860458,-53.477676,272.276825,183.309082,-46.116043,356.957764,-50.483696,-46.936546,69.532364,14.020561,-54.879868,83.050888,655.110718,-9.870792
209,1.045000,105.257591,263.155487,-49.439743,225.880417,-260.371704,-50.465530,43.153790,-303.074799,-51.001877,-127.043350,-222.156006,-54.519165,-209.448654,12.922341,-54.353172,-127.315460,181.858826,-53.470432,272.279694,183.308456,-46.112297,356.966248,-50.479279,-46.940216,69.540192,14.021546,-54.882103,83.047539,655.114441,-9.863442
210,1.050000,105.259224,263.146362,-49.444351,225.880524,-260.374969,-50.462776,43.155380,-303.073822,-51.010296,-127.037971,-222.154800,-54.519054,-209.445282,12.924598,-54.359062,-127.315178,181.856537,-53.473621,272.283875,183.308685,-46.122536,356.965668,-50.479687,-46.938187,69.532005,14.023692,-54.886322,83.046425,655.115295,-9.875017
211,1.055000,105.259796,263.148682,-49.436592,225.876663,-260.375397,-50.466251,43.156979,-303.076904,-51.004585,-127.038719,-222.158264,-54.511803,-209.451492,12.925035,-54.355591,-127.321121,181.856888,-53.474205,272.277283,183.313080,-46.117954,356.961334,-50.482689,-46.938885,69.542854,14.022476,-54.882423,83.048248,655.110718,-9.868879
212,1.060000,105.257492,263.144867,-49.439178,225.880859,-260.372437,-50.461479,43.157986,-303.077179,-50.994793,-127.040314,-222.153763,-54.515629,-209.445007,12.919549,-54.350800,-127.311333,181.858292,-53.475010,272.282227,183.310593,-46.112591,356.968506,-50.479954,-46.937176,69.537689,14.023803,-54.883888,83.051102,655.109741,-9.865179
213,1.065000,105.256470,263.144745,-49.440945,225.881226,-260.373474,-50.459763,43.161911,-303.071869,-51.006805,-127.038864,-222.157654,-54.511425,-209.453247,12.923072,-54.347843,-127.314690,181.863678,-53.482063,272.281677,183.311325,-46.108566,356.961121,-50.476978,-46.943047,69.533127,14.022157,-54.884487,83.048302,655.112427,-9.865667
214,1.070000,105.253967,263.145935,-49.438057,225.880142,-260.369232,-50.460007,43.155876,-303.073181,-51.000221,-127.045631,-222.157257,-54.514194,-209.450745,12.924872,-54.347622,-127.315224,181.861099,-53.473633,272.277985,183.307098,-46.114044,356.965393,-50.476440,-46.937717,69.533295,14.021737,-54.886181,83.050545,655.112793,-9.866574
215,1.075000,105.259766,263.145691,-49.437244,225.876801,-260.373474,-50.463154,43.154686,-303.073364,-50.997292,-127.038162,-222.163269,-54.511116,-209.440094,12.923196,-54.349819,-127.315758,181.863113,-53.477562,272.279999,183.307724,-46.113396,356.961945,-50.482670,-46.936932,69.532455,14.018761,-54.887562,83.049225,655.112000,-9.867217
216,1.080000,105.259125,263.145111,-49.441166,225.881592,-260.373199,-50.462860,43.152748,-303.072052,-50.994473,-127.038139,-222.158386,-54.509224,-209.443253,12.922188,-54.349209,-127.314804,181.863327,-53.471420,272.279785,183.306320,-46.110146,356.966003,-50.477509,-46.936165,69.531532,14.024531,-54.883438,83.049896,655.112305,-9.871601
217,1.085000,105.254669,263.148468,-49.437706,225.881165,-260.372772,-50.462627,43.156235,-303.074402,-50.999039,-127.038551,-222.157364,-54.516029,-209.447525,12.922652,-54.350655,-127.315163,181.861038,-53.476162,272.275085,183.305557,-46.111137,356.965485,-50.480453,-46.944717,69.528725,14.022966,-54.883160,83.049873,655.114807,-9.864899
218,1.090000,105.254532,263.145172,-49.443020,225.880234,-260.374359,-50.465107,43.159416,-303.079865,-51.008186,-127.043335,-222.157013,-54.513435,-209.445831,12.925939,-54.344006,-127.316711,181.860519,-53.475883,272.280487,183.309189,-46.117550,356.963013,-50.482117,-46.944714,69.532562,14.028345,-54.882874,83.050789,655.110718,-9.865752
219,1.095000,105.256020,263.146667,-49.440643,225.875015,-260.376587,-50.461086,43.159267,-303.072754,-51.001183,-127.039116,-222.157349,-54.517109,-209.444992,12.919989,-54.351097,-127.320335,181.856476,-53.477467,272.275513,183.303482,-46.114971,356.962006,-50.477173,-46.936604,69.532768,14.019667,-54.886120,83.049622,655.113586,-9.864565
220,1.100000,105.256294,263.145142,-49.437622,225.874420,-260.373962,-50.465328,43.156574,-303.073547,-51.006039,-127.038284,-222.160294,-54.514111,-209.442215,12.918078,-54.357510,-127.315567,181.860809,-53.476742,272.285156,183.308609,-46.113831,356.962006,-50.475357,-46.941769,69.537285,14.023405,-54.889957,83.049362,655.111328,-9.874832
221,1.105000,105.261452,263.151306,-49.439938,225.877029,-260.375549,-50.458565,43.161213,-303.074890,-50.998646,-127.037270,-222.158691,-54.514194,-209.443710,12.922784,-54.346985,-127.319801,181.857147,-53.469639,272.280884,183.306824,-46.107529,356.960114,-50.481995,-46.939198,69.536232,14.023054,-54.886391,83.049080,655.111328,-9.870503
222,1.110000,105.255775,263.148132,-49.442837,225.878860,-260.372986,-50.460827,43.158352,-303.076294,-51.004128,-127.036232,-222.159836,-54.512711,-209.439285,12.921048,-54.354767,-127.319786,181.863693,-53.475674,272.280212,183.308853,-46.114330,356.960175,-50.477226,-46.945255,69.533226,14.022029,-54.884941,83.046814,655.112366,-9.865101
223,1.115000,105.254601,263.143616,-49.443329,225.871155,-260.377533,-50.465210,43.155090,-303.069397,-50.999920,-127.034988,-222.155319,-54.514816,-209.443069,12.922815,-54.346756,-127.312958,181.856842,-53.474903,272.277893,183.307571,-46.119041,356.961304,-50.482624,-46.940800,69.536514,14.018801,-54.884197,83.045372,655.113342,-9.868811
224,1.120000,105.253891,263.146942,-49.434807,225.880905,-260.379272,-50.463100,43.157112,-303.070129,-50.995087,-127.039955,-222.160034,-54.519924,-209.445206,12.919676,-54.347233,-127.315475,181.855988,-53.471165,272.283295,183.307755,-46.117237,356.959778,-50.478546,-46.939659,69.539330,14.022405,-54.887745,83.046402,655.113770,-9.870592
225,1.125000,105.256401,263.143097,-49.444195,225.878723,-260.371521,-50.455559,43.154186,-303.070953,-51.004028,-127.041580,-222.155991,-54.512909,-209.441345,12.924444,-54.345657,-127.315414,181.862518,-53.472080,272.274017,183.310654,-46.113968,356.962921,-50.483170,-46.942596,69.531593,14.018111,-54.885098,83.049187,655.112183,-9.867913
226,1.130000,105.256042,263.150970,-49.437611,225.883621,-260.375336,-50.463528,43.152775,-303.071198,-51.003445,-127.039925,-222.158417,-54.514992,-209.442245,12.924513,-54.346470,-127.318146,181.859680,-53.477489,272.282562,183.312531,-46.107113,356.965637,-50.473370,-46.939095,69.532593,14.018627,-54.895718,83.047348,655.114563,-9.869401
227,1.135000,105.254021,263.146667,-49.435303,225.878479,-260.375275,-50.466789,43.151863,-303.073853,-51.006893,-127.037483,-222.158447,-54.513630,-209.440369,12.923289,-54.346481,-127.318085,181.860168,-53.471066,272.281708,183.302032,-46.116173,356.961395,-50.481831,-46.944881,69.538963,14.024227,-54.882851,83.049767,655.112244,-9.865417
228,1.140000,105.258041,263.146057,-49.441917,225.878067,-260.371826,-50.455627,43.154537,-303.073090,-51.003479,-127.042564,-222.160934,-54.516811,-209.445511,12.922160,-54.350941,-127.313629,181.869720,-53.477348,272.277191,183.309174,-46.115799,356.962463,-50.481308,-46.941250,69.531502,14.025541,-54.882301,83.051300,655.118042,-9.872935
229,1.145000,105.257454,263.146118,-49.440609,225.875946,-260.375793,-50.470936,43.158527,-303.073303,-51.000210,-127.038673,-222.157730,-54.519180,-209.448563,12.923374,-54.354706,-127.319160,181.862686,-53.475605,272.279144,183.307816,-46.113464,356.965912,-50.481426,-46.943577,69.534225,14.018121,-54.890888,83.046478,655.112000,-9.863853
230,1.150000,105.257805,263.148865,-49.432827,225.879303,-260.375946,-50.462124,43.154018,-303.076569,-51.002090,-127.036583,-222.154526,-54.511055,-209.446976,12.924860,-54.354366,-127.316521,181.859375,-53.479816,272.278473,183.306793,-46.119522,356.961334,-50.476418,-46.941475,69.529083,14.018476,-54.883083,83.051559,655.115173,-9.867809
231,1.155000,105.261543,263.141541,-49.434753,225.878021,-260.376740,-50.463135,43.160641,-303.078522,-51.000656,-127.041000,-222.160995,-54.510445,-209.445419,12.922487,-54.347458,-127.315712,181.858536,-53.468391,272.280579,183.307709,-46.106586,356.960388,-50.477528,-46.934711,69.528496,14.019318,-54.890236,83.047310,655.111023,-9.868401
232,1.160000,105.256798,263.144165,-49.440804,225.878616,-260.377838,-50.463249,43.158089,-303.073029,-51.005756,-127.039459,-222.156769,-54.509586,-209.442154,12.923451,-54.343342,-127.316177,181.856522,-53.469296,272.283356,183.306549,-46.122540,356.960083,-50.479630,-46.937931,69.538322,14.018548,-54.889462,83.052597,655.114502,-9.872796
233,1.165000,105.257454,263.147064,-49.437527,225.883270,-260.375122,-50.461205,43.157253,-303.072998,-51.002651,-127.038406,-222.158554,-54.512867,-209.440948,12.922550,-54.349545,-127.315414,181.854568,-53.479839,272.281525,183.306000,-46.116898,356.965759,-50.478554,-46.935535,69.529892,14.015803,-54.883080,83.051666,655.113892,-9.869994
234,1.170000,105.255287,263.147827,-49.439701,225.880783,-260.376526,-50.465923,43.154236,-303.074036,-51.004696,-127.042534,-222.159317,-54.510624,-209.445679,12.925070,-54.353752,-127.323586,181.860855,-53.472580,272.279572,183.310837,-46.112961,356.958557,-50.477169,-46.935719,69.534760,14.023617,-54.880722,83.042953,655.115051,-9.868363
235,1.175000,105.255722,263.147614,-49.443432,225.881927,-260.372711,-50.461075,43.156868,-303.077271,-51.008560,-127.037643,-222.154083,-54.518288,-209.445602,12.923100,-54.343578,-127.320244,181.861893,-53.475647,272.282562,183.310699,-46.114529,356.960480,-50.482548,-46.940365,69.533318,14.018879,-54.888634,83.050758,655.112976,-9.865333
236,1.180000,105.256531,263.148743,-49.438881,225.878845,-260.375244,-50.456390,43.158924,-303.078125,-51.004898,-127.041504,-222.156174,-54.517651,-209.443253,12.925756,-54.357132,-127.319496,181.861252,-53.470268,272.276733,183.309036,-46.113483,356.962921,-50.479328,-46.939972,69.533508,14.018460,-54.884571,83.051445,655.111389,-9.865711
237,1.185000,105.261772,263.145477,-49.435360,225.878021,-260.374359,-50.459503,43.156448,-303.072144,-51.000408,-127.043007,-222.155029,-54.516888,-209.447281,12.919393,-54.350410,-127.319366,181.862228,-53.475628,272.282104,183.311432,-46.109520,356.962708,-50.480911,-46.937798,69.534546,14.017362,-54.891586,83.050179,655.109497,-9.865265
238,1.190000,105.255722,263.149902,-49.432365,225.879974,-260.377045,-50.467358,43.153404,-303.076508,-51.006409,-127.035942,-222.156677,-54.512142,-209.448380,12.923062,-54.358326,-127.313957,181.857285,-53.474979,272.280182,183.307648,-46.111786,356.962891,-50.479927,-46.937714,69.531876,14.019855,-54.880707,83.049164,655.116455,-9.872110
239,1.195000,105.263336,263.145142,-49.439968,225.880829,-260.375702,-50.456707,43.153507,-303.078735,-51.006458,-127.039131,-222.158264,-54.512180,-209.446167,12.923384,-54.354553,-127.316238,181.859238,-53.482655,272.280945,183.310013,-46.119556,356.963196,-50.481369,-46.938107,69.537025,14.025636,-54.883816,83.046890,655.110657,-9.870111
240,1.200000,105.256134,263.146454,-49.442360,225.876465,-260.374084,-50.465775,43.153923,-303.072296,-51.010540,-127.039421,-222.159042,-54.518711,-209.445679,12.920873,-54.350388,-127.317635,181.862534,-53.469837,272.281464,183.310257,-46.118202,356.963959,-50.479214,-46.933800,69.531960,14.022343,-54.885963,83.046875,655.114075,-9.871172
241,1.205000,105.254105,263.143127,-49.439274,225.880066,-260.372528,-50.461430,43.152176,-303.074829,-50.998661,-127.041595,-222.160294,-54.508774,-209.437393,12.922351,-54.348408,-127.316132,181.859344,-53.476528,272.277832,183.309875,-46.119114,356.966980,-50.481655,-46.939571,69.533417,14.018422,-54.885242,83.047218,655.113892,-9.873728
242,1.210000,105.259941,263.143188,-49.434074,225.881195,-260.375549,-50.463566,43.158810,-303.074860,-51.004692,-127.042297,-222.158752,-54.514099,-209.442383,12.925133,-54.350780,-127.311752,181.861206,-53.471714,272.280762,183.303253,-46.112698,356.961884,-50.478317,-46.935555,69.527344,14.022005,-54.881332,83.049950,655.115845,-9.874669
243,1.215000,105.258865,263.142639,-49.439751,225.877487,-260.374298,-50.465328,43.152557,-303.077087,-51.008598,-127.045753,-222.160019,-54.515976,-209.445175,12.924531,-54.345444,-127.320305,181.857178,-53.473907,272.276550,183.306091,-46.117218,356.965118,-50.479000,-46.942150,69.534042,14.024008,-54.884697,83.047501,655.110962,-9.869963
244,1.220000,105.261177,263.143280,-49.435223,225.886551,-260.373322,-50.459347,43.154270,-303.076385,-51.009426,-127.038223,-222.155472,-54.514580,-209.446243,12.919176,-54.356331,-127.318245,181.860474,-53.467430,272.276520,183.306091,-46.118595,356.961670,-50.479790,-46.939350,69.534264,14.024485,-54.880985,83.052353,655.116211,-9.866397
245,1.225000,105.253868,263.147522,-49.441551,225.881042,-260.380859,-50.464191,43.156971,-303.080353,-51.009159,-127.041695,-222.157532,-54.514519,-209.443283,12.922201,-54.350956,-127.314537,181.861938,-53.469902,272.279816,183.310196,-46.116814,356.962616,-50.481674,-46.943184,69.529297,14.023130,-54.891010,83.050743,655.112732,-9.868567
246,1.230000,105.256721,263.150391,-49.443878,225.880493,-260.378632,-50.468575,43.155075,-303.075348,-51.005367,-127.040047,-222.152725,-54.513897,-209.444778,12.919048,-54.348789,-127.315941,181.856537,-53.476414,272.284790,183.308380,-46.114750,356.960663,-50.478168,-46.937252,69.534172,14.020122,-54.886574,83.051590,655.110168,-9.871282
247,1.235000,105.259773,263.147034,-49.443165,225.882339,-260.374603,-50.462677,43.166988,-303.071655,-51.006523,-127.039116,-222.155502,-54.514809,-209.444443,12.921435,-54.360126,-127.316521,181.863251,-53.470200,272.281403,183.308868,-46.117363,356.957520,-50.483856,-46.946571,69.537415,14.019549,-54.889778,83.049805,655.112610,-9.868320
248,1.240000,105.254097,263.148834,-49.430130,225.881058,-260.374054,-50.469223,43.153946,-303.077271,-51.002285,-127.039093,-222.155807,-54.511822,-209.449356,12.920327,-54.347137,-127.320427,181.857117,-53.477787,272.281647,183.307175,-46.119701,356.959290,-50.483330,-46.935425,69.536293,14.023770,-54.884346,83.053162,655.113281,-9.870657
249,1.245000,105.255814,263.146515,-49.441242,225.884720,-260.370361,-50.459099,43.155113,-303.077026,-51.010983,-127.039207,-222.155121,-54.512928,-209.443359,12.923816,-54.350788,-127.319649,181.861603,-53.481647,272.274689,183.307159,-46.108028,356.959778,-50.478672,-46.938904,69.532249,14.025073,-54.880993,83.047813,655.112305,-9.871511
250,1.250000,105.258995,263.148285,-49.438736,225.879272,-260.368774,-50.456730,43.155544,-303.077332,-51.006130,-127.039406,-222.153687,-54.518890,-209.444916,12.925195,-54.349636,-127.319572,181.859970,-53.475288,272.282806,183.303314,-46.120377,356.961395,-50.478874,-46.938297,69.533989,14.020179,-54.888302,83.049805,655.111206,-9.869657
251,1.255000,105.254539,263.146118,-49.442268,225.880585,-260.372681,-50.464466,43.156944,-303.075348,-51.000187,-127.041298,-222.161743,-54.509045,-209.445496,12.922717,-54.354515,-127.313538,181.862885,-53.480370,272.276917,183.308960,-46.117420,356.964447,-50.477127,-46.941498,69.536583,14.022274,-54.888023,83.053230,655.115906,-9.867476
252,1.260000,105.253799,263.145752,-49.441383,225.877609,-260.377563,-50.464264,43.157997,-303.072632,-51.006264,-127.038269,-222.156982,-54.513134,-209.451965,12.926562,-54.345928,-127.313751,181.862747,-53.477947,272.277710,183.312042,-46.105484,356.960083,-50.480034,-46.942234,69.536316,14.026641,-54.883247,83.049301,655.109680,-9.865332
253,1.265000,105.254333,263.149170,-49.435909,225.878983,-260.370850,-50.460049,43.156189,-303.077545,-51.016579,-127.039757,-222.159546,-54.522385,-209.444366,12.919605,-54.346249,-127.315315,181.858734,-53.478477,272.278687,183.310852,-46.114735,356.955750,-50.478966,-46.940155,69.536148,14.017685,-54.891624,83.045586,655.114929,-9.870188
254,1.270000,105.255882,263.146576,-49.440399,225.877396,-260.375031,-50.453453,43.158356,-303.074554,-51.005810,-127.045349,-222.157883,-54.516357,-209.454117,12.922709,-54.360397,-127.318222,181.863358,-53.481915,272.275421,183.311523,-46.113121,356.961182,-50.482136,-46.941444,69.539833,14.023640,-54.886440,83.055237,655.113647,-9.872859
255,1.275000,105.260551,263.148956,-49.438412,225.880356,-260.376495,-50.470566,43.155598,-303.075836,-51.013138,-127.034966,-222.156754,-54.514198,-209.447678,12.915706,-54.351639,-127.310913,181.857620,-53.471954,272.279816,183.308243,-46.128643,356.960388,-50.479778,-46.944759,69.536644,14.022976,-54.887642,83.049698,655.111328,-9.868928
256,1.280000,105.259109,263.147461,-49.439274,225.884415,-260.374908,-50.451946,43.152790,-303.073212,-51.013065,-127.039490,-222.156845,-54.507343,-209.440048,12.921358,-54.354111,-127.321732,181.857819,-53.474800,272.276520,183.310272,-46.119911,356.959564,-50.476067,-46.938549,69.530708,14.021033,-54.883396,83.048485,655.113770,-9.870856
257,1.285000,105.258659,263.143555,-49.441025,225.879196,-260.375397,-50.470856,43.157936,-303.082184,-51.004253,-127.038284,-222.158905,-54.508366,-209.444504,12.923497,-54.351273,-127.320213,181.863647,-53.477276,272.279755,183.304932,-46.115421,356.959900,-50.479679,-46.943890,69.533325,14.021433,-54.880428,83.048508,655.110779,-9.872916
258,1.290000,105.258713,263.144043,-49.440926,225.883209,-260.367706,-50.465099,43.156181,-303.071594,-50.999889,-127.042473,-222.158066,-54.516167,-209.446777,12.922504,-54.346607,-127.315674,181.857529,-53.473724,272.276581,183.308594,-46.112652,356.960480,-50.479435,-46.944706,69.535934,14.014442,-54.894146,83.051140,655.112976,-9.868267
259,1.295000,105.257408,263.142212,-49.435577,225.885330,-260.376862,-50.454769,43.156113,-303.074890,-51.012142,-127.039520,-222.154282,-54.513203,-209.442566,12.924460,-54.346458,-127.314705,181.856781,-53.472584,272.278564,183.305344,-46.118725,356.968231,-50.486126,-46.936714,69.529655,14.018418,-54.889172,83.046310,655.113037,-9.871419
260,1.300000,105.257225,263.148163,-49.446468,225.882629,-260.366699,-50.452263,43.155987,-303.074005,-50.995384,-127.045540,-222.160522,-54.515247,-209.449219,12.924249,-54.352951,-127.317490,181.858078,-53.475777,272.279083,183.307892,-46.116974,356.963226,-50.480762,-46.937752,69.530907,14.019341,-54.884384,83.049576,655.115601,-9.870600
261,1.305000,105.257805,263.147675,-49.434898,225.878418,-260.375671,-50.458679,43.152885,-303.073944,-51.000458,-127.038925,-222.157166,-54.510189,-209.445847,12.920982,-54.354439,-127.323341,181.861008,-53.474819,272.277649,183.307007,-46.120117,356.962250,-50.482708,-46.940224,69.532036,14.017241,-54.882946,83.052032,655.113220,-9.876139
262,1.310000,105.252281,263.145996,-49.435432,225.882126,-260.373199,-50.456936,43.162083,-303.073608,-51.000751,-127.038254,-222.157150,-54.511642,-209.441467,12.924460,-54.345528,-127.317368,181.860779,-53.473274,272.276337,183.309448,-46.108040,356.963623,-50.478252,-46.938194,69.534279,14.018403,-54.889572,83.050995,655.114624,-9.863902
263,1.315000,105.258545,263.148071,-49.439728,225.879730,-260.373505,-50.468269,43.156712,-303.073395,-51.002808,-127.041725,-222.153381,-54.510273,-209.448273,12.924777,-54.349934,-127.318230,181.858719,-53.472305,272.279572,183.306519,-46.120686,356.965179,-50.481758,-46.939617,69.533897,14.020540,-54.882717,83.050026,655.113342,-9.867790
264,1.320000,105.254333,263.151611,-49.441235,225.883194,-260.372803,-50.452908,43.158981,-303.074768,-51.011581,-127.042007,-222.157242,-54.507996,-209.449326,12.920739,-54.348579,-127.318024,181.856277,-53.475540,272.281647,183.309875,-46.117325,356.963654,-50.476498,-46.936733,69.538559,14.019382,-54.885212,83.047997,655.116150,-9.874669
265,1.325000,105.253464,263.146729,-49.436760,225.878647,-260.374390,-50.468487,43.153858,-303.073303,-51.002365,-127.036255,-222.155518,-54.513557,-209.446426,12.923578,-54.345280,-127.312660,181.858093,-53.465862,272.280151,183.309250,-46.113068,356.960632,-50.479523,-46.937820,69.534653,14.021968,-54.881588,83.049896,655.114502,-9.867727
266,1.330000,105.261169,263.143890,-49.439404,225.876389,-260.371124,-50.461128,43.154533,-303.073730,-51.004879,-127.039551,-222.155823,-54.513119,-209.448547,12.924843,-54.356483,-127.318459,181.857178,-53.482643,272.280762,183.311050,-46.114296,356.963715,-50.482437,-46.944412,69.534302,14.021510,-54.889759,83.052742,655.112976,-9.867726
267,1.335000,105.259666,263.146271,-49.440624,225.881042,-260.371155,-50.457367,43.154488,-303.072845,-51.004761,-127.041351,-222.158127,-54.509937,-209.446854,12.923417,-54.356049,-127.314285,181.856415,-53.482681,272.274048,183.305237,-46.114983,356.965240,-50.476978,-46.932350,69.526817,14.021749,-54.883400,83.054237,655.111450,-9.870290
268,1.340000,105.257668,263.147614,-49.439911,225.876663,-260.377411,-50.464775,43.156063,-303.077606,-51.011005,-127.038315,-222.156433,-54.512657,-209.444611,12.929164,-54.348488,-127.313255,181.861359,-53.474705,272.275482,183.310211,-46.115772,356.964111,-50.477676,-46.938919,69.535767,14.015332,-54.886372,83.049713,655.114380,-9.868458
269,1.345000,105.259109,263.144135,-49.445740,225.883987,-260.372559,-50.467064,43.155392,-303.072235,-51.010674,-127.036171,-222.156937,-54.509010,-209.442978,12.922809,-54.354408,-127.318024,181.859253,-53.474255,272.280182,183.310562,-46.120823,356.959839,-50.478668,-46.942413,69.533424,14.023584,-54.883842,83.053391,655.115540,-9.873248
270,1.350000,105.253471,263.146088,-49.440899,225.878220,-260.374084,-50.455898,43.156738,-303.069580,-51.000370,-127.034737,-222.163162,-54.516796,-209.446533,12.924034,-54.343334,-127.319054,181.862885,-53.473446,272.278931,183.305283,-46.122906,356.960419,-50.476311,-46.946022,69.536743,14.020018,-54.892971,83.045799,655.113525,-9.874399
271,1.355000,105.259926,263.150330,-49.431084,225.881790,-260.372375,-50.458542,43.158360,-303.076263,-51.002384,-127.044800,-222.153152,-54.512543,-209.445908,12.921266,-54.349663,-127.317322,181.861298,-53.478878,272.279480,183.308289,-46.123741,356.960968,-50.482265,-46.941364,69.531448,14.019346,-54.889847,83.047218,655.116211,-9.876814
272,1.360000,105.258064,263.147522,-49.434536,225.878983,-260.371582,-50.452660,43.158138,-303.072662,-51.002102,-127.037209,-222.158005,-54.512726,-209.446915,12.924659,-54.352245,-127.318474,181.857849,-53.475788,272.278137,183.311676,-46.114967,356.960175,-50.478336,-46.939312,69.533928,14.022003,-54.883106,83.050423,655.110901,-9.872576
273,1.365000,105.256561,263.146698,-49.443802,225.872726,-260.375153,-50.465481,43.159958,-303.077393,-50.998470,-127.040131,-222.153122,-54.506752,-209.447678,12.921970,-54.341084,-127.318245,181.861649,-53.477146,272.279877,183.309875,-46.116974,356.957001,-50.479053,-46.937313,69.533028,14.021369,-54.883823,83.047028,655.118103,-9.878172
274,1.370000,105.255020,263.143555,-49.438110,225.880005,-260.376038,-50.461498,43.151344,-303.076233,-51.005268,-127.038803,-222.158920,-54.508293,-209.448502,12.922845,-54.351086,-127.318802,181.859955,-53.473850,272.278473,183.310684,-46.119370,356.963104,-50.478477,-46.939529,69.533302,14.017056,-54.893826,83.050339,655.110596,-9.875324
275,1.375000,105.257042,263.143860,-49.444897,225.880615,-260.377563,-50.458504,43.154964,-303.070740,-51.003429,-127.037659,-222.159348,-54.516720,-209.443604,12.921621,-54.353611,-127.315628,181.860931,-53.476978,272.277435,183.308136,-46.113602,356.963715,-50.484745,-46.948174,69.525818,14.017208,-54.884693,83.046402,655.110535,-9.867970
276,1.380000,105.255089,263.150513,-49.441021,225.877960,-260.381287,-50.466316,43.158356,-303.071594,-51.006241,-127.034904,-222.156982,-54.511803,-209.443604,12.925332,-54.359489,-127.316788,181.860031,-53.473236,272.276276,183.312012,-46.110287,356.963745,-50.477268,-46.944389,69.532867,14.022071,-54.886261,83.047897,655.111328,-9.869869
277,1.385000,105.257668,263.149292,-49.439465,225.886688,-260.373474,-50.462486,43.154350,-303.077271,-51.006989,-127.045364,-222.154037,-54.509312,-209.443176,12.926649,-54.348431,-127.311287,181.860153,-53.473869,272.279114,183.304901,-46.111332,356.961365,-50.478214,-46.938683,69.527191,14.022499,-54.880543,83.048843,655.110535,-9.869292
278,1.390000,105.256966,263.145294,-49.434807,225.883270,-260.375000,-50.453579,43.159500,-303.072388,-51.006809,-127.039345,-222.158432,-54.506538,-209.450653,12.922982,-54.354393,-127.312126,181.855728,-53.478592,272.277710,183.310745,-46.111473,356.966644,-50.479301,-46.940937,69.532104,14.025218,-54.880505,83.049538,655.112244,-9.867347
279,1.395000,105.257439,263.145752,-49.440758,225.882950,-260.374573,-50.464020,43.155819,-303.075378,-51.011276,-127.041847,-222.158020,-54.518410,-209.449158,12.921330,-54.354671,-127.316582,181.863632,-53.475620,272.275665,183.308365,-46.111259,356.962341,-50.479763,-46.942017,69.534775,14.020918,-54.892612,83.051384,655.112061,-9.869430
280,1.400000,105.254059,263.143463,-49.438557,225.882324,-260.369141,-50.455246,43.153137,-303.075928,-51.002117,-127.040359,-222.154221,-54.519772,-209.445450,12.925990,-54.350021,-127.314461,181.860916,-53.476109,272.277771,183.307129,-46.111256,356.968079,-50.480751,-46.944527,69.535065,14.021422,-54.883461,83.048592,655.109375,-9.870781
281,1.405000,105.261009,263.146576,-49.436420,225.882812,-260.371368,-50.455811,43.159630,-303.073273,-50.998749,-127.040611,-222.156464,-54.514549,-209.446045,12.921398,-54.355820,-127.312508,181.858170,-53.470669,272.278778,183.311401,-46.116730,356.961121,-50.484325,-46.944637,69.532738,14.024313,-54.877869,83.050919,655.107910,-9.867496
282,1.410000,105.256714,263.145905,-49.431244,225.880432,-260.376465,-50.460323,43.156975,-303.073517,-51.005733,-127.040611,-222.159042,-54.516384,-209.440765,12.919677,-54.346928,-127.314598,181.860825,-53.480160,272.281158,183.308563,-46.117249,356.963287,-50.481903,-46.939964,69.527649,14.015504,-54.886616,83.049316,655.112488,-9.870717
283,1.415000,105.258850,263.145782,-49.441414,225.878052,-260.372498,-50.468395,43.154678,-303.073517,-51.007118,-127.043236,-222.156082,-54.509571,-209.445618,12.923396,-54.348789,-127.320290,181.856125,-53.468048,272.280457,183.312531,-46.112392,356.963104,-50.477032,-46.939590,69.533699,14.014086,-54.891720,83.045204,655.110107,-9.867311
284,1.420000,105.257454,263.146973,-49.444004,225.879898,-260.376404,-50.464748,43.154358,-303.077301,-51.009808,-127.043289,-222.156845,-54.510105,-209.448837,12.921571,-54.357063,-127.313675,181.857361,-53.478275,272.279510,183.308273,-46.118366,356.961945,-50.482769,-46.947468,69.529999,14.022483,-54.881474,83.049507,655.115356,-9.865013
285,1.425000,105.254143,263.145355,-49.446499,225.876465,-260.376038,-50.469025,43.158112,-303.075867,-51.006737,-127.042725,-222.151184,-54.518410,-209.444901,12.924448,-54.353477,-127.312500,181.861832,-53.474697,272.274902,183.305176,-46.119270,356.960663,-50.483631,-46.948463,69.537636,14.021126,-54.886444,83.053909,655.111267,-9.866751
286,1.430000,105.256439,263.149445,-49.437695,225.875977,-260.372437,-50.458447,43.155872,-303.077087,-51.008305,-127.038910,-222.159012,-54.518234,-209.440994,12.921510,-54.350330,-127.312798,181.856812,-53.472191,272.275116,183.304489,-46.112839,356.961151,-50.480083,-46.937336,69.533333,14.023172,-54.885201,83.049301,655.112427,-9.875821
287,1.435000,105.253464,263.146301,-49.439499,225.876938,-260.369415,-50.460232,43.157749,-303.080414,-50.996922,-127.039803,-222.159225,-54.514271,-209.444641,12.920912,-54.352036,-127.311707,181.861008,-53.475960,272.281403,183.310959,-46.117832,356.958771,-50.475296,-46.945030,69.536087,14.021086,-54.886417,83.049202,655.111938,-9.872391
288,1.440000,105.255432,263.146820,-49.441204,225.876083,-260.375092,-50.456841,43.161797,-303.071503,-50.999687,-127.039627,-222.161880,-54.518547,-209.443283,12.923759,-54.353733,-127.315163,181.857635,-53.470764,272.283600,183.305756,-46.121265,356.960144,-50.476429,-46.935123,69.540657,14.024081,-54.887386,83.046234,655.113037,-9.875148
289,1.445000,105.259117,263.147827,-49.437042,225.882446,-260.377075,-50.454803,43.153801,-303.076141,-51.000217,-127.039757,-222.160583,-54.519592,-209.445251,12.923372,-54.348564,-127.310753,181.856186,-53.475163,272.277039,183.308563,-46.120255,356.961273,-50.480671,-46.943420,69.532982,14.017426,-54.889412,83.050652,655.111633,-9.868718
290,1.450000,105.256500,263.146149,-49.442867,225.879013,-260.372986,-50.457710,43.155128,-303.070770,-50.997967,-127.039627,-222.159073,-54.520466,-209.438751,12.927680,-54.355133,-127.317352,181.862854,-53.474686,272.280823,183.308365,-46.117874,356.963531,-50.479404,-46.945805,69.530144,14.024800,-54.885765,83.046951,655.111938,-9.874270
291,1.455000,105.258736,263.147003,-49.446465,225.879913,-260.377716,-50.462257,43.158081,-303.074585,-51.009438,-127.035934,-222.157394,-54.511803,-209.447678,12.922795,-54.350471,-127.317741,181.860611,-53.480511,272.276001,183.309174,-46.114803,356.963989,-50.478615,-46.943966,69.531258,14.016562,-54.887276,83.050148,655.110168,-9.874024
292,1.460000,105.259102,263.149902,-49.441231,225.879471,-260.374573,-50.464100,43.156471,-303.071808,-51.002125,-127.038422,-222.161240,-54.509083,-209.447266,12.914886,-54.353081,-127.317223,181.862106,-53.479038,272.277252,183.310013,-46.120438,356.963867,-50.484016,-46.938629,69.527840,14.020424,-54.886051,83.050262,655.111389,-9.870708
293,1.465000,105.260468,263.144104,-49.448082,225.880508,-260.376953,-50.457401,43.160332,-303.071289,-50.995125,-127.035973,-222.154449,-54.511112,-209.447617,12.925166,-54.354485,-127.312912,181.862946,-53.478001,272.277618,183.314087,-46.110958,356.960297,-50.480030,-46.942940,69.538216,14.025999,-54.887569,83.049980,655.111389,-9.870885
294,1.470000,105.253845,263.143677,-49.431789,225.882874,-260.377869,-50.470711,43.152447,-303.075531,-51.003193,-127.039093,-222.159363,-54.519283,-209.441528,12.923635,-54.344509,-127.317223,181.862320,-53.467194,272.278107,183.308060,-46.117268,356.961823,-50.482872,-46.940750,69.529984,14.021015,-54.881191,83.048851,655.113586,-9.874284
295,1.475000,105.258102,263.144531,-49.441269,225.883545,-260.373627,-50.460846,43.159786,-303.073242,-50.997753,-127.044769,-222.157120,-54.512474,-209.446487,12.927269,-54.348656,-127.319885,181.855499,-53.472900,272.273773,183.307190,-46.110012,356.963562,-50.482090,-46.940659,69.531708,14.015531,-54.893513,83.050751,655.111450,-9.868926
296,1.480000,105.258598,263.143585,-49.440956,225.882812,-260.375641,-50.455429,43.161179,-303.075592,-50.996918,-127.036598,-222.154373,-54.510170,-209.447830,12.923223,-54.357296,-127.315285,181.865616,-53.480503,272.276093,183.308319,-46.114620,356.962372,-50.478119,-46.944939,69.530548,14.015955,-54.887924,83.049316,655.111267,-9.869993
297,1.485000,105.257111,263.146515,-49.444828,225.881027,-260.374420,-50.461910,43.153019,-303.073547,-51.010342,-127.037170,-222.157333,-54.512051,-209.445740,12.923578,-54.351433,-127.317902,181.858917,-53.475956,272.274841,183.314957,-46.117817,356.957397,-50.481922,-46.942848,69.535088,14.022908,-54.879581,83.049934,655.113037,-9.866327
298,1.490000,105.254417,263.150604,-49.437260,225.886551,-260.372742,-50.462719,43.154854,-303.073639,-51.006523,-127.041924,-222.153656,-54.513580,-209.441605,12.922966,-54.351204,-127.318207,181.861847,-53.468941,272.279785,183.310974,-46.120087,356.959778,-50.481838,-46.942398,69.536705,14.026254,-54.881081,83.050224,655.111755,-9.870364
299,1.495000,105.254333,263.145782,-49.437073,225.882645,-260.368317,-50.462254,43.162514,-303.072144,-51.003117,-127.034966,-222.158798,-54.510590,-209.450287,12.920284,-54.346428,-127.317680,181.861969,-53.475620,272.281555,183.309860,-46.118511,356.958618,-50.478546,-46.944401,69.535164,14.019446,-54.885399,83.048965,655.112000,-9.867998
300,1.500000,105.252640,263.149323,-49.443485,225.882080,-260.372803,-50.458694,43.156536,-303.073273,-50.995983,-127.039391,-222.156937,-54.514824,-209.447021,12.920455,-54.351612,-127.313126,181.862213,-53.469757,272.275085,183.310684,-46.116470,356.961853,-50.477234,-46.934765,69.530174,14.015399,-54.886143,83.047813,655.114258,-9.869715
301,1.505000,105.259399,263.151825,-49.439381,225.873138,-260.379395,-50.465748,43.154720,-303.074402,-51.000935,-127.036316,-222.157532,-54.517845,-209.445877,12.927934,-54.346897,-127.317322,181.860855,-53.475910,272.276123,183.309875,-46.113075,356.959534,-50.473892,-46.940701,69.530251,14.019702,-54.889488,83.051933,655.115662,-9.867093
302,1.510000,105.255226,263.148163,-49.440506,225.877563,-260.375305,-50.458015,43.159397,-303.073700,-51.007011,-127.040863,-222.154465,-54.514172,-209.442841,12.921659,-54.345436,-127.317383,181.859497,-53.474350,272.279633,183.313446,-46.112949,356.962189,-50.482716,-46.944542,69.532555,14.017774,-54.892681,83.053062,655.113953,-9.872916
303,1.515000,105.259903,263.144592,-49.429562,225.879349,-260.373016,-50.455090,43.157104,-303.074554,-50.996437,-127.039444,-222.157074,-54.514236,-209.442413,12.921864,-54.339565,-127.313805,181.860931,-53.480267,272.274689,183.308853,-46.114021,356.966461,-50.478085,-46.946575,69.530853,14.023293,-54.887432,83.050491,655.110107,-9.872557
304,1.520000,105.256065,263.148132,-49.446663,225.882401,-260.369751,-50.458931,43.155151,-303.070374,-51.003166,-127.036514,-222.155014,-54.513691,-209.443665,12.917399,-54.346752,-127.315674,181.859146,-53.474953,272.276764,183.306198,-46.111683,356.960663,-50.478699,-46.942490,69.528542,14.022217,-54.884670,83.049660,655.110107,-9.873132
305,1.525000,105.251999,263.152740,-49.439713,225.880737,-260.372650,-50.451229,43.158459,-303.073639,-50.997997,-127.038094,-222.156006,-54.515518,-209.445694,12.920872,-54.348927,-127.316475,181.861801,-53.474865,272.275665,183.310974,-46.117172,356.959534,-50.476456,-46.944485,69.534019,14.021383,-54.885632,83.050201,655.114685,-9.870301
306,1.530000,105.255714,263.145569,-49.441525,225.879776,-260.373383,-50.455845,43.157001,-303.075531,-51.007927,-127.041367,-222.155838,-54.514416,-209.449173,12.922813,-54.358662,-127.316223,181.854462,-53.477955,272.279510,183.306915,-46.119656,356.959351,-50.475868,-46.943253,69.536026,14.022968,-54.896217,83.046921,655.108521,-9.867204
307,1.535000,105.256874,263.144958,-49.441113,225.880356,-260.373199,-50.458775,43.164688,-303.078522,-50.998371,-127.040627,-222.159302,-54.518600,-209.442139,12.921298,-54.352226,-127.313896,181.860962,-53.472725,272.279663,183.306747,-46.118008,356.960632,-50.478798,-46.935482,69.532990,14.026034,-54.879307,83.047722,655.112915,-9.867661
308,1.540000,105.258011,263.145416,-49.435734,225.877899,-260.374573,-50.456741,43.151962,-303.074707,-51.003960,-127.039459,-222.152481,-54.507973,-209.447189,12.922069,-54.351788,-127.318848,181.856995,-53.479305,272.282104,183.309464,-46.114628,356.964844,-50.482788,-46.943077,69.536247,14.022794,-54.889408,83.049759,655.114929,-9.873806
309,1.545000,105.256943,263.150299,-49.433525,225.880096,-260.374268,-50.455166,43.159981,-303.074402,-51.008308,-127.037094,-222.156998,-54.513947,-209.447556,12.926787,-54.359032,-127.317398,181.863266,-53.470161,272.282410,183.308487,-46.115269,356.961212,-50.476429,-46.934753,69.535736,14.020190,-54.890278,83.050705,655.113647,-9.874736
310,1.550000,105.255714,263.149567,-49.436909,225.883865,-260.369751,-50.458336,43.156921,-303.066040,-51.003281,-127.039047,-222.153763,-54.510353,-209.450439,12.923118,-54.350838,-127.317177,181.861069,-53.477005,272.278137,183.313293,-46.116577,356.955811,-50.480465,-46.948627,69.529312,14.021306,-54.888729,83.048904,655.117981,-9.872254
311,1.555000,105.255226,263.148621,-49.442955,225.880081,-260.378571,-50.466873,43.157284,-303.074799,-51.006752,-127.039673,-222.157715,-54.513145,-209.442413,12.922989,-54.348236,-127.315643,181.863754,-53.475037,272.283661,183.308792,-46.120945,356.960602,-50.480000,-46.931652,69.528313,14.019818,-54.889030,83.049835,655.117065,-9.878910
312,1.560000,105.255920,263.147797,-49.440781,225.882233,-260.371246,-50.465282,43.156147,-303.074219,-51.003029,-127.041710,-222.156616,-54.512325,-209.441650,12.920919,-54.347366,-127.315460,181.861115,-53.474106,272.275818,183.309204,-46.118534,356.961945,-50.480713,-46.934174,69.533356,14.017237,-54.893139,83.046478,655.111938,-9.874507
313,1.565000,105.256042,263.144470,-49.442142,225.880447,-260.372864,-50.458382,43.155273,-303.076050,-51.004112,-127.038162,-222.156647,-54.511505,-209.444214,12.918875,-54.352390,-127.318695,181.861801,-53.475250,272.278656,183.311188,-46.127922,356.963257,-50.480404,-46.934135,69.530113,14.020762,-54.890503,83.047874,655.113220,-9.867616
314,1.570000,105.256691,263.146149,-49.436516,225.880402,-260.376434,-50.462475,43.160351,-303.076050,-51.004654,-127.040894,-222.155426,-54.514305,-209.447830,12.923539,-54.351227,-127.315346,181.858536,-53.470142,272.278168,183.305237,-46.113808,356.961456,-50.478954,-46.943535,69.528198,14.022982,-54.887428,83.049515,655.111206,-9.867701
315,1.575000,105.254318,263.149902,-49.442978,225.876816,-260.376770,-50.455112,43.158928,-303.077942,-51.000992,-127.039253,-222.158829,-54.513008,-209.449905,12.916606,-54.349735,-127.316696,181.858078,-53.472443,272.280304,183.304718,-46.120106,356.963135,-50.480648,-46.940914,69.529762,14.017027,-54.888424,83.045471,655.112732,-9.874732
316,1.580000,105.255486,263.143402,-49.432919,225.878586,-260.382141,-50.463379,43.157310,-303.072113,-51.002819,-127.036530,-222.157043,-54.514553,-209.438904,12.921535,-54.341442,-127.315178,181.859451,-53.469940,272.278900,183.306122,-46.118023,356.959106,-50.482014,-46.940296,69.529526,14.019691,-54.885292,83.047493,655.110962,-9.878349
317,1.585000,105.260948,263.144653,-49.437401,225.884171,-260.373932,-50.453365,43.160332,-303.078522,-50.996391,-127.038223,-222.158234,-54.510948,-209.442078,12.922653,-54.357830,-127.312302,181.858337,-53.466774,272.276337,183.309387,-46.108639,356.957550,-50.477306,-46.941067,69.533951,14.020856,-54.895020,83.050308,655.110596,-9.863740
318,1.590000,105.260674,263.149414,-49.432072,225.879456,-260.371521,-50.463165,43.153496,-303.075378,-51.005424,-127.035858,-222.159134,-54.516056,-209.443481,12.926841,-54.349354,-127.316368,181.861359,-53.472092,272.280182,183.310196,-46.122349,356.962921,-50.478065,-46.949852,69.533333,14.018671,-54.890438,83.052177,655.111755,-9.862547
319,1.595000,105.256073,263.152313,-49.433903,225.876755,-260.372559,-50.459381,43.157581,-303.074158,-51.000992,-127.042908,-222.157394,-54.518848,-209.442200,12.923210,-54.348564,-127.316711,181.860641,-53.482994,272.279907,183.309006,-46.115818,356.958374,-50.479717,-46.938416,69.530632,14.025855,-54.891350,83.044640,655.115417,-9.872059
320,1.600000,105.256256,263.148956,-49.442703,225.881287,-260.371613,-50.458305,43.154457,-303.076721,-51.003323,-127.039345,-222.161575,-54.517609,-209.448441,12.922422,-54.358555,-127.318726,181.864212,-53.477051,272.278625,183.313766,-46.125202,356.961243,-50.475826,-46.938347,69.534027,14.024947,-54.887981,83.047897,655.114441,-9.870393
321,1.605000,105.257088,263.145996,-49.439934,225.876358,-260.376495,-50.461708,43.161137,-303.075775,-50.992119,-127.040001,-222.155960,-54.510506,-209.446075,12.922359,-54.349171,-127.321121,181.863464,-53.468941,272.276917,183.308838,-46.114059,356.964722,-50.474403,-46.938553,69.534355,14.021141,-54.886566,83.051842,655.115906,-9.872889
322,1.610000,105.258591,263.149414,-49.433506,225.875504,-260.372681,-50.459015,43.162285,-303.072662,-51.004021,-127.040627,-222.157562,-54.508549,-209.441376,12.927161,-54.346195,-127.315163,181.860138,-53.476051,272.276855,183.305481,-46.116394,356.962799,-50.479481,-46.939621,69.537666,14.018728,-54.890923,83.045891,655.119446,-9.871477
323,1.615000,105.256119,263.145905,-49.431957,225.877365,-260.377075,-50.457935,43.158024,-303.073364,-50.995464,-127.037659,-222.151566,-54.511036,-209.443390,12.921901,-54.350605,-127.313179,181.860641,-53.475380,272.276550,183.308929,-46.119770,356.960327,-50.481434,-46.941135,69.537056,14.021449,-54.886539,83.052177,655.107666,-9.872386
324,1.620000,105.253487,263.145691,-49.439190,225.884659,-260.373840,-50.458511,43.153194,-303.076050,-51.007755,-127.038002,-222.153900,-54.513004,-209.449646,12.927882,-54.354523,-127.317459,181.858383,-53.477180,272.277466,183.311783,-46.118862,356.956543,-50.478848,-46.942631,69.535591,14.019457,-54.886414,83.047401,655.110474,-9.866565
325,1.625000,105.252571,263.145020,-49.439671,225.879776,-260.376251,-50.459354,43.153271,-303.078949,-51.008110,-127.040703,-222.161438,-54.521675,-209.445648,12.921180,-54.354839,-127.312065,181.858765,-53.472218,272.278534,183.303314,-46.109646,356.956696,-50.477051,-46.936283,69.529625,14.021150,-54.883804,83.047302,655.107178,-9.870893
326,1.630000,105.258728,263.144745,-49.439686,225.879990,-260.377258,-50.459728,43.157963,-303.078094,-51.006630,-127.036583,-222.160797,-54.511948,-209.447388,12.922194,-54.353531,-127.317490,181.861588,-53.471161,272.277924,183.311081,-46.110546,356.967346,-50.483421,-46.939251,69.529488,14.021843,-54.880817,83.053062,655.110596,-9.872280
327,1.635000,105.258232,263.149261,-49.444134,225.880936,-260.378265,-50.463322,43.154903,-303.073395,-51.001732,-127.041336,-222.157288,-54.509789,-209.441971,12.924214,-54.349144,-127.321007,181.862274,-53.476208,272.278198,183.307281,-46.118397,356.965576,-50.478451,-46.944275,69.536133,14.024804,-54.885910,83.049187,655.114990,-9.869960
328,1.640000,105.252632,263.147797,-49.438812,225.877960,-260.376099,-50.458099,43.158375,-303.073273,-50.993927,-127.040504,-222.155258,-54.515720,-209.446106,12.923924,-54.350288,-127.317291,181.859131,-53.471802,272.278870,183.309967,-46.118526,356.958679,-50.480515,-46.936340,69.533501,14.020873,-54.888813,83.041740,655.117371,-9.873667
329,1.645000,105.257843,263.148743,-49.437084,225.879593,-260.375031,-50.458317,43.154102,-303.075500,-50.999966,-127.037880,-222.158478,-54.515480,-209.445679,12.923901,-54.357964,-127.318008,181.863525,-53.472439,272.279724,183.309311,-46.119068,356.961639,-50.479412,-46.941360,69.536766,14.021572,-54.891235,83.052147,655.114136,-9.874925
330,1.650000,105.256180,263.153656,-49.436989,225.879471,-260.375610,-50.458206,43.160904,-303.073517,-50.997784,-127.043022,-222.154831,-54.514114,-209.440857,12.927347,-54.349243,-127.315521,181.862991,-53.469215,272.278839,183.308487,-46.116913,356.959991,-50.473614,-46.940228,69.532310,14.020573,-54.883705,83.051231,655.113159,-9.865955
331,1.655000,105.255096,263.146210,-49.434998,225.882355,-260.373779,-50.451412,43.159237,-303.077332,-51.000992,-127.038208,-222.156189,-54.515827,-209.441589,12.925334,-54.347755,-127.318863,181.855453,-53.473095,272.278381,183.308884,-46.111679,356.964905,-50.481037,-46.933372,69.531136,14.017431,-54.888134,83.048897,655.112366,-9.871598
332,1.660000,105.257141,263.135681,-49.439240,225.879990,-260.376495,-50.457230,43.158272,-303.077271,-50.999611,-127.041862,-222.156693,-54.512302,-209.443115,12.925229,-54.339115,-127.315956,181.856644,-53.471546,272.279358,183.305573,-46.114834,356.964661,-50.478264,-46.937603,69.532867,14.016573,-54.887505,83.047134,655.109558,-9.860313
333,1.665000,105.253403,263.141663,-49.441170,225.881592,-260.372253,-50.453011,43.158409,-303.075928,-51.006344,-127.044083,-222.157471,-54.519505,-209.441986,12.918207,-54.348293,-127.316010,181.858200,-53.478294,272.276886,183.312592,-46.110466,356.959656,-50.485771,-46.940449,69.530418,14.019912,-54.886650,83.052856,655.112366,-9.870238
334,1.670000,105.270142,263.155457,-49.449917,225.878571,-260.377319,-50.471088,43.155178,-303.070282,-51.001553,-127.038269,-222.157257,-54.515762,-209.445587,12.923744,-54.355469,-127.322334,181.856888,-53.479256,272.281494,183.311371,-46.119595,356.958130,-50.474426,-46.938046,69.533371,14.024746,-54.889404,83.051140,655.114441,-9.874989
335,1.675000,105.262207,263.148712,-49.442211,225.879120,-260.368713,-50.458099,43.158569,-303.071381,-51.007164,-127.037483,-222.152420,-54.515484,-209.453323,12.924307,-54.359245,-127.316040,181.863571,-53.479107,272.276550,183.309128,-46.120888,356.961975,-50.475269,-46.941299,69.537521,14.024547,-54.892670,83.045280,655.116577,-9.871012
336,1.680000,,,,,,,,,,,,,,,,,,,,,,,,,,,,,,
337,1.685000,105.258614,263.144165,-49.434242,225.877640,-260.375732,-50.457542,43.157581,-303.079193,-50.997612,-127.043884,-222.151947,-54.515400,-209.446899,12.921437,-54.340607,-127.317680,181.857315,-53.475159,272.281250,183.306366,-46.121391,356.960114,-50.476292,-46.942364,69.533173,14.015789,-54.889130,83.047081,655.113586,-9.866577
338,1.690000,105.252075,263.148254,-49.445400,225.878754,-260.375946,-50.459484,43.155495,-303.073059,-51.005676,-127.039894,-222.154190,-54.512184,-209.442581,12.918563,-54.348995,-127.316978,181.856430,-53.473469,272.276031,183.307831,-46.118896,356.961304,-50.476467,-46.943954,69.529495,14.022683,-54.880222,83.046875,655.117004,-9.872487
339,1.695000,105.254097,263.149078,-49.436630,225.886536,-260.379456,-50.460148,43.159534,-303.070557,-51.010170,-127.041054,-222.156540,-54.517952,-209.448334,12.927763,-54.351265,-127.320084,181.855972,-53.475338,272.278442,183.309662,-46.117855,356.960815,-50.478203,-46.930328,69.530045,14.017613,-54.892773,83.047318,655.111938,-9.869794
340,1.700000,105.272736,263.149933,-49.448170,225.882858,-260.371735,-50.458336,43.152752,-303.079346,-51.003365,-127.038689,-222.155289,-54.511211,-209.445358,12.921292,-54.357941,-127.307358,181.862717,-53.467846,272.274292,183.306488,-46.106747,356.960052,-50.480846,-46.942066,69.532249,14.015294,-54.889576,83.050003,655.110718,-9.869356
341,1.705000,105.257149,263.143341,-49.437298,225.879166,-260.377472,-50.472382,43.152779,-303.075806,-51.005108,-127.041283,-222.155411,-54.515762,-209.447418,12.923063,-54.346210,-127.317535,181.861710,-53.476608,272.275085,183.310349,-46.116894,356.961884,-50.484879,-46.938400,69.534088,14.021791,-54.889832,83.044121,655.107422,-9.865885
342,1.710000,105.255020,263.146057,-49.436337,225.878342,-260.376160,-50.470825,43.160549,-303.073975,-51.003242,-127.041336,-222.156769,-54.512924,-209.451050,12.924696,-54.355846,-127.321899,181.862396,-53.474747,272.278625,183.313171,-46.120041,356.959717,-50.479080,-46.939804,69.531929,14.025844,-54.889172,83.047729,655.113098,-9.863976
343,1.715000,105.255119,263.146851,-49.443188,225.882385,-260.374847,-50.458500,43.153374,-303.071259,-51.004734,-127.040359,-222.155792,-54.513092,-209.444794,12.922524,-54.348854,-127.320915,181.860001,-53.479477,272.276031,183.310150,-46.116673,356.957001,-50.477814,-46.944405,69.527977,14.022973,-54.888592,83.053207,655.115906,-9.872573
344,1.720000,105.254570,263.145294,-49.438286,225.876297,-260.376953,-50.470402,43.156506,-303.078674,-51.003593,-127.039749,-222.164169,-54.517345,-209.442825,12.920508,-54.353600,-127.317787,181.864853,-53.474022,272.282166,183.308960,-46.116909,356.961273,-50.480244,-46.955238,69.527435,14.016926,-54.890320,83.052460,655.107971,-9.871474
345,1.725000,105.268288,263.150330,-49.441551,225.881683,-260.374451,-50.455490,43.154007,-303.077423,-51.001675,-127.037483,-222.159500,-54.517117,-209.446457,12.921674,-54.353889,-127.318649,181.861618,-53.475594,272.277832,183.307114,-46.122730,356.963715,-50.481842,-46.936993,69.530205,14.021996,-54.885559,83.046196,655.110657,-9.866949
346,1.730000,105.260239,263.148193,-49.439720,225.873886,-260.376099,-50.463413,43.162582,-303.071259,-50.997982,-127.043411,-222.156677,-54.509365,-209.443253,12.927771,-54.347408,-127.318130,181.860733,-53.473011,272.277985,183.309174,-46.115799,356.963013,-50.479660,-46.944881,69.528702,14.022130,-54.890274,83.048920,655.117859,-9.867394
347,1.735000,105.255249,263.150543,-49.440475,225.881226,-260.371216,-50.455517,43.156216,-303.071899,-51.009396,-127.041771,-222.154114,-54.513752,-209.447372,12.928170,-54.344296,-127.314049,181.862564,-53.473236,272.275513,183.315262,-46.109730,356.960388,-50.479877,-46.946289,69.531403,14.023483,-54.889210,83.048889,655.117432,-9.869188
348,1.740000,105.253380,263.144531,-49.439846,225.877136,-260.375214,-50.469593,43.156174,-303.074341,-51.004475,-127.037537,-222.163376,-54.511402,-209.448395,12.924559,-54.343941,-127.315460,181.858078,-53.466248,272.279846,183.308228,-46.118702,356.959198,-50.481438,-46.941658,69.536224,14.021894,-54.886421,83.048279,655.114502,-9.872576
349,1.745000,105.257744,263.147339,-49.443359,225.880539,-260.371796,-50.469688,43.154366,-303.075989,-51.000607,-127.038925,-222.156723,-54.514404,-209.445663,12.923188,-54.351559,-127.310631,181.860550,-53.477356,272.276398,183.308960,-46.117199,356.965393,-50.482624,-46.940769,69.535545,14.019402,-54.886772,83.049156,655.112976,-9.869325
350,1.750000,105.259514,263.146912,-49.440907,225.880188,-260.375214,-50.469097,43.156307,-303.076355,-51.005608,-127.038391,-222.159348,-54.518829,-209.441940,12.918474,-54.350002,-127.319710,181.858078,-53.474777,272.277557,183.309021,-46.117813,356.962402,-50.481979,-46.936718,69.528542,14.022652,-54.888077,83.048317,655.114197,-9.872331
351,1.755000,105.252548,263.149750,-49.448776,225.877396,-260.377411,-50.454739,43.152855,-303.073486,-51.000637,-127.038017,-222.159454,-54.517811,-209.449127,12.922677,-54.355236,-127.316284,181.860306,-53.473064,272.278259,183.309006,-46.113125,356.959747,-50.480606,-46.949467,69.528465,14.020017,-54.893391,83.046761,655.118896,-9.872045
352,1.760000,105.251656,263.148499,-49.441978,225.878815,-260.373413,-50.461445,43.152111,-303.074341,-51.008293,-127.039474,-222.160522,-54.517056,-209.444977,12.919744,-54.351288,-127.310890,181.859482,-53.476826,272.279663,183.309341,-46.119003,356.963440,-50.480999,-46.937580,69.533928,14.023001,-54.882545,83.050148,655.113892,-9.873463
353,1.765000,105.259560,263.145355,-49.443081,225.879196,-260.373993,-50.463089,43.151566,-303.077271,-51.004860,-127.040756,-222.157974,-54.510948,-209.449539,12.922002,-54.351200,-127.314705,181.861862,-53.466282,272.274963,183.306305,-46.114689,356.957123,-50.482513,-46.936928,69.531662,14.021371,-54.888561,83.053444,655.112244,-9.871587
354,1.770000,105.260437,263.145905,-49.441891,225.883408,-260.376831,-50.466805,43.151699,-303.076904,-51.000717,-127.037270,-222.157684,-54.518364,-209.449402,12.919480,-54.350891,-127.313492,181.856781,-53.469780,272.282532,183.307068,-46.119453,356.960938,-50.478985,-46.938526,69.536057,14.020940,-54.890930,83.050255,655.112549,-9.865117
355,1.775000,105.257507,263.147461,-49.440685,225.878296,-260.377319,-50.462318,43.158859,-303.073242,-50.999733,-127.038673,-222.156509,-54.508198,-209.449036,12.918833,-54.349537,-127.322571,181.859085,-53.472092,272.275696,183.310715,-46.117832,356.964996,-50.481964,-46.941101,69.532082,14.023715,-54.892056,83.041618,655.113831,-9.867736
356,1.780000,105.257629,263.148804,-49.438873,225.882233,-260.374054,-50.460987,43.157791,-303.073853,-51.001175,-127.044617,-222.153961,-54.513435,-209.451538,12.922758,-54.351837,-127.321449,181.857040,-53.475410,272.280334,183.308655,-46.115063,356.960632,-50.480827,-46.944530,69.525101,14.019208,-54.888313,83.046036,655.112793,-9.871547
357,1.785000,105.269180,263.152222,-49.443489,225.881104,-260.370880,-50.458275,43.158367,-303.074890,-51.001392,-127.041664,-222.155258,-54.513912,-209.443222,12.927163,-54.350254,-127.316666,181.858551,-53.470573,272.276520,183.306961,-46.114208,356.960388,-50.477680,-46.931969,69.532120,14.018454,-54.890804,83.047569,655.116699,-9.869392
358,1.790000,105.261703,263.148132,-49.432808,225.883331,-260.368866,-50.455315,43.161461,-303.077026,-51.010826,-127.039238,-222.156860,-54.515282,-209.447983,12.927631,-54.354977,-127.315056,181.861618,-53.465179,272.278717,183.311066,-46.114437,356.961029,-50.476471,-46.939499,69.531700,14.023155,-54.887890,83.050995,655.118469,-9.866716
359,1.795000,105.259117,263.147858,-49.438961,225.882858,-260.371765,-50.452110,43.155224,-303.072540,-51.003639,-127.038361,-222.158188,-54.513184,-209.439346,12.922920,-54.345310,-127.317863,181.858215,-53.468075,272.278412,183.311966,-46.110046,356.960693,-50.478855,-46.943691,69.532372,14.022465,-54.880630,83.044113,655.115906,-9.878091
360,1.800000,105.253716,263.150452,-49.432640,225.877472,-260.374359,-50.467091,43.147713,-303.074554,-51.004215,-127.038094,-222.164185,-54.517075,-209.443985,12.922280,-54.339661,-127.322258,181.862717,-53.466831,272.277191,183.310745,-46.115639,356.959167,-50.482758,-46.936783,69.531143,14.021076,-54.888126,83.048264,655.114197,-9.871611
361,1.805000,105.254318,263.147369,-49.439560,225.884079,-260.372375,-50.460072,43.158237,-303.071198,-51.006599,-127.036751,-222.152390,-54.514324,-209.444687,12.923249,-54.346165,-127.317238,181.859467,-53.468544,272.279419,183.312195,-46.111900,356.961853,-50.481792,-46.941807,69.529404,14.019509,-54.898426,83.047760,655.112671,-9.876861
362,1.810000,105.256363,263.143890,-49.436062,225.877014,-260.375458,-50.458103,43.152466,-303.075653,-51.007210,-127.038895,-222.162750,-54.511387,-209.444733,12.921988,-54.348179,-127.314476,181.862823,-53.480278,272.276581,183.307739,-46.120621,356.959564,-50.481037,-46.937584,69.529694,14.024876,-54.890125,83.051018,655.108826,-9.868721
363,1.815000,105.254181,263.150116,-49.434788,225.874405,-260.379883,-50.459930,43.153259,-303.074646,-51.003841,-127.036613,-222.160355,-54.516182,-209.447693,12.921384,-54.351158,-127.315254,181.858856,-53.476749,272.276733,183.308350,-46.107689,356.960388,-50.482288,-46.943443,69.527351,14.023831,-54.882076,83.046120,655.113953,-9.869291
364,1.820000,105.256577,263.149597,-49.444210,225.878036,-260.376404,-50.469784,43.157310,-303.074249,-51.007347,-127.040611,-222.155991,-54.510807,-209.449448,12.924817,-54.346100,-127.321449,181.861526,-53.472992,272.277008,183.311859,-46.118191,356.962616,-50.481010,-46.940407,69.534775,14.019821,-54.886917,83.044724,655.112549,-9.869525
365,1.825000,105.252510,263.144623,-49.447643,225.877838,-260.373596,-50.464890,43.155640,-303.071991,-51.012012,-127.041283,-222.160446,-54.510597,-209.446243,12.925739,-54.345028,-127.320808,181.861557,-53.474144,272.280609,183.307983,-46.119938,356.964508,-50.478470,-46.946228,69.530952,14.017906,-54.891090,83.047913,655.114624,-9.868681
366,1.830000,105.262154,263.146820,-49.439686,225.882217,-260.368958,-50.456844,43.154457,-303.077057,-51.006168,-127.038910,-222.162033,-54.517868,-209.448486,12.917148,-54.360096,-127.312111,181.858185,-53.473396,272.280151,183.308151,-46.116669,356.964752,-50.483181,-46.949306,69.531517,14.024392,-54.888443,83.043892,655.113159,-9.873244
367,1.835000,105.255646,263.145966,-49.442123,225.880585,-260.381104,-50.465618,43.161083,-303.075073,-50.999680,-127.034904,-222.158066,-54.510551,-209.445023,12.924617,-54.347691,-127.317039,181.858978,-53.474174,272.281769,183.307495,-46.112705,356.964569,-50.481365,-46.938374,69.530701,14.022728,-54.878212,83.046028,655.110718,-9.868021
368,1.840000,105.258087,263.145569,-49.435081,225.879700,-260.372406,-50.458172,43.154064,-303.073120,-51.004543,-127.038330,-222.157089,-54.509010,-209.446259,12.921482,-54.356236,-127.315239,181.859253,-53.473801,272.276337,183.307220,-46.117825,356.963196,-50.479500,-46.942406,69.531197,14.022045,-54.880447,83.048157,655.115356,-9.871886
369,1.845000,105.255920,263.146881,-49.443989,225.880173,-260.371490,-50.457836,43.155544,-303.073151,-51.008366,-127.039223,-222.160568,-54.507626,-209.449768,12.925261,-54.343983,-127.318771,181.859131,-53.471752,272.279419,183.305145,-46.118786,356.960510,-50.486305,-46.949039,69.530922,14.018117,-54.887028,83.047348,655.113525,-9.870650
370,1.850000,105.255203,263.146759,-49.445225,225.884888,-260.375610,-50.463223,43.152039,-303.074951,-51.002453,-127.037064,-222.156769,-54.511097,-209.442032,12.923040,-54.345837,-127.312538,181.860016,-53.469448,272.269958,183.308472,-46.110035,356.961792,-50.484600,-46.942398,69.529755,14.017923,-54.891441,83.051125,655.111023,-9.868093
371,1.855000,105.253418,263.145874,-49.439613,225.881973,-260.374725,-50.462193,43.155117,-303.075897,-51.010345,-127.037346,-222.160477,-54.516598,-209.442551,12.921959,-54.349022,-127.316475,181.861359,-53.482693,272.280975,183.307968,-46.117325,356.960205,-50.482468,-46.942089,69.529808,14.020567,-54.881466,83.051743,655.114136,-9.869116
372,1.860000,105.254173,263.152863,-49.438030,225.878189,-260.373199,-50.458984,43.152370,-303.071594,-51.006901,-127.040710,-222.157532,-54.516811,-209.444641,12.924382,-54.352863,-127.314552,181.865448,-53.473412,272.277313,183.312744,-46.119125,356.962982,-50.476273,-46.940254,69.535652,14.023327,-54.892529,83.049721,655.116821,-9.865285
373,1.865000,105.255882,263.151459,-49.437565,225.878922,-260.379791,-50.476315,43.153957,-303.068634,-51.001118,-127.037750,-222.156754,-54.515129,-209.449966,12.924403,-54.354973,-127.315598,181.858902,-53.472668,272.277924,183.306396,-46.113899,356.964447,-50.480297,-46.937920,69.534996,14.021178,-54.884769,83.051117,655.117065,-9.874939
374,1.870000,105.254959,263.149567,-49.443951,225.883942,-260.374908,-50.457191,43.158489,-303.071686,-50.999985,-127.034561,-222.156006,-54.513382,-209.445023,12.922709,-54.341164,-127.316833,181.856155,-53.472980,272.274933,183.307312,-46.110062,356.956085,-50.483063,-46.940388,69.529373,14.022937,-54.885143,83.048820,655.110901,-9.868164
375,1.875000,105.257156,263.148743,-49.436798,225.878250,-260.376892,-50.454655,43.160576,-303.074005,-51.001720,-127.042892,-222.155807,-54.513885,-209.442123,12.924892,-54.338715,-127.315071,181.861435,-53.468739,272.277588,183.309723,-46.112469,356.963959,-50.481331,-46.938118,69.532913,14.024817,-54.885227,83.050354,655.110657,-9.868547
376,1.880000,105.253960,263.149811,-49.436642,225.874954,-260.373962,-50.454800,43.157413,-303.072815,-51.002682,-127.042099,-222.154922,-54.510303,-209.439911,12.925554,-54.359062,-127.320053,181.860321,-53.466991,272.283417,183.310486,-46.116383,356.965454,-50.483452,-46.942959,69.525612,14.022761,-54.880970,83.054527,655.112427,-9.868287
377,1.885000,105.253922,263.150330,-49.434635,225.876785,-260.376007,-50.458866,43.155823,-303.071991,-51.003925,-127.039757,-222.154602,-54.514812,-209.448074,12.921962,-54.353050,-127.319275,181.855347,-53.477997,272.277130,183.312820,-46.118668,356.966217,-50.480423,-46.940063,69.530548,14.022406,-54.886116,83.049698,655.113953,-9.865534
378,1.890000,,,,,,,,,,,,,,,,,,,,,,,,,,,,,,
379,1.895000,105.254059,263.146606,-49.442776,225.881577,-260.372833,-50.457733,43.154305,-303.075775,-50.997467,-127.038956,-222.155273,-54.514179,-209.442688,12.924986,-54.354519,-127.316757,181.859589,-53.473392,272.281677,183.308533,-46.115318,356.960907,-50.481171,-46.945450,69.528603,14.023800,-54.881935,83.052032,655.118042,-9.870577
380,1.900000,105.260521,263.149719,-49.438988,225.884598,-260.375366,-50.455368,43.159168,-303.072510,-50.997723,-127.035858,-222.156235,-54.516388,-209.439926,12.925937,-54.346390,-127.318993,181.859711,-53.472038,272.282410,183.309982,-46.119633,356.962952,-50.476059,-46.932858,69.530327,14.023766,-54.884430,83.053505,655.115356,-9.872742
381,1.905000,105.254974,263.146301,-49.434116,225.877930,-260.380432,-50.469212,43.155045,-303.072906,-51.009228,-127.040550,-222.160233,-54.508835,-209.445480,12.921320,-54.345688,-127.321602,181.855835,-53.475872,272.279022,183.303085,-46.118183,356.963318,-50.478489,-46.942917,69.531960,14.024057,-54.884544,83.051094,655.113037,-9.865990
382,1.910000,105.252571,263.146820,-49.438873,225.877945,-260.375824,-50.460926,43.154293,-303.074402,-50.997719,-127.040550,-222.158661,-54.511169,-209.444946,12.915315,-54.353527,-127.317963,181.857452,-53.475101,272.277313,183.305618,-46.119072,356.960876,-50.477116,-46.932892,69.535545,14.020295,-54.888599,83.051323,655.113525,-9.867173
383,1.915000,105.255524,263.147614,-49.437462,225.883698,-260.369385,-50.458908,43.153809,-303.074097,-51.007328,-127.040627,-222.153946,-54.509445,-209.444702,12.924022,-54.358196,-127.316711,181.857376,-53.465626,272.278015,183.305756,-46.121887,356.966217,-50.473980,-46.933922,69.535751,14.018391,-54.886497,83.049614,655.112061,-9.871897
384,1.920000,105.261086,263.148376,-49.442413,225.881088,-260.369354,-50.463573,43.152847,-303.070892,-50.998646,-127.037254,-222.156540,-54.508179,-209.445114,12.922338,-54.353348,-127.313148,181.860382,-53.462677,272.282166,183.309723,-46.115292,356.965057,-50.481983,-46.939186,69.530907,14.019529,-54.878109,83.049034,655.113953,-9.871517
385,1.925000,105.259628,263.151001,-49.434551,225.883514,-260.376190,-50.456455,43.160641,-303.074646,-50.996929,-127.038406,-222.157608,-54.514339,-209.445648,12.921975,-54.346397,-127.318817,181.858948,-53.467072,272.277893,183.307327,-46.110435,356.961456,-50.478432,-46.939140,69.527908,14.022166,-54.895809,83.048691,655.117065,-9.874328
386,1.930000,105.259079,263.147522,-49.438160,225.879807,-260.366882,-50.462830,43.147812,-303.070343,-51.004120,-127.041977,-222.160965,-54.514843,-209.447922,12.923696,-54.349583,-127.320961,181.855316,-53.470181,272.270996,183.309921,-46.113735,356.961395,-50.481956,-46.940086,69.531433,14.020301,-54.884941,83.046051,655.111938,-9.866155
387,1.935000,105.258392,263.145996,-49.441952,225.879044,-260.371338,-50.457241,43.152550,-303.073822,-51.005272,-127.043236,-222.153702,-54.515442,-209.443298,12.921431,-54.359734,-127.318710,181.856445,-53.471893,272.280914,183.308426,-46.114952,356.962860,-50.481686,-46.945145,69.533035,14.022644,-54.885128,83.049843,655.112732,-9.869583
388,1.940000,105.255707,263.149750,-49.439289,225.881256,-260.372650,-50.460735,43.156342,-303.071960,-51.001995,-127.040657,-222.162231,-54.514969,-209.438583,12.921819,-54.342960,-127.318367,181.861145,-53.475266,272.278015,183.312302,-46.109207,356.963013,-50.476757,-46.937950,69.530991,14.021603,-54.882896,83.048157,655.112244,-9.870761
389,1.945000,105.256653,263.143555,-49.439449,225.874268,-260.377197,-50.463814,43.155483,-303.070282,-50.999298,-127.039505,-222.152710,-54.514420,-209.449280,12.925695,-54.337280,-127.314690,181.861298,-53.477737,272.279602,183.307953,-46.112423,356.958496,-50.479408,-46.939045,69.535164,14.022651,-54.889801,83.049255,655.115784,-9.868477
390,1.950000,105.250862,263.145874,-49.440632,225.877731,-260.376190,-50.460682,43.156067,-303.072205,-51.006741,-127.038177,-222.159042,-54.512188,-209.447083,12.923246,-54.353523,-127.314926,181.860031,-53.473137,272.274048,183.306702,-46.107452,356.960388,-50.484840,-46.941521,69.536400,14.021922,-54.885326,83.049728,655.113953,-9.872208
391,1.955000,105.256775,263.146881,-49.439915,225.875504,-260.377869,-50.467670,43.156643,-303.071014,-51.006088,-127.039429,-222.160919,-54.517986,-209.450302,12.919885,-54.354900,-127.319382,181.857559,-53.481750,272.282318,183.302841,-46.115459,356.959503,-50.483196,-46.944038,69.530144,14.021406,-54.885769,83.047897,655.113098,-9.867636
392,1.960000,105.256142,263.148590,-49.435707,225.874878,-260.378143,-50.461128,43.161839,-303.071350,-50.999207,-127.040443,-222.157471,-54.516933,-209.440720,12.925117,-54.353565,-127.314064,181.861038,-53.475292,272.273438,183.301422,-46.113609,356.960114,-50.482533,-46.942764,69.528931,14.024283,-54.879223,83.049583,655.110596,-9.872536
393,1.965000,105.258255,263.147858,-49.436649,225.881409,-260.373444,-50.461758,43.156952,-303.077942,-51.005630,-127.044228,-222.150726,-54.511242,-209.446091,12.924866,-54.355087,-127.310890,181.860229,-53.471863,272.278900,183.307648,-46.116371,356.961578,-50.482269,-46.946198,69.530823,14.023285,-54.889244,83.049309,655.112427,-9.872693
394,1.970000,105.259171,263.147736,-49.439922,225.881943,-260.379578,-50.465343,43.153725,-303.073090,-51.001766,-127.041023,-222.158401,-54.515137,-209.447937,12.926143,-54.347546,-127.320068,181.857208,-53.477898,272.278137,183.310623,-46.118622,356.964508,-50.480534,-46.938496,69.534607,14.021210,-54.888050,83.047615,655.116638,-9.867213
395,1.975000,105.255287,263.150452,-49.436729,225.879181,-260.372375,-50.462421,43.151497,-303.079865,-51.005375,-127.041039,-222.160751,-54.509472,-209.445938,12.924463,-54.352303,-127.318680,181.854828,-53.466396,272.277008,183.307739,-46.111755,356.959839,-50.481831,-46.935917,69.535393,14.021143,-54.891552,83.051033,655.115295,-9.869348
396,1.980000,105.256599,263.143738,-49.441589,225.880951,-260.372314,-50.466892,43.158234,-303.074921,-51.003422,-127.042992,-222.158936,-54.516918,-209.439545,12.926777,-54.346622,-127.315399,181.861252,-53.475590,272.277191,183.307693,-46.118088,356.960632,-50.485992,-46.944515,69.531349,14.019779,-54.885647,83.052444,655.112854,-9.868882
397,1.985000,105.253899,263.149750,-49.440784,225.878418,-260.378082,-50.466175,43.157108,-303.072601,-51.001797,-127.039909,-222.156998,-54.516396,-209.444916,12.918387,-54.353184,-127.315971,181.856216,-53.470825,272.278351,183.315308,-46.113960,356.965485,-50.472912,-46.938057,69.533257,14.026363,-54.887798,83.045067,655.113708,-9.870698
398,1.990000,105.255775,263.151581,-49.442226,225.874420,-260.373749,-50.463470,43.158981,-303.074280,-51.000053,-127.040909,-222.157257,-54.518345,-209.446671,12.929179,-54.345715,-127.318192,181.859100,-53.472836,272.277222,183.311554,-46.118126,356.963562,-50.481758,-46.939629,69.533844,14.025932,-54.886730,83.047981,655.115601,-9.870068
399,1.995000,105.255699,263.146118,-49.433254,225.880981,-260.377533,-50.466602,43.155769,-303.075073,-51.002850,-127.035156,-222.160141,-54.524921,-209.446701,12.920218,-54.348862,-127.317696,181.859238,-53.477383,272.278473,183.307465,-46.111263,356.958649,-50.480606,-46.941437,69.537758,14.019451,-54.888508,83.048752,655.115173,-9.867908
400,2.000000,105.257362,263.148102,-49.435287,225.879761,-260.369537,-50.452747,43.156456,-303.070709,-50.995338,-127.042221,-222.156235,-54.513931,-209.444794,12.922663,-54.350231,-127.315414,181.852600,-53.469540,272.279480,183.306168,-46.117592,356.963165,-50.479954,-46.938595,69.533676,14.020464,-54.886566,83.052811,655.112610,-9.871977
401,2.005000,105.254410,263.148499,-49.436935,225.878281,-260.372894,-50.457359,43.159649,-303.073425,-51.008945,-127.036926,-222.158615,-54.509964,-209.446945,12.923966,-54.350311,-127.314552,181.852188,-53.476070,272.283508,183.310806,-46.116383,356.963898,-50.481709,-46.939148,69.530388,14.025181,-54.879929,83.041206,655.114441,-9.874463
402,2.010000,105.256172,263.148804,-49.439732,225.879105,-260.381012,-50.463993,43.153999,-303.073730,-51.006920,-127.039909,-222.156250,-54.512070,-209.448135,12.925742,-54.351276,-127.320084,181.862305,-53.471062,272.279785,183.306808,-46.118263,356.966736,-50.475616,-46.938660,69.531517,14.021417,-54.888515,83.045349,655.111877,-9.864619
403,2.015000,105.257362,263.142670,-49.434486,225.877960,-260.372162,-50.462326,43.153618,-303.074280,-51.006077,-127.039330,-222.159882,-54.521763,-209.443542,12.922446,-54.343990,-127.316116,181.860092,-53.471008,272.277222,183.306824,-46.110073,356.956390,-50.482929,-46.939556,69.534386,14.016912,-54.894440,83.048775,655.114990,-9.870852
404,2.020000,105.256737,263.147034,-49.443810,225.879944,-260.371674,-50.475662,43.157597,-303.074097,-51.003342,-127.042053,-222.160278,-54.516743,-209.448761,12.921155,-54.349892,-127.318558,181.858902,-53.474751,272.277130,183.306030,-46.115284,356.960602,-50.483521,-46.941212,69.530609,14.020346,-54.889530,83.049126,655.109253,-9.869506
405,2.025000,105.258690,263.147034,-49.443489,225.882584,-260.372986,-50.457500,43.157803,-303.075836,-51.004894,-127.044678,-222.154999,-54.510818,-209.443909,12.922206,-54.345779,-127.315521,181.859756,-53.473316,272.276672,183.309662,-46.114422,356.965179,-50.476994,-46.936920,69.531303,14.021111,-54.887131,83.050018,655.114380,-9.873168
406,2.030000,105.259735,263.150421,-49.432545,225.881226,-260.374146,-50.456913,43.157619,-303.078125,-50.998871,-127.038551,-222.157410,-54.514362,-209.445114,12.925423,-54.351978,-127.319366,181.857666,-53.482574,272.277985,183.303513,-46.115593,356.961487,-50.480434,-46.942764,69.531448,14.026929,-54.882015,83.047653,655.111328,-9.865618
407,2.035000,105.255684,263.144531,-49.438614,225.882034,-260.375244,-50.454166,43.158714,-303.074463,-51.003536,-127.041313,-222.159393,-54.516701,-209.446686,12.926635,-54.356632,-127.318802,181.860291,-53.474426,272.273865,183.306427,-46.112514,356.964111,-50.475765,-46.931053,69.530510,14.013993,-54.887173,83.046608,655.114990,-9.872997
408,2.040000,105.255219,263.144196,-49.444645,225.877777,-260.373047,-50.459846,43.150383,-303.078979,-51.007851,-127.040756,-222.159348,-54.514919,-209.440277,12.922343,-54.345428,-127.317322,181.857758,-53.474010,272.283142,183.306030,-46.121880,356.963837,-50.483532,-46.946686,69.531425,14.021741,-54.886913,83.050438,655.112427,-9.873650
409,2.045000,105.257034,263.148804,-49.433846,225.875748,-260.375214,-50.457081,43.153580,-303.073151,-50.999733,-127.042084,-222.152756,-54.509491,-209.445572,12.923079,-54.355354,-127.318535,181.861542,-53.475868,272.280334,183.305679,-46.116562,356.959015,-50.475777,-46.935471,69.530586,14.024335,-54.890133,83.047287,655.114685,-9.873693
410,2.050000,105.256866,263.144226,-49.438564,225.881897,-260.373871,-50.461983,43.154137,-303.076019,-51.005680,-127.035797,-222.157486,-54.510059,-209.444397,12.924475,-54.349056,-127.319321,181.860474,-53.472416,272.277618,183.312622,-46.119953,356.965240,-50.475681,-46.940166,69.532417,14.023540,-54.878464,83.047043,655.113892,-9.872502
411,2.055000,105.256607,263.149109,-49.445679,225.878448,-260.374908,-50.468929,43.156784,-303.075989,-51.013512,-127.039864,-222.157333,-54.508728,-209.444229,12.923471,-54.349354,-127.318039,181.864899,-53.477348,272.276672,183.311569,-46.112877,356.963531,-50.480827,-46.942047,69.536858,14.022706,-54.885071,83.052078,655.114685,-9.872283
412,2.060000,105.257004,263.145477,-49.441715,225.886536,-260.374268,-50.454674,43.154476,-303.073212,-51.001789,-127.043114,-222.159363,-54.517998,-209.445297,12.926572,-54.350925,-127.319382,181.856415,-53.473076,272.275757,183.307037,-46.114971,356.960358,-50.477833,-46.937675,69.529495,14.021913,-54.879734,83.047440,655.111328,-9.871503
413,2.065000,105.261116,263.141541,-49.445747,225.881073,-260.376129,-50.463284,43.155674,-303.071045,-50.996296,-127.046410,-222.158966,-54.521248,-209.443741,12.925589,-54.343914,-127.318161,181.857376,-53.478176,272.275146,183.309265,-46.113884,356.963226,-50.484856,-46.942558,69.534836,14.017980,-54.884945,83.046822,655.117065,-9.873519
414,2.070000,105.257607,263.142578,-49.446426,225.880478,-260.370636,-50.439281,43.155113,-303.072632,-51.004963,-127.042320,-222.159592,-54.515045,-209.445572,12.923477,-54.354721,-127.309547,181.856949,-53.475433,272.276093,183.304199,-46.116966,356.966400,-50.478405,-46.941624,69.531647,14.019020,-54.883385,83.053741,655.112244,-9.875813
415,2.075000,105.256874,263.150085,-49.436798,225.881363,-260.372437,-50.457378,43.151192,-303.074585,-51.007778,-127.039429,-222.158401,-54.515404,-209.441391,12.923340,-54.349522,-127.314034,181.859497,-53.474430,272.277649,183.310883,-46.110687,356.961182,-50.476696,-46.941143,69.530998,14.024503,-54.886875,83.046776,655.111328,-9.874037
416,2.080000,105.257133,263.150360,-49.432915,225.878708,-260.373322,-50.468647,43.157600,-303.073669,-51.009735,-127.042130,-222.157181,-54.517071,-209.446442,12.923882,-54.351994,-127.316238,181.860245,-53.481094,272.278992,183.306732,-46.122215,356.959717,-50.479889,-46.937862,69.533676,14.022368,-54.875610,83.049576,655.110291,-9.870249
417,2.085000,105.251472,263.149017,-49.439930,225.884583,-260.373108,-50.460472,43.157520,-303.075226,-51.002567,-127.041725,-222.160660,-54.515209,-209.442795,12.923033,-54.351757,-127.321068,181.856583,-53.476707,272.280853,183.307068,-46.118011,356.965485,-50.483021,-46.943405,69.529686,14.026996,-54.880001,83.050980,655.113525,-9.867944
418,2.090000,105.256630,263.151276,-49.437386,225.882797,-260.370392,-50.452908,43.157528,-303.072449,-51.000950,-127.034065,-222.154510,-54.510765,-209.445312,12.928361,-54.349598,-127.313629,181.862289,-53.474651,272.274689,183.311035,-46.119785,356.966064,-50.480976,-46.943279,69.533890,14.018868,-54.886673,83.051605,655.112122,-9.871243
419,2.095000,105.260727,263.150665,-49.439804,225.877777,-260.374420,-50.463322,43.155998,-303.072876,-50.999866,-127.037987,-222.158417,-54.515079,-209.445419,12.922902,-54.345718,-127.312302,181.853012,-53.479214,272.277161,183.309952,-46.115200,356.964081,-50.484940,-46.946720,69.531738,14.021096,-54.889244,83.052574,655.109985,-9.869208
420,2.100000,105.254776,263.148560,-49.445644,225.879013,-260.373718,-50.458847,43.150822,-303.077057,-51.006531,-127.037483,-222.157318,-54.518723,-209.438995,12.920193,-54.351601,-127.316193,181.856415,-53.475456,272.278381,183.304550,-46.117645,356.966492,-50.479488,-46.942421,69.533737,14.020794,-54.883408,83.049210,655.114014,-9.872721
421,2.105000,105.258560,263.146027,-49.440842,225.880035,-260.378174,-50.470306,43.151970,-303.069916,-50.994274,-127.039116,-222.157303,-54.517231,-209.441406,12.922443,-54.351002,-127.313316,181.857452,-53.468719,272.276917,183.308228,-46.113693,356.962860,-50.479504,-46.940563,69.526741,14.023225,-54.883892,83.047188,655.108215,-9.867319
422,2.110000,105.259544,263.146881,-49.442741,225.875534,-260.378204,-50.474617,43.157642,-303.077057,-51.007256,-127.036499,-222.155060,-54.515427,-209.444778,12.928222,-54.349403,-127.318604,181.858932,-53.466919,272.281128,183.308304,-46.118973,356.956909,-50.484287,-46.945042,69.528915,14.026621,-54.876781,83.051414,655.113098,-9.871518
423,2.115000,105.258453,263.147858,-49.431305,225.879715,-260.375031,-50.461430,43.152840,-303.074066,-51.005733,-127.038910,-222.153854,-54.517982,-209.440002,12.923995,-54.355625,-127.315033,181.856339,-53.469749,272.276917,183.308716,-46.114719,356.962067,-50.478378,-46.942657,69.529610,14.024406,-54.883133,83.045433,655.114441,-9.876987
424,2.120000,105.259781,263.148865,-49.437866,225.882217,-260.376617,-50.463585,43.156921,-303.075317,-51.001656,-127.045929,-222.155121,-54.510090,-209.440872,12.923516,-54.350601,-127.316429,181.859650,-53.474998,272.278229,183.308990,-46.123283,356.961151,-50.476944,-46.939175,69.533417,14.020340,-54.888596,83.046654,655.116333,-9.871663
425,2.125000,105.252968,263.146759,-49.446949,225.877640,-260.373871,-50.464306,43.154026,-303.074921,-51.008022,-127.037483,-222.153030,-54.512314,-209.445236,12.925095,-54.349903,-127.315834,181.865204,-53.467358,272.277405,183.311569,-46.117271,356.957581,-50.481300,-46.942799,69.531059,14.020612,-54.877914,83.046402,655.112000,-9.873014
426,2.130000,105.255562,263.144318,-49.438034,225.877960,-260.368256,-50.455170,43.151096,-303.074646,-51.001411,-127.040970,-222.157166,-54.508739,-209.440903,12.920452,-54.349503,-127.321121,181.861237,-53.466835,272.277893,183.307541,-46.120804,356.962524,-50.472202,-46.937813,69.530785,14.021556,-54.887280,83.053490,655.115295,-9.866555
427,2.135000,105.254562,263.153198,-49.439793,225.879593,-260.367157,-50.458755,43.156776,-303.075409,-51.008461,-127.041740,-222.158752,-54.515694,-209.443253,12.921628,-54.348122,-127.312195,181.856583,-53.467682,272.277985,183.303802,-46.111469,356.965118,-50.476765,-46.941364,69.531998,14.021131,-54.886368,83.045746,655.114990,-9.866418
428,2.140000,105.259361,263.150848,-49.435379,225.878540,-260.375153,-50.458881,43.153740,-303.076721,-51.002777,-127.040657,-222.154694,-54.523842,-209.445007,12.923370,-54.348114,-127.314896,181.859085,-53.476597,272.277069,183.310684,-46.117065,356.964752,-50.477978,-46.944099,69.534554,14.023604,-54.881336,83.054222,655.110168,-9.869316
429,2.145000,105.259163,263.146362,-49.437386,225.881058,-260.371887,-50.455585,43.152958,-303.075378,-51.003731,-127.035812,-222.157333,-54.517910,-209.446472,12.924297,-54.353062,-127.315910,181.860840,-53.477779,272.277496,183.311951,-46.111313,356.962524,-50.480011,-46.937119,69.531219,14.022937,-54.883766,83.052338,655.110596,-9.860876
430,2.150000,105.258392,263.145172,-49.445621,225.877441,-260.376129,-50.460468,43.156036,-303.074097,-51.013058,-127.041641,-222.159302,-54.513962,-209.442535,12.921386,-54.344994,-127.315071,181.859299,-53.470387,272.276917,183.313263,-46.115887,356.962372,-50.477413,-46.941509,69.528694,14.018714,-54.890362,83.044167,655.111450,-9.870650
431,2.155000,105.251556,263.145538,-49.438625,225.879028,-260.372192,-50.456753,43.154015,-303.072479,-51.004677,-127.037201,-222.152039,-54.509544,-209.446609,12.924599,-54.353031,-127.318604,181.862213,-53.478630,272.274567,183.309494,-46.112347,356.957855,-50.478985,-46.940067,69.534431,14.023737,-54.884274,83.046417,655.114441,-9.872814
432,2.160000,105.259979,263.151184,-49.435009,225.885818,-260.372650,-50.450603,43.155582,-303.072601,-51.006660,-127.036598,-222.157776,-54.515072,-209.444321,12.919500,-54.344315,-127.313599,181.856155,-53.471622,272.276337,183.309372,-46.118496,356.962036,-50.477859,-46.941601,69.531921,14.025132,-54.882473,83.049477,655.115479,-9.870484
433,2.165000,105.258354,263.143829,-49.437778,225.875977,-260.376465,-50.461636,43.154987,-303.074615,-51.006931,-127.037811,-222.159668,-54.516094,-209.445160,12.921577,-54.346455,-127.317818,181.863266,-53.476498,272.281738,183.313141,-46.111256,356.959625,-50.479458,-46.939690,69.530518,14.015945,-54.894924,83.046478,655.117188,-9.870453
434,2.170000,105.259125,263.151306,-49.442467,225.879120,-260.374359,-50.465584,43.153267,-303.073151,-51.005207,-127.044441,-222.153412,-54.510857,-209.446533,12.925513,-54.343914,-127.318756,181.856888,-53.474758,272.278473,183.310181,-46.113411,356.962677,-50.482750,-46.946117,69.533554,14.021746,-54.894199,83.049622,655.110840,-9.865818
435,2.175000,105.256836,263.146515,-49.441963,225.877518,-260.375153,-50.459187,43.151485,-303.072083,-51.002712,-127.037437,-222.156754,-54.515728,-209.443970,12.924334,-54.352562,-127.314926,181.859116,-53.471771,272.276062,183.308609,-46.118851,356.960358,-50.476273,-46.942715,69.529961,14.024184,-54.881054,83.045624,655.115906,-9.870298
436,2.180000,105.258171,263.144318,-49.433857,225.884460,-260.371368,-50.457184,43.152092,-303.075439,-51.002598,-127.043396,-222.159805,-54.509151,-209.445038,12.924456,-54.351490,-127.316864,181.859665,-53.475742,272.281036,183.303345,-46.117134,356.964569,-50.479729,-46.941265,69.529823,14.019082,-54.890545,83.051773,655.113098,-9.870274
437,2.185000,105.257881,263.145508,-49.440945,225.876892,-260.379974,-50.468540,43.155373,-303.075867,-51.005512,-127.037674,-222.161484,-54.515835,-209.445496,12.918782,-54.359768,-127.322525,181.854874,-53.466339,272.276031,183.306610,-46.122761,356.965363,-50.479710,-46.936272,69.529305,14.021434,-54.889675,83.054253,655.113281,-9.869433
438,2.190000,105.255020,263.147186,-49.439934,225.876801,-260.377411,-50.463757,43.155277,-303.072388,-51.008080,-127.039421,-222.158829,-54.514587,-209.444641,12.920590,-54.349991,-127.314079,181.860352,-53.474247,272.278351,183.312729,-46.111607,356.958374,-50.480614,-46.942154,69.531982,14.019646,-54.886745,83.046638,655.114319,-9.872708
439,2.195000,105.252922,263.148621,-49.443420,225.885178,-260.374146,-50.465981,43.152119,-303.073975,-51.010242,-127.038765,-222.156586,-54.511429,-209.449280,12.918004,-54.350483,-127.314865,181.856934,-53.476189,272.276855,183.310211,-46.115200,356.961029,-50.481396,-46.935177,69.532684,14.025263,-54.888309,83.044403,655.113403,-9.867184
440,2.200000,105.256927,263.147095,-49.440704,225.877716,-260.376526,-50.467262,43.155281,-303.076569,-50.998104,-127.035889,-222.154572,-54.512882,-209.447235,12.920365,-54.350471,-127.316162,181.859940,-53.479263,272.278503,183.310196,-46.115021,356.962830,-50.479053,-46.934784,69.535492,14.020172,-54.888504,83.048759,655.112488,-9.870932
441,2.205000,105.256233,263.141418,-49.439804,225.878860,-260.376617,-50.461811,43.157139,-303.077240,-50.999432,-127.040657,-222.158218,-54.511425,-209.438065,12.919861,-54.348476,-127.313896,181.859360,-53.470322,272.277557,183.306732,-46.119812,356.963043,-50.477142,-46.945190,69.533981,14.020226,-54.886532,83.049721,655.114563,-9.870937
442,2.210000,105.256981,263.144104,-49.437729,225.882034,-260.372040,-50.456593,43.155949,-303.073425,-51.004608,-127.034050,-222.157959,-54.512939,-209.441788,12.922459,-54.350739,-127.316040,181.862701,-53.467545,272.277435,183.314911,-46.113129,356.965424,-50.480671,-46.939941,69.534401,14.018372,-54.887363,83.054306,655.113892,-9.865028
443,2.215000,105.252327,263.148651,-49.438427,225.880157,-260.373474,-50.467319,43.155933,-303.068390,-50.994148,-127.036316,-222.154648,-54.511810,-209.444870,12.928514,-54.348522,-127.318962,181.856735,-53.472549,272.277649,183.309021,-46.121632,356.962372,-50.480637,-46.942165,69.532066,14.018476,-54.891525,83.047035,655.116211,-9.868471
444,2.220000,105.255127,263.146149,-49.431004,225.883316,-260.378143,-50.464905,43.158657,-303.077026,-51.010292,-127.038330,-222.157501,-54.517361,-209.442169,12.927142,-54.341465,-127.314491,181.860672,-53.479923,272.281281,183.308685,-46.115887,356.960419,-50.478809,-46.940147,69.532364,14.019163,-54.885429,83.048737,655.114014,-9.866395
445,2.225000,105.258461,263.144836,-49.435089,225.878326,-260.374603,-50.468994,43.158325,-303.073090,-51.008888,-127.038155,-222.156708,-54.514820,-209.444534,12.919565,-54.350243,-127.317162,181.855804,-53.478359,272.276672,183.311035,-46.110973,356.960236,-50.477753,-46.934025,69.536301,14.023885,-54.892647,83.047554,655.114075,-9.872292
446,2.230000,105.258827,263.143585,-49.437836,225.881943,-260.374756,-50.458191,43.154793,-303.072754,-50.996655,-127.038597,-222.158676,-54.516617,-209.446228,12.922555,-54.353016,-127.316132,181.856949,-53.471462,272.278351,183.310455,-46.112267,356.962982,-50.477894,-46.945240,69.531319,14.020801,-54.891903,83.047897,655.114807,-9.871571
447,2.235000,105.260643,263.146729,-49.438023,225.884964,-260.377258,-50.460594,43.161221,-303.078186,-51.007767,-127.038239,-222.158676,-54.517605,-209.440201,12.924493,-54.349159,-127.319992,181.856140,-53.473541,272.273926,183.310425,-46.114456,356.959717,-50.477482,-46.941605,69.529465,14.022732,-54.881592,83.048347,655.111938,-9.867217
448,2.240000,105.249886,263.153381,-49.436611,225.879791,-260.370758,-50.462551,43.154007,-303.077209,-51.007011,-127.036217,-222.156570,-54.515022,-209.449249,12.927006,-54.348251,-127.315346,181.860428,-53.475281,272.274750,183.309296,-46.112247,356.963318,-50.478832,-46.941280,69.528351,14.023044,-54.885048,83.049011,655.113708,-9.869889
449,2.245000,105.256287,263.150970,-49.442081,225.880707,-260.377869,-50.460682,43.152996,-303.077087,-51.008438,-127.040802,-222.158493,-54.510120,-209.444916,12.921949,-54.346668,-127.318947,181.861603,-53.478058,272.282806,183.306595,-46.120029,356.961456,-50.480518,-46.934341,69.535416,14.021480,-54.893330,83.049149,655.110291,-9.867624
450,2.250000,105.257584,263.151001,-49.442974,225.885757,-260.371124,-50.452106,43.156055,-303.075592,-51.007843,-127.042191,-222.157135,-54.513500,-209.443741,12.922620,-54.351410,-127.317665,181.856735,-53.473198,272.280731,183.306061,-46.117657,356.957947,-50.481236,-46.941444,69.529541,14.026322,-54.884403,83.047028,655.111755,-9.868926
451,2.255000,105.251457,263.146088,-49.439350,225.878708,-260.377350,-50.461399,43.150108,-303.073761,-51.006432,-127.039268,-222.157166,-54.510571,-209.445160,12.922428,-54.349094,-127.316444,181.858459,-53.468891,272.278900,183.306366,-46.113014,356.961548,-50.478416,-46.943615,69.530754,14.022438,-54.887291,83.046562,655.112793,-9.871593
452,2.260000,105.259155,263.147949,-49.439838,225.878967,-260.371155,-50.465530,43.160561,-303.079712,-50.999809,-127.034782,-222.153549,-54.515049,-209.444199,12.926538,-54.347534,-127.316956,181.857330,-53.470558,272.279541,183.309204,-46.115582,356.962494,-50.480255,-46.935379,69.533623,14.021648,-54.885632,83.049957,655.114563,-9.871667
453,2.265000,105.259735,263.148499,-49.438438,225.878815,-260.373657,-50.457691,43.155941,-303.077087,-51.001945,-127.038704,-222.155502,-54.512348,-209.452576,12.921845,-54.355171,-127.313461,181.857101,-53.470226,272.274902,183.310593,-46.114208,356.960876,-50.482059,-46.944557,69.531754,14.022983,-54.891006,83.049271,655.112427,-9.866549
454,2.270000,105.257515,263.144043,-49.443974,225.880951,-260.378296,-50.454712,43.154793,-303.074158,-51.006275,-127.037827,-222.154709,-54.512218,-209.443741,12.925624,-54.356152,-127.314316,181.857513,-53.472466,272.281250,183.309830,-46.116055,356.961700,-50.477627,-46.942429,69.528831,14.019616,-54.887875,83.049492,655.116394,-9.872271
455,2.275000,105.261108,263.144836,-49.438412,225.879318,-260.375488,-50.462902,43.158337,-303.076080,-51.007027,-127.037300,-222.159851,-54.509144,-209.447372,12.918593,-54.353394,-127.319489,181.857132,-53.474415,272.282684,183.311737,-46.118195,356.961426,-50.476868,-46.937408,69.529640,14.021670,-54.888412,83.048141,655.114380,-9.866934
456,2.280000,105.255745,263.150909,-49.441494,225.880997,-260.368988,-50.448570,43.155117,-303.073242,-51.006493,-127.041298,-222.156174,-54.514568,-209.441620,12.926746,-54.358120,-127.321434,181.854767,-53.480160,272.279907,183.309052,-46.114647,356.962189,-50.474762,-46.937706,69.533096,14.017469,-54.884655,83.050102,655.115784,-9.867887
457,2.285000,105.255295,263.145203,-49.437107,225.877991,-260.377472,-50.470009,43.154427,-303.075287,-51.009083,-127.033653,-222.157028,-54.511002,-209.442032,12.918297,-54.347244,-127.317635,181.860931,-53.476677,272.280853,183.308640,-46.106384,356.958740,-50.477715,-46.939510,69.533409,14.020306,-54.881981,83.051613,655.109802,-9.868721
458,2.290000,105.256805,263.146362,-49.437183,225.875305,-260.373077,-50.456779,43.157845,-303.075653,-51.002445,-127.045364,-222.159378,-54.507053,-209.446014,12.923536,-54.348171,-127.318542,181.856812,-53.476250,272.276611,183.300812,-46.119617,356.966156,-50.480156,-46.941448,69.531052,14.018403,-54.882782,83.049835,655.117310,-9.872255
459,2.295000,105.260185,263.145966,-49.431667,225.884766,-260.376160,-50.457710,43.151962,-303.070526,-51.004627,-127.041519,-222.155930,-54.510246,-209.441818,12.921909,-54.346306,-127.318291,181.864548,-53.473461,272.275513,183.303696,-46.118530,356.959869,-50.477165,-46.943386,69.530022,14.021752,-54.889580,83.044319,655.112244,-9.870241
460,2.300000,105.263161,263.146881,-49.436897,225.884186,-260.378265,-50.463745,43.154053,-303.074066,-51.004265,-127.037926,-222.157379,-54.516273,-209.444870,12.920709,-54.352253,-127.314316,181.856812,-53.471123,272.282227,183.311798,-46.117489,356.960785,-50.482990,-46.939415,69.535957,14.018579,-54.893452,83.046402,655.114197,-9.870263
461,2.305000,105.256470,263.148560,-49.431423,225.879517,-260.373138,-50.463032,43.152702,-303.077698,-51.003525,-127.040047,-222.157547,-54.517410,-209.444107,12.922421,-54.349850,-127.318771,181.860306,-53.479763,272.278473,183.309235,-46.112892,356.959839,-50.477882,-46.948528,69.528336,14.015141,-54.890205,83.047592,655.115540,-9.872896
462,2.310000,105.267883,263.152069,-49.449398,225.882874,-260.372162,-50.456871,43.160793,-303.073059,-51.002136,-127.040726,-222.157211,-54.512482,-209.444641,12.924770,-54.352638,-127.311829,181.857056,-53.477615,272.281403,183.308914,-46.120129,356.963318,-50.479858,-46.934547,69.530640,14.019975,-54.891468,83.046959,655.111755,-9.872407
463,2.315000,105.257812,263.144684,-49.437233,225.879639,-260.369934,-50.456245,43.155598,-303.071045,-51.007687,-127.039062,-222.152756,-54.512707,-209.447250,12.924159,-54.353123,-127.313789,181.856323,-53.470623,272.277679,183.308533,-46.115726,356.965027,-50.475803,-46.940300,69.532707,14.024561,-54.888550,83.047424,655.109192,-9.866342
464,2.320000,105.255028,263.145721,-49.441338,225.881973,-260.370544,-50.458523,43.154476,-303.077667,-50.999489,-127.040176,-222.159012,-54.520210,-209.445023,12.927188,-54.351986,-127.318192,181.853302,-53.470928,272.275360,183.308563,-46.112850,356.961304,-50.479481,-46.944283,69.534782,14.020706,-54.886879,83.048576,655.111938,-9.868324
465,2.325000,105.261848,263.146088,-49.440559,225.878326,-260.371674,-50.455490,43.153252,-303.076721,-51.003757,-127.039581,-222.158066,-54.510078,-209.444519,12.924794,-54.345615,-127.314018,181.860977,-53.472595,272.281647,183.307892,-46.117332,356.959778,-50.481823,-46.943432,69.529625,14.028538,-54.878677,83.045212,655.114319,-9.865564
466,2.330000,105.260452,263.143677,-49.443092,225.877563,-260.376862,-50.468948,43.155636,-303.072754,-51.000557,-127.043915,-222.161972,-54.513092,-209.443619,12.919632,-54.352371,-127.316788,181.851776,-53.472298,272.281769,183.308990,-46.114353,356.961823,-50.481110,-46.940334,69.529541,14.024458,-54.879898,83.049026,655.113159,-9.869555
467,2.335000,105.257111,263.149323,-49.437229,225.884857,-260.374969,-50.459373,43.160431,-303.075165,-50.997856,-127.035263,-222.155273,-54.515369,-209.441818,12.918724,-54.352848,-127.314362,181.857101,-53.472958,272.277832,183.308670,-46.119370,356.964600,-50.476723,-46.941792,69.529343,14.020261,-54.893890,83.051918,655.115540,-9.866869
468,2.340000,105.252274,263.149078,-49.439735,225.887360,-260.372711,-50.455742,43.158489,-303.076263,-51.002598,-127.040550,-222.158279,-54.512901,-209.445053,12.923217,-54.352604,-127.314117,181.860291,-53.461937,272.287140,183.304565,-46.112751,356.958374,-50.478569,-46.939575,69.531624,14.018764,-54.885521,83.048546,655.115051,-9.869808
469,2.345000,105.256638,263.144287,-49.440060,225.880737,-260.371124,-50.461945,43.151295,-303.074066,-50.999916,-127.038795,-222.158340,-54.520844,-209.445450,12.926435,-54.351635,-127.317535,181.859604,-53.468761,272.278107,183.308319,-46.114048,356.962677,-50.482571,-46.937084,69.533249,14.018992,-54.882233,83.050346,655.117126,-9.874885
470,2.350000,105.257828,263.147095,-49.439091,225.877960,-260.375610,-50.460724,43.157818,-303.077057,-51.001495,-127.038391,-222.157898,-54.518772,-209.442856,12.924698,-54.351711,-127.315254,181.858383,-53.483482,272.274872,183.306778,-46.115917,356.958984,-50.478355,-46.949753,69.534233,14.019494,-54.886375,83.050499,655.110535,-9.868060
471,2.355000,105.253983,263.149567,-49.433945,225.881866,-260.367035,-50.472282,43.156216,-303.066406,-51.001904,-127.040611,-222.154770,-54.510521,-209.439911,12.924388,-54.347500,-127.316399,181.854538,-53.478188,272.275879,183.312103,-46.119926,356.963135,-50.483273,-46.939087,69.530846,14.023716,-54.884933,83.048325,655.113403,-9.869981
472,2.360000,105.257614,263.149902,-49.436344,225.877426,-260.369446,-50.458950,43.158894,-303.073792,-51.001152,-127.037239,-222.156403,-54.512657,-209.447845,12.926531,-54.358524,-127.314392,181.864716,-53.472420,272.277008,183.311722,-46.107574,356.963257,-50.480885,-46.943264,69.529785,14.027084,-54.883968,83.049896,655.114807,-9.871591
473,2.365000,105.253731,263.147186,-49.438129,225.881332,-260.377563,-50.460030,43.154163,-303.073181,-51.005009,-127.037582,-222.159363,-54.513374,-209.444199,12.924996,-54.346794,-127.311943,181.859879,-53.473404,272.275024,183.309753,-46.119953,356.960754,-50.478203,-46.944099,69.534630,14.021186,-54.885212,83.049667,655.113220,-9.868789
474,2.370000,105.258888,263.146057,-49.436928,225.881271,-260.374969,-50.462444,43.157722,-303.071045,-51.001968,-127.040878,-222.155991,-54.515144,-209.442947,12.918235,-54.350830,-127.317398,181.860077,-53.476482,272.277191,183.304901,-46.114243,356.960632,-50.481018,-46.939297,69.532219,14.026868,-54.880066,83.053940,655.114563,-9.877353
475,2.375000,105.255936,263.142426,-49.442638,225.874664,-260.374237,-50.461967,43.155083,-303.073547,-51.002735,-127.041519,-222.158630,-54.512341,-209.446136,12.921328,-54.348717,-127.314705,181.858063,-53.474022,272.277649,183.307129,-46.119366,356.960388,-50.477501,-46.940910,69.526993,14.022480,-54.890930,83.048759,655.114014,-9.872664
476,2.380000,105.256897,263.149414,-49.443718,225.883072,-260.373047,-50.460197,43.152634,-303.075867,-51.005661,-127.042877,-222.158951,-54.512959,-209.447800,12.923861,-54.347542,-127.317009,181.862396,-53.469917,272.279907,183.307922,-46.116470,356.962494,-50.481640,-46.940449,69.532204,14.022211,-54.883888,83.050179,655.110718,-9.869235
477,2.385000,105.255280,263.144989,-49.439289,225.886459,-260.376556,-50.452953,43.153080,-303.073944,-51.006161,-127.038521,-222.155838,-54.510921,-209.445129,12.925872,-54.351768,-127.318382,181.859543,-53.471802,272.276245,183.307571,-46.124599,356.962006,-50.477299,-46.940048,69.533302,14.021362,-54.896374,83.045868,655.109802,-9.864713
478,2.390000,105.258316,263.146851,-49.446007,225.873474,-260.380585,-50.464146,43.156933,-303.072540,-50.998207,-127.037827,-222.155182,-54.503727,-209.444839,12.927318,-54.346298,-127.318962,181.855453,-53.471851,272.277039,183.308670,-46.117161,356.964203,-50.480740,-46.940701,69.535156,14.020333,-54.888729,83.045929,655.111206,-9.869924
479,2.395000,105.257103,263.148163,-49.437767,225.882217,-260.374420,-50.452747,43.153267,-303.074554,-51.006432,-127.038139,-222.160309,-54.517609,-209.443085,12.921487,-54.347172,-127.316055,181.861221,-53.474277,272.279205,183.308792,-46.109779,356.957764,-50.479195,-46.941360,69.529053,14.018203,-54.887894,83.048912,655.114502,-9.872029
480,2.400000,105.257675,263.145599,-49.432137,225.884399,-260.372131,-50.456924,43.154724,-303.075531,-51.005348,-127.039429,-222.157242,-54.509861,-209.442093,12.922786,-54.345810,-127.312454,181.855316,-53.473770,272.270386,183.304871,-46.120224,356.964844,-50.477467,-46.931313,69.536201,14.021478,-54.885353,83.045616,655.112671,-9.868429
481,2.405000,105.258018,263.146210,-49.434109,225.876373,-260.374695,-50.456444,43.157959,-303.075409,-51.010529,-127.039818,-222.157455,-54.511612,-209.439667,12.919438,-54.355286,-127.316650,181.858063,-53.471214,272.278229,183.305420,-46.113415,356.960876,-50.483349,-46.943588,69.532463,14.021720,-54.886009,83.049637,655.117188,-9.866401
482,2.410000,105.253082,263.145447,-49.443436,225.881958,-260.372162,-50.467712,43.156910,-303.073151,-50.995495,-127.036736,-222.156891,-54.517982,-209.448074,12.920724,-54.348492,-127.318230,181.857101,-53.467964,272.275208,183.307709,-46.112461,356.959442,-50.477970,-46.942047,69.532509,14.020633,-54.883766,83.054726,655.117126,-9.867811
483,2.415000,105.257988,263.144562,-49.435989,225.877884,-260.374451,-50.462509,43.152973,-303.071503,-51.005184,-127.036858,-222.154739,-54.511738,-209.440842,12.923918,-54.353386,-127.319992,181.859467,-53.474163,272.281097,183.307068,-46.115967,356.959961,-50.478901,-46.936779,69.530220,14.024060,-54.887878,83.053192,655.109985,-9.864506
484,2.420000,105.253685,263.147827,-49.440113,225.885666,-260.372681,-50.462372,43.157063,-303.074982,-51.004951,-127.043816,-222.158569,-54.511166,-209.444382,12.924804,-54.354973,-127.318459,181.859406,-53.477314,272.278107,183.307877,-46.117863,356.962555,-50.478767,-46.940178,69.535736,14.021736,-54.891361,83.047905,655.110413,-9.865596
485,2.425000,105.256287,263.147583,-49.441952,225.876846,-260.376526,-50.470203,43.153828,-303.070251,-51.003479,-127.042946,-222.156937,-54.516716,-209.449921,12.925481,-54.355446,-127.311867,181.853958,-53.472271,272.277802,183.310944,-46.115688,356.961090,-50.478722,-46.944317,69.531136,14.023363,-54.884441,83.053177,655.113525,-9.867364
486,2.430000,105.259773,263.150909,-49.436092,225.880875,-260.372040,-50.460049,43.155411,-303.076996,-51.005642,-127.040115,-222.153976,-54.508007,-209.440659,12.924110,-54.351429,-127.312256,181.862198,-53.480839,272.278473,183.307739,-46.111126,356.960876,-50.478218,-46.942715,69.530167,14.022006,-54.889591,83.048309,655.108826,-9.867233
487,2.435000,105.259956,263.149597,-49.439434,225.882309,-260.382721,-50.467758,43.152241,-303.073334,-50.997292,-127.037170,-222.160995,-54.518436,-209.445007,12.926189,-54.353657,-127.315445,181.862671,-53.480469,272.271423,183.304962,-46.121479,356.961029,-50.480732,-46.934887,69.536720,14.019027,-54.884289,83.053299,655.108948,-9.866316
488,2.440000,105.254311,263.144897,-49.439796,225.875320,-260.382965,-50.475430,43.157288,-303.077240,-51.006012,-127.038940,-222.156906,-54.511086,-209.449127,12.920345,-54.353954,-127.316994,181.860947,-53.480175,272.279175,183.305023,-46.117039,356.960632,-50.480968,-46.939293,69.533951,14.023655,-54.889210,83.044846,655.116699,-9.871827
489,2.445000,105.254921,263.146667,-49.440079,225.874969,-260.377625,-50.464054,43.154751,-303.071472,-51.007679,-127.039330,-222.161789,-54.519482,-209.446640,12.924083,-54.352440,-127.315163,181.856766,-53.482254,272.277039,183.308594,-46.120564,356.963104,-50.478859,-46.939522,69.528816,14.026525,-54.885738,83.049126,655.114441,-9.868689
490,2.450000,105.253174,263.148132,-49.439304,225.879715,-260.375763,-50.459763,43.155636,-303.075592,-51.004410,-127.039719,-222.158066,-54.517471,-209.441818,12.926605,-54.346653,-127.317551,181.854721,-53.471542,272.279480,183.305466,-46.126129,356.965637,-50.481892,-46.941116,69.534775,14.022678,-54.881508,83.049316,655.108765,-9.863236
491,2.455000,105.254745,263.148163,-49.446259,225.879807,-260.377380,-50.459126,43.152607,-303.073273,-51.006397,-127.039078,-222.157501,-54.515182,-209.444550,12.927075,-54.344128,-127.319588,181.856445,-53.476807,272.276611,183.310532,-46.119781,356.957153,-50.484013,-46.939518,69.535522,14.024731,-54.882694,83.050262,655.109802,-9.867452
492,2.460000,105.256462,263.147339,-49.436371,225.879547,-260.372253,-50.454662,43.154736,-303.075256,-50.998196,-127.037674,-222.155319,-54.512897,-209.444366,12.920863,-54.355701,-127.309830,181.860962,-53.471817,272.279297,183.307388,-46.111290,356.960480,-50.480640,-46.938908,69.529892,14.016903,-54.891262,83.046646,655.110535,-9.867408
493,2.465000,105.256325,263.147858,-49.440628,225.874741,-260.376251,-50.465324,43.156979,-303.075806,-51.004337,-127.036301,-222.159683,-54.520088,-209.445007,12.925879,-54.348263,-127.316895,181.860062,-53.472439,272.278015,183.311234,-46.118645,356.963745,-50.478355,-46.939079,69.532890,14.013886,-54.884800,83.047401,655.110901,-9.869007
494,2.470000,105.256859,263.148315,-49.434860,225.874786,-260.368011,-50.463589,43.158325,-303.076111,-51.008667,-127.035469,-222.156647,-54.508717,-209.446930,12.925149,-54.343346,-127.311989,181.856903,-53.469780,272.278595,183.308228,-46.117729,356.962219,-50.480301,-46.938519,69.529747,14.020189,-54.888203,83.051018,655.111755,-9.871422
495,2.475000,105.252930,263.143005,-49.434795,225.879196,-260.378113,-50.468826,43.152645,-303.070801,-50.999317,-127.036201,-222.155197,-54.514011,-209.443375,12.921155,-54.346878,-127.317238,181.858994,-53.468044,272.279053,183.314224,-46.119091,356.961090,-50.476978,-46.932167,69.533890,14.024243,-54.890373,83.049568,655.107056,-9.865047
496,2.480000,105.256287,263.146484,-49.439869,225.877640,-260.374664,-50.462315,43.158810,-303.074524,-51.001534,-127.037003,-222.154449,-54.514687,-209.447769,12.928841,-54.352463,-127.313271,181.863937,-53.471661,272.281555,183.309875,-46.117558,356.963135,-50.477642,-46.937271,69.535194,14.022197,-54.892345,83.049461,655.112244,-9.868474
497,2.485000,105.257385,263.146759,-49.440239,225.880142,-260.377228,-50.463318,43.153275,-303.073944,-51.005886,-127.037643,-222.153900,-54.518494,-209.444717,12.926405,-54.345554,-127.312508,181.857040,-53.469002,272.281860,183.308121,-46.113132,356.962555,-50.479134,-46.945583,69.532127,14.019378,-54.886532,83.052322,655.110779,-9.866318
498,2.490000,105.256981,263.147827,-49.432121,225.880859,-260.369202,-50.459045,43.156250,-303.073090,-51.014812,-127.033394,-222.162140,-54.516815,-209.442215,12.925056,-54.348061,-127.316696,181.861801,-53.472336,272.278778,183.308807,-46.109718,356.959473,-50.483627,-46.946308,69.531853,14.023016,-54.883278,83.049347,655.111206,-9.871079
499,2.495000,105.257111,263.150421,-49.436321,225.880249,-260.374481,-50.461758,43.158955,-303.073761,-51.003651,-127.038391,-222.151123,-54.513222,-209.441666,12.926105,-54.351765,-127.316368,181.861053,-53.474499,272.279388,183.306854,-46.113789,356.962158,-50.482666,-46.937958,69.532402,14.026470,-54.887882,83.050804,655.116150,-9.871408
500,2.500000,105.259644,263.142609,-49.439659,225.879364,-260.376678,-50.461800,43.152523,-303.075470,-51.004963,-127.035423,-222.159241,-54.516422,-209.446518,12.920289,-54.352150,-127.313820,181.863800,-53.472538,272.277527,183.309280,-46.120815,356.959595,-50.478230,-46.936504,69.534851,14.022550,-54.886227,83.049026,655.109741,-9.867370
501,2.505000,105.257782,263.144287,-49.434994,225.878418,-260.371307,-50.462482,43.152451,-303.074524,-51.007683,-127.034065,-222.152710,-54.511261,-209.440933,12.925534,-54.345695,-127.318649,181.859421,-53.473675,272.282928,183.307587,-46.116997,356.959564,-50.481518,-46.939819,69.536392,14.024064,-54.888447,83.046371,655.113281,-9.868912
502,2.510000,105.258682,263.145325,-49.440197,225.878204,-260.377197,-50.470654,43.155769,-303.075470,-51.007515,-127.037910,-222.157303,-54.507744,-209.443497,12.922619,-54.351364,-127.315804,181.855545,-53.478790,272.281403,183.304504,-46.115707,356.959900,-50.479069,-46.943581,69.530281,14.018142,-54.890888,83.050064,655.111267,-9.871881
503,2.515000,105.250580,263.143036,-49.439438,225.877106,-260.377411,-50.463081,43.152367,-303.079742,-51.010071,-127.039406,-222.164169,-54.520569,-209.443665,12.921547,-54.348415,-127.315460,181.862671,-53.478321,272.275146,183.306381,-46.114399,356.962097,-50.483181,-46.937168,69.531967,14.021698,-54.882553,83.046646,655.114990,-9.865619
504,2.520000,105.254066,263.146637,-49.444435,225.882156,-260.375977,-50.457241,43.150108,-303.074768,-51.006966,-127.037514,-222.155167,-54.511391,-209.441666,12.924928,-54.359104,-127.315727,181.856964,-53.469543,272.275848,183.305527,-46.116837,356.966980,-50.481972,-46.940647,69.526733,14.023498,-54.877048,83.046425,655.113953,-9.865280
505,2.525000,105.258156,263.147278,-49.439018,225.878662,-260.373413,-50.455627,43.155972,-303.076263,-51.000870,-127.035454,-222.157379,-54.512802,-209.446716,12.916518,-54.353027,-127.313507,181.862473,-53.474564,272.277344,183.307114,-46.117786,356.960114,-50.481464,-46.940800,69.535355,14.026264,-54.882435,83.043495,655.114990,-9.872871
506,2.530000,105.259972,263.149139,-49.441582,225.875046,-260.375305,-50.465569,43.154446,-303.076569,-51.008335,-127.039581,-222.158112,-54.514042,-209.447250,12.922171,-54.350864,-127.313408,181.861008,-53.474930,272.275208,183.308578,-46.117142,356.963531,-50.478275,-46.939991,69.532494,14.028967,-54.881119,83.044991,655.114685,-9.868401
507,2.535000,105.256363,263.142059,-49.431820,225.879990,-260.372131,-50.465225,43.151775,-303.073120,-51.004871,-127.042549,-222.161469,-54.511997,-209.445312,12.924990,-54.360992,-127.316666,181.854370,-53.477867,272.277191,183.310410,-46.113640,356.961304,-50.483131,-46.942009,69.533188,14.018982,-54.881149,83.051727,655.114807,-9.864319
508,2.540000,105.254410,263.146423,-49.439091,225.873886,-260.380066,-50.460270,43.155926,-303.075500,-51.008602,-127.036736,-222.157761,-54.509510,-209.441513,12.928115,-54.345348,-127.319229,181.860031,-53.477814,272.274445,183.309753,-46.116096,356.963165,-50.480358,-46.941105,69.534248,14.021873,-54.882912,83.050461,655.115601,-9.868330
509,2.545000,105.260193,263.143188,-49.434742,225.879944,-260.378235,-50.462597,43.157806,-303.072937,-51.013680,-127.037422,-222.159653,-54.510792,-209.445343,12.917044,-54.362461,-127.311768,181.858444,-53.479488,272.281708,183.308990,-46.116714,356.958008,-50.477428,-46.935741,69.535767,14.017619,-54.886692,83.047829,655.112122,-9.868874
510,2.550000,105.254242,263.150696,-49.437458,225.872726,-260.375000,-50.458557,43.159279,-303.077545,-51.006203,-127.043098,-222.156738,-54.513443,-209.445374,12.925612,-54.354725,-127.310600,181.862610,-53.473068,272.273163,183.304688,-46.117123,356.964661,-50.480206,-46.941196,69.531029,14.024755,-54.885941,83.048515,655.111755,-9.870365
511,2.555000,105.254784,263.148346,-49.440186,225.881409,-260.376068,-50.458157,43.153198,-303.075470,-51.003994,-127.036987,-222.156403,-54.509640,-209.445541,12.920510,-54.349743,-127.316353,181.861313,-53.477520,272.273315,183.307358,-46.116951,356.959442,-50.480713,-46.941284,69.531784,14.020190,-54.884499,83.050339,655.114929,-9.872470
512,2.560000,105.255341,263.148926,-49.428555,225.881775,-260.377960,-50.472054,43.156857,-303.074677,-51.001553,-127.036171,-222.157822,-54.508465,-209.444092,12.924786,-54.340878,-127.317398,181.859650,-53.471355,272.280182,183.303787,-46.110767,356.962036,-50.483307,-46.934761,69.530861,14.014744,-54.888451,83.051750,655.113586,-9.864481
513,2.565000,105.256706,263.142395,-49.437443,225.882553,-260.380280,-50.464218,43.161053,-303.077148,-51.003174,-127.037422,-222.155014,-54.512688,-209.446732,12.925978,-54.350945,-127.318069,181.857895,-53.479752,272.281067,183.309494,-46.116394,356.960083,-50.484627,-46.942173,69.531540,14.020692,-54.876297,83.046844,655.112183,-9.866778
514,2.570000,105.259438,263.143707,-49.443882,225.877075,-260.378113,-50.466908,43.154510,-303.075195,-51.012363,-127.037209,-222.157684,-54.510963,-209.441345,12.921804,-54.352783,-127.319115,181.858261,-53.474686,272.275940,183.306671,-46.114834,356.962616,-50.481041,-46.941090,69.526115,14.024770,-54.878380,83.049110,655.114441,-9.869109
515,2.575000,105.254814,263.140717,-49.440243,225.877441,-260.375458,-50.458702,43.152462,-303.076080,-51.004269,-127.040268,-222.159592,-54.516483,-209.448608,12.921518,-54.349380,-127.314644,181.856110,-53.477081,272.277618,183.306564,-46.109913,356.957214,-50.486641,-46.947544,69.537041,14.020600,-54.889904,83.046066,655.110657,-9.870716
516,2.580000,105.255386,263.149475,-49.441799,225.881149,-260.375946,-50.457512,43.160732,-303.074951,-51.000381,-127.037437,-222.155792,-54.517719,-209.445496,12.923031,-54.357315,-127.315712,181.855225,-53.472328,272.275665,183.303574,-46.117611,356.961700,-50.480923,-46.938488,69.532860,14.017329,-54.890308,83.047791,655.113220,-9.870797
517,2.585000,105.254974,263.146667,-49.437592,225.882187,-260.375183,-50.453526,43.157166,-303.076996,-51.002853,-127.040047,-222.159561,-54.506313,-209.444626,12.924230,-54.350552,-127.314743,181.861847,-53.476013,272.276001,183.306183,-46.114693,356.962830,-50.477856,-46.938988,69.534973,14.020451,-54.884747,83.047974,655.109253,-9.864947
518,2.590000,105.260384,263.146393,-49.435684,225.883041,-260.371185,-50.465954,43.158672,-303.077240,-50.998917,-127.037796,-222.157440,-54.505524,-209.447784,12.919946,-54.355778,-127.315819,181.855988,-53.471420,272.277893,183.304596,-46.113174,356.962555,-50.480644,-46.934551,69.531593,14.019609,-54.882305,83.049896,655.114563,-9.870644
519,2.595000,105.253937,263.149994,-49.436893,225.877518,-260.377258,-50.468414,43.155689,-303.079132,-51.004581,-127.036514,-222.158737,-54.518864,-209.442703,12.925239,-54.349419,-127.313583,181.862320,-53.467640,272.273590,183.307053,-46.116463,356.964447,-50.484303,-46.942558,69.532318,14.020806,-54.876945,83.049660,655.112244,-9.869146
520,2.600000,105.261307,263.145660,-49.444000,225.874908,-260.376526,-50.465992,43.159771,-303.072296,-51.006123,-127.033722,-222.156921,-54.511246,-209.442169,12.920799,-54.347767,-127.315102,181.861450,-53.472218,272.280365,183.305634,-46.112194,356.959991,-50.477333,-46.942886,69.536125,14.022961,-54.880863,83.047935,655.113159,-9.868689
521,2.605000,105.256531,263.143829,-49.432991,225.877884,-260.374725,-50.466515,43.153820,-303.076416,-51.005745,-127.034439,-222.160629,-54.513748,-209.442841,12.923601,-54.349682,-127.313675,181.860046,-53.470242,272.275085,183.306702,-46.117359,356.964874,-50.477142,-46.936420,69.529518,14.020192,-54.886372,83.050346,655.115417,-9.868586
522,2.610000,105.259132,263.144165,-49.435833,225.876923,-260.374725,-50.465897,43.154247,-303.071777,-50.997742,-127.037552,-222.161621,-54.521038,-209.445755,12.920998,-54.355602,-127.312096,181.860565,-53.476719,272.275787,183.307617,-46.109955,356.961426,-50.479763,-46.941578,69.531372,14.020653,-54.888462,83.049942,655.110718,-9.871944
523,2.615000,105.254555,263.147491,-49.439960,225.881470,-260.379059,-50.466255,43.156300,-303.072571,-50.999920,-127.033516,-222.158829,-54.515591,-209.440018,12.920903,-54.356293,-127.315475,181.860321,-53.479115,272.281342,183.306686,-46.111149,356.961060,-50.478291,-46.936146,69.534973,14.022671,-54.887218,83.048935,655.112183,-9.868798
524,2.620000,105.256927,263.141296,-49.435787,225.873886,-260.373932,-50.469875,43.155205,-303.075500,-51.000404,-127.035278,-222.158478,-54.506313,-209.450531,12.924887,-54.345318,-127.317429,181.860001,-53.468006,272.277985,183.307114,-46.109348,356.965515,-50.479309,-46.936245,69.536110,14.021129,-54.881386,83.048500,655.114868,-9.878253
525,2.625000,105.256859,263.150055,-49.435577,225.878082,-260.374390,-50.464428,43.150650,-303.075775,-50.997375,-127.039848,-222.152451,-54.507168,-209.439194,12.925756,-54.349686,-127.312508,181.862274,-53.468227,272.279175,183.307281,-46.114635,356.962646,-50.478962,-46.940945,69.534859,14.025104,-54.880672,83.054054,655.111938,-9.873348
526,2.630000,105.251793,263.145630,-49.437096,225.879395,-260.379974,-50.467125,43.157555,-303.072723,-51.006660,-127.035576,-222.157883,-54.508888,-209.443924,12.921065,-54.353836,-127.312180,181.863495,-53.478970,272.275848,183.306320,-46.119823,356.959991,-50.483639,-46.937950,69.536339,14.021729,-54.884167,83.047005,655.112366,-9.868613
527,2.635000,105.253052,263.142273,-49.434906,225.875549,-260.378265,-50.462494,43.153950,-303.079987,-51.007507,-127.037186,-222.160980,-54.508408,-209.446396,12.926810,-54.351768,-127.316269,181.859146,-53.473835,272.278076,183.310608,-46.116062,356.963226,-50.479420,-46.938663,69.537613,14.020077,-54.882824,83.049004,655.110718,-9.870996
528,2.640000,105.260117,263.148743,-49.438591,225.879684,-260.370361,-50.464993,43.154877,-303.072754,-51.010689,-127.035904,-222.155701,-54.509262,-209.441071,12.926511,-54.339737,-127.314598,181.859344,-53.478798,272.275940,183.309891,-46.113293,356.959991,-50.480614,-46.941612,69.531242,14.020826,-54.891632,83.047623,655.112915,-9.870751
529,2.645000,105.258163,263.146820,-49.437893,225.879745,-260.372040,-50.454720,43.149517,-303.076569,-51.002674,-127.039520,-222.160004,-54.515480,-209.444321,12.919564,-54.347359,-127.315674,181.857849,-53.473396,272.275513,183.308853,-46.116112,356.960571,-50.478760,-46.945534,69.532379,14.015007,-54.889977,83.055779,655.110535,-9.868712
530,2.650000,105.258057,263.145844,-49.438133,225.871384,-260.376587,-50.466362,43.157654,-303.076172,-51.008183,-127.038879,-222.158661,-54.521717,-209.449127,12.922462,-54.350845,-127.316788,181.856659,-53.478550,272.279083,183.310730,-46.116905,356.960327,-50.480083,-46.938873,69.537880,14.018671,-54.878803,83.051796,655.111694,-9.863167
531,2.655000,105.257629,263.145599,-49.445053,225.875793,-260.375702,-50.469112,43.157444,-303.075500,-51.007725,-127.037849,-222.158844,-54.516834,-209.445755,12.928141,-54.347469,-127.319588,181.857971,-53.476547,272.276215,183.306015,-46.124989,356.959503,-50.477238,-46.943527,69.529160,14.020744,-54.887981,83.044350,655.108765,-9.872776
532,2.660000,105.253998,263.148682,-49.439621,225.878998,-260.378265,-50.450298,43.157677,-303.071625,-51.000813,-127.039818,-222.156448,-54.511860,-209.438492,12.925396,-54.355350,-127.322777,181.858994,-53.477074,272.278107,183.309647,-46.118721,356.959564,-50.483196,-46.940567,69.538681,14.023420,-54.883224,83.051483,655.111084,-9.866821
533,2.665000,105.259460,263.140137,-49.447666,225.881744,-260.374878,-50.456181,43.153416,-303.076447,-51.000778,-127.035843,-222.158203,-54.513695,-209.447098,12.922280,-54.348042,-127.315346,181.857239,-53.472271,272.276855,183.307816,-46.114441,356.962433,-50.477428,-46.937744,69.534409,14.017664,-54.883636,83.052544,655.113464,-9.871597
534,2.670000,105.258461,263.142700,-49.439495,225.877975,-260.377380,-50.466602,43.152672,-303.072876,-51.006458,-127.039879,-222.155960,-54.510502,-209.439941,12.922124,-54.352913,-127.310928,181.856079,-53.476128,272.275818,183.303772,-46.111786,356.959137,-50.479443,-46.944183,69.532120,14.022697,-54.887234,83.051003,655.111938,-9.868796
535,2.675000,105.255875,263.146149,-49.433167,225.878571,-260.377716,-50.458630,43.152828,-303.077179,-51.006199,-127.035423,-222.161392,-54.513103,-209.445007,12.921213,-54.354317,-127.318695,181.856461,-53.469971,272.273376,183.312607,-46.120117,356.965424,-50.477936,-46.938557,69.534683,14.022336,-54.887260,83.048828,655.110718,-9.868871
536,2.680000,105.257133,263.145020,-49.435055,225.877625,-260.379150,-50.471104,43.155308,-303.075806,-50.998871,-127.043694,-222.156525,-54.509819,-209.442871,12.923347,-54.340618,-127.313644,181.860184,-53.473495,272.275635,183.307693,-46.116135,356.961212,-50.481045,-46.938671,69.530693,14.025295,-54.891743,83.045616,655.115479,-9.875960
537,2.685000,105.258308,263.147491,-49.438786,225.883804,-260.376343,-50.463936,43.158318,-303.069794,-50.998760,-127.046745,-222.155899,-54.513123,-209.443756,12.922359,-54.344803,-127.314331,181.862686,-53.476765,272.279053,183.307861,-46.110607,356.957092,-50.481312,-46.940384,69.532776,14.022243,-54.887684,83.051216,655.111694,-9.866406
538,2.690000,105.255791,263.144958,-49.440548,225.877563,-260.373688,-50.462887,43.154240,-303.075073,-50.999924,-127.041298,-222.162292,-54.514870,-209.445587,12.924314,-54.351620,-127.319618,181.857773,-53.480408,272.279388,183.309052,-46.114525,356.960358,-50.478436,-46.936066,69.538322,14.021482,-54.882008,83.054527,655.112610,-9.868434
539,2.695000,105.256767,263.148102,-49.437458,225.875443,-260.381714,-50.466072,43.159275,-303.075226,-51.004623,-127.035629,-222.154480,-54.511253,-209.441620,12.920877,-54.355606,-127.318604,181.856384,-53.477306,272.275940,183.305771,-46.110947,356.960815,-50.482372,-46.939011,69.531128,14.023812,-54.878212,83.051544,655.109741,-9.864557
540,2.700000,105.255051,263.147064,-49.435680,225.875259,-260.375732,-50.468224,43.154396,-303.078735,-51.000942,-127.037140,-222.158401,-54.512806,-209.447464,12.923478,-54.349819,-127.312096,181.858688,-53.478676,272.276581,183.308716,-46.116272,356.959717,-50.477749,-46.937580,69.529861,14.019164,-54.888050,83.047905,655.117371,-9.872764
541,2.705000,105.254433,263.144073,-49.436062,225.881577,-260.372528,-50.456234,43.154522,-303.078461,-51.010139,-127.039597,-222.156265,-54.506119,-209.440247,12.925554,-54.350979,-127.316383,181.857040,-53.473911,272.279144,183.311462,-46.114353,356.963470,-50.478306,-46.939785,69.533493,14.018338,-54.884102,83.050201,655.113892,-9.869141
542,2.710000,105.255020,263.149780,-49.434193,225.877899,-260.374084,-50.462700,43.158779,-303.075867,-51.000748,-127.036842,-222.159195,-54.511383,-209.442566,12.925046,-54.357246,-127.312469,181.856888,-53.477016,272.281952,183.309189,-46.115894,356.961487,-50.482574,-46.939022,69.531754,14.021646,-54.886665,83.051353,655.114075,-9.866933
543,2.715000,105.257416,263.147827,-49.430965,225.880554,-260.380524,-50.464817,43.147930,-303.071320,-50.998863,-127.035889,-222.162842,-54.514835,-209.445786,12.920710,-54.363083,-127.314331,181.854477,-53.475391,272.277588,183.307556,-46.109234,356.958527,-50.484493,-46.940968,69.527885,14.020548,-54.885021,83.046402,655.112183,-9.872302
544,2.720000,105.257210,263.142059,-49.438374,225.876129,-260.371765,-50.464890,43.155197,-303.075439,-51.001934,-127.037300,-222.160568,-54.520664,-209.442612,12.924941,-54.347126,-127.314926,181.856964,-53.471478,272.271332,183.305481,-46.117523,356.961914,-50.477024,-46.935455,69.531090,14.021917,-54.888691,83.049225,655.111145,-9.870702
545,2.725000,105.261597,263.147400,-49.447517,225.880066,-260.377197,-50.464138,43.155384,-303.074127,-51.000015,-127.037346,-222.155960,-54.508915,-209.441559,12.922962,-54.352203,-127.317604,181.859879,-53.476151,272.275482,183.308121,-46.111572,356.959473,-50.478508,-46.941216,69.524162,14.025339,-54.887730,83.047760,655.113037,-9.870378
546,2.730000,105.253548,263.146088,-49.440742,225.875702,-260.378448,-50.461113,43.154198,-303.074585,-51.004299,-127.035675,-222.158585,-54.515072,-209.446030,12.926893,-54.353672,-127.316116,181.859283,-53.477570,272.275940,183.303711,-46.117699,356.963135,-50.480038,-46.951439,69.533188,14.023353,-54.884804,83.049301,655.112854,-9.865430
547,2.735000,105.258545,263.149445,-49.439034,225.874222,-260.373688,-50.459614,43.157009,-303.076569,-51.002842,-127.036331,-222.160339,-54.518578,-209.442261,12.921459,-54.357811,-127.314240,181.856628,-53.469421,272.278961,183.306763,-46.125095,356.960388,-50.480408,-46.930958,69.531082,14.021622,-54.887783,83.049980,655.113220,-9.869497
548,2.740000,105.256081,263.145081,-49.439377,225.876633,-260.375183,-50.464653,43.157768,-303.076538,-51.002090,-127.033470,-222.157547,-54.509399,-209.444138,12.928490,-54.345852,-127.310738,181.858185,-53.466705,272.279633,183.310532,-46.113304,356.961029,-50.479881,-46.939270,69.530495,14.025416,-54.882938,83.048683,655.115784,-9.872634
549,2.745000,105.255104,263.145020,-49.443211,225.877441,-260.380493,-50.467094,43.158123,-303.072571,-51.002491,-127.039459,-222.161148,-54.514046,-209.442169,12.923494,-54.351395,-127.318382,181.862991,-53.477257,272.278259,183.302750,-46.109459,356.964355,-50.477188,-46.939983,69.523941,14.027599,-54.878765,83.045967,655.112610,-9.862436
550,2.750000,105.259789,263.146118,-49.431721,225.880981,-260.374664,-50.463795,43.157734,-303.071472,-51.003117,-127.039734,-222.158401,-54.508022,-209.442871,12.923840,-54.343449,-127.311096,181.859634,-53.471970,272.275238,183.304947,-46.114105,356.960938,-50.483772,-46.942207,69.534401,14.025465,-54.888527,83.050278,655.116577,-9.869390
551,2.755000,105.261368,263.143616,-49.445244,225.877884,-260.380096,-50.468594,43.158314,-303.075592,-51.007812,-127.037880,-222.154053,-54.512852,-209.441345,12.926241,-54.350796,-127.320038,181.860016,-53.470242,272.281860,183.303253,-46.114265,356.964386,-50.481468,-46.936073,69.531631,14.019830,-54.886467,83.050682,655.109131,-9.860683
552,2.760000,105.255188,263.144531,-49.444237,225.874390,-260.373657,-50.468788,43.156227,-303.073151,-51.009396,-127.037422,-222.156937,-54.507736,-209.438293,12.925278,-54.347393,-127.312500,181.864182,-53.472992,272.276459,183.305023,-46.116299,356.964569,-50.480389,-46.941616,69.529099,14.017626,-54.888367,83.050560,655.115601,-9.871532
553,2.765000,105.252998,263.146179,-49.442070,225.876602,-260.378998,-50.464085,43.156178,-303.070160,-51.006405,-127.035294,-222.155869,-54.513458,-209.442123,12.921277,-54.355881,-127.320557,181.855713,-53.475037,272.281738,183.304382,-46.119717,356.959686,-50.481972,-46.939354,69.527687,14.019140,-54.879856,83.050995,655.112732,-9.870956
554,2.770000,105.257301,263.146088,-49.438103,225.877167,-260.379120,-50.464218,43.154957,-303.078522,-51.005905,-127.034622,-222.154114,-54.513653,-209.445526,12.921330,-54.345894,-127.317848,181.859009,-53.478779,272.275543,183.309326,-46.118816,356.959045,-50.475586,-46.936852,69.537132,14.021636,-54.880104,83.046936,655.113953,-9.871119
555,2.775000,105.261177,263.146088,-49.438152,225.878342,-260.371521,-50.466461,43.156502,-303.075500,-50.998577,-127.040070,-222.153824,-54.514107,-209.440430,12.921151,-54.345947,-127.313538,181.859100,-53.477642,272.278595,183.309036,-46.112305,356.962219,-50.481693,-46.945957,69.523758,14.023157,-54.877216,83.049370,655.114868,-9.869198
556,2.780000,105.253899,263.146027,-49.438217,225.871490,-260.377380,-50.469559,43.152782,-303.076385,-51.005306,-127.039345,-222.157837,-54.513596,-209.441254,12.921417,-54.347351,-127.318321,181.866104,-53.478500,272.283203,183.307388,-46.110291,356.960144,-50.481712,-46.941830,69.537201,14.021698,-54.891262,83.053322,655.111938,-9.866661
557,2.785000,105.253258,263.146912,-49.439278,225.876785,-260.374969,-50.458488,43.157032,-303.074341,-51.000793,-127.035934,-222.161926,-54.515572,-209.438934,12.922804,-54.346287,-127.314690,181.856552,-53.472469,272.275848,183.307266,-46.108311,356.961578,-50.485859,-46.938389,69.534615,14.023109,-54.891167,83.048973,655.114685,-9.866682
558,2.790000,105.256172,263.143799,-49.444534,225.873627,-260.376892,-50.463249,43.152786,-303.075989,-51.003494,-127.038094,-222.160156,-54.515537,-209.448822,12.922177,-54.352997,-127.318413,181.861694,-53.474461,272.278625,183.305405,-46.113850,356.958374,-50.479465,-46.936680,69.535080,14.027578,-54.877831,83.047516,655.111938,-9.869904
559,2.795000,105.253723,263.146393,-49.433590,225.875397,-260.372437,-50.458275,43.157112,-303.070404,-51.005535,-127.038406,-222.160278,-54.510101,-209.447464,12.920382,-54.346107,-127.310974,181.859863,-53.470009,272.275574,183.309402,-46.118282,356.962250,-50.484226,-46.943806,69.527786,14.025274,-54.887871,83.045616,655.113770,-9.872425
560,2.800000,105.259354,263.143036,-49.443325,225.879852,-260.379242,-50.461525,43.152748,-303.075531,-51.001560,-127.039703,-222.159195,-54.509945,-209.441650,12.922167,-54.348022,-127.314911,181.858810,-53.472038,272.277893,183.307938,-46.115688,356.966461,-50.479496,-46.936199,69.530060,14.022411,-54.883167,83.046600,655.116760,-9.869391
561,2.805000,105.259979,263.144623,-49.437969,225.880997,-260.372864,-50.455490,43.157898,-303.074310,-51.009338,-127.038551,-222.160095,-54.514626,-209.441162,12.925411,-54.352161,-127.315178,181.861130,-53.471645,272.273010,183.307892,-46.121021,356.964355,-50.481796,-46.938953,69.537163,14.020329,-54.895859,83.050133,655.111206,-9.872138
562,2.810000,105.256088,263.151062,-49.443005,225.882584,-260.381317,-50.460098,43.154728,-303.075409,-51.000031,-127.031593,-222.160141,-54.512817,-209.440750,12.925886,-54.347271,-127.317291,181.860367,-53.470791,272.277405,183.309570,-46.119511,356.963989,-50.481579,-46.938290,69.526512,14.021479,-54.884487,83.042862,655.115906,-9.873341
563,2.815000,105.256195,263.145966,-49.441437,225.884201,-260.375671,-50.451447,43.153652,-303.075592,-51.005970,-127.039986,-222.159851,-54.509148,-209.441315,12.924615,-54.352306,-127.313850,181.857681,-53.474888,272.280426,183.307205,-46.111809,356.959229,-50.480370,-46.936516,69.525093,14.015059,-54.891010,83.047920,655.114014,-9.865597
564,2.820000,105.257622,263.145020,-49.440418,225.877808,-260.380341,-50.473133,43.154583,-303.074554,-51.006569,-127.035736,-222.157990,-54.508568,-209.444580,12.917372,-54.349751,-127.318520,181.858917,-53.476700,272.276917,183.307312,-46.106880,356.963562,-50.482193,-46.941662,69.533966,14.023643,-54.890232,83.048836,655.112549,-9.873544
565,2.825000,105.258339,263.148468,-49.438026,225.876572,-260.379669,-50.460331,43.155373,-303.077026,-51.009575,-127.035347,-222.161484,-54.516411,-209.442566,12.923316,-54.348839,-127.316010,181.857986,-53.470749,272.276398,183.306000,-46.114643,356.956757,-50.481075,-46.944313,69.535507,14.022532,-54.881218,83.047264,655.112305,-9.875037
566,2.830000,105.257401,263.150269,-49.437828,225.879532,-260.372131,-50.463211,43.153137,-303.073730,-51.001888,-127.044830,-222.155533,-54.512299,-209.443970,12.918374,-54.345562,-127.316315,181.864822,-53.478477,272.281403,183.301743,-46.112621,356.964691,-50.476517,-46.940498,69.533745,14.025070,-54.878189,83.050842,655.112061,-9.865622
567,2.835000,105.253464,263.145782,-49.436287,225.879700,-260.372864,-50.462261,43.157108,-303.080353,-51.008492,-127.039894,-222.154984,-54.509731,-209.442871,12.928787,-54.347160,-127.316010,181.856964,-53.476902,272.277985,183.307129,-46.112843,356.961548,-50.479916,-46.941658,69.524994,14.020713,-54.891224,83.050156,655.115540,-9.868418
568,2.840000,105.255089,263.149261,-49.438644,225.883255,-260.372375,-50.458771,43.159237,-303.074585,-50.992207,-127.041580,-222.155975,-54.516216,-209.443588,12.919740,-54.351795,-127.314850,181.860107,-53.468582,272.274323,183.310333,-46.111027,356.961731,-50.475803,-46.929432,69.535950,14.017887,-54.890491,83.049469,655.111694,-9.871745
569,2.845000,105.257553,263.143616,-49.438583,225.876831,-260.376709,-50.469429,43.157021,-303.074005,-50.998085,-127.036720,-222.154144,-54.509003,-209.445007,12.924081,-54.346191,-127.315552,181.855545,-53.474567,272.280884,183.308044,-46.117294,356.959808,-50.482391,-46.937157,69.533615,14.018433,-54.891266,83.047241,655.112976,-9.871297
570,2.850000,105.255531,263.149994,-49.436535,225.874817,-260.376404,-50.463802,43.156712,-303.072296,-50.999924,-127.042831,-222.159622,-54.516342,-209.443771,12.925411,-54.349567,-127.313271,181.857437,-53.480629,272.277740,183.310959,-46.116333,356.958710,-50.482067,-46.939613,69.527298,14.019734,-54.889996,83.047516,655.112976,-9.874717
571,2.855000,105.257797,263.149719,-49.447453,225.880585,-260.377594,-50.460312,43.160179,-303.077667,-51.003799,-127.039520,-222.157211,-54.514400,-209.448242,12.920409,-54.348217,-127.312958,181.857346,-53.478001,272.278534,183.305969,-46.112705,356.959686,-50.478752,-46.936382,69.529533,14.017913,-54.885170,83.050240,655.116089,-9.875671
572,2.860000,105.254333,263.145599,-49.437340,225.877548,-260.370361,-50.449253,43.160046,-303.077850,-51.005386,-127.036484,-222.162140,-54.517052,-209.438110,12.920758,-54.349201,-127.312019,181.856903,-53.471859,272.277191,183.306458,-46.121525,356.960083,-50.476231,-46.936218,69.527344,14.020794,-54.891277,83.046692,655.111511,-9.870985
573,2.865000,105.254753,263.148743,-49.442589,225.877380,-260.374817,-50.457340,43.155987,-303.077087,-50.999725,-127.036049,-222.163406,-54.511593,-209.439194,12.925366,-54.350338,-127.310600,181.861710,-53.471638,272.280029,183.311462,-46.116402,356.965668,-50.481308,-46.932377,69.533478,14.026670,-54.879753,83.052536,655.108887,-9.871754
574,2.870000,105.259758,263.146423,-49.435535,225.873825,-260.378754,-50.469730,43.159206,-303.073059,-51.002995,-127.037842,-222.159851,-54.512844,-209.443756,12.924686,-54.352524,-127.316116,181.863449,-53.478710,272.278107,183.308319,-46.116055,356.959656,-50.480423,-46.943573,69.530418,14.020216,-54.879898,83.052223,655.112854,-9.870602
575,2.875000,105.253738,263.147247,-49.448624,225.881134,-260.376984,-50.466675,43.156853,-303.070709,-50.998299,-127.038208,-222.160370,-54.519569,-209.446899,12.920291,-54.352581,-127.314476,181.862228,-53.474182,272.274445,183.307938,-46.120506,356.958954,-50.478016,-46.941940,69.535011,14.019697,-54.889450,83.047157,655.116028,-9.870975
576,2.880000,105.256554,263.147461,-49.440266,225.871948,-260.374817,-50.461197,43.160900,-303.076172,-51.001518,-127.043144,-222.161667,-54.515835,-209.445221,12.924930,-54.355579,-127.318039,181.860977,-53.469982,272.277649,183.308517,-46.111732,356.961609,-50.478390,-46.945316,69.531670,14.020881,-54.888210,83.051262,655.112427,-9.876493
577,2.885000,105.270226,263.150330,-49.446575,225.882416,-260.373016,-50.456711,43.153221,-303.069794,-51.001167,-127.036362,-222.161514,-54.515575,-209.446671,12.925627,-54.348820,-127.316925,181.858246,-53.475967,272.277924,183.312668,-46.114773,356.960693,-50.482189,-46.941547,69.534248,14.023898,-54.879116,83.047134,655.114136,-9.874493
578,2.890000,105.255386,263.146027,-49.441818,225.878006,-260.376007,-50.467716,43.160126,-303.079895,-51.002087,-127.038940,-222.159302,-54.508648,-209.443451,12.922421,-54.343563,-127.317268,181.856766,-53.476936,272.278595,183.309814,-46.113422,356.962341,-50.481964,-46.934769,69.530708,14.018567,-54.881317,83.049248,655.116455,-9.870271
579,2.895000,105.255997,263.140503,-49.437531,225.881866,-260.372498,-50.448608,43.157848,-303.075256,-50.996899,-127.037224,-222.155182,-54.514782,-209.447205,12.923952,-54.362183,-127.316086,181.860428,-53.477943,272.275635,183.307526,-46.115818,356.956940,-50.477257,-46.933762,69.535667,14.022790,-54.886997,83.052002,655.110657,-9.869471
580,2.900000,105.255608,263.151398,-49.438751,225.881027,-260.377167,-50.457333,43.155598,-303.075714,-51.001095,-127.039017,-222.156769,-54.515194,-209.440720,12.920674,-54.349377,-127.322975,181.860260,-53.480061,272.275879,183.306061,-46.113068,356.959106,-50.474545,-46.939510,69.525055,14.025134,-54.883690,83.048134,655.115784,-9.870254
581,2.905000,105.255386,263.148010,-49.435852,225.878952,-260.377136,-50.463062,43.157688,-303.075226,-51.000515,-127.037346,-222.161789,-54.511551,-209.443253,12.919809,-54.344028,-127.309593,181.860413,-53.468605,272.278717,183.309967,-46.117012,356.959015,-50.484985,-46.953396,69.535904,14.018183,-54.889900,83.049324,655.112244,-9.872249
582,2.910000,105.255196,263.146088,-49.436077,225.883713,-260.378876,-50.464676,43.161983,-303.074554,-50.998138,-127.036095,-222.160202,-54.510685,-209.443527,12.923658,-54.352409,-127.311142,181.859070,-53.480568,272.276245,183.304947,-46.116421,356.960602,-50.479134,-46.932556,69.534012,14.023927,-54.883900,83.046455,655.109985,-9.867437
583,2.915000,105.263535,263.147156,-49.427784,225.878098,-260.373657,-50.460270,43.157894,-303.074982,-51.004871,-127.035675,-222.158340,-54.506996,-209.444504,12.922175,-54.342575,-127.317070,181.857025,-53.474117,272.276733,183.307236,-46.118809,356.963867,-50.481422,-46.939556,69.532501,14.017788,-54.888283,83.049622,655.110229,-9.867008
584,2.920000,105.254875,263.148621,-49.438400,225.877151,-260.378082,-50.459274,43.151154,-303.075256,-51.003281,-127.040817,-222.160614,-54.508793,-209.443069,12.921894,-54.348400,-127.314598,181.859940,-53.471203,272.274353,183.308594,-46.118618,356.960693,-50.479248,-46.939697,69.525238,14.020835,-54.890163,83.048065,655.113831,-9.874224
585,2.925000,105.259338,263.147064,-49.442303,225.877869,-260.378601,-50.462727,43.162346,-303.075806,-51.004189,-127.040390,-222.159012,-54.516834,-209.443832,12.926494,-54.352955,-127.313911,181.859283,-53.471786,272.275055,183.306152,-46.121895,356.957275,-50.479969,-46.933796,69.530190,14.017803,-54.887318,83.050606,655.113159,-9.867983
586,2.930000,105.255554,263.143677,-49.448078,225.877548,-260.372803,-50.468456,43.161655,-303.079102,-50.994080,-127.039612,-222.159973,-54.516701,-209.439926,12.924589,-54.351353,-127.314331,181.861008,-53.476582,272.276978,183.307281,-46.117702,356.959473,-50.477093,-46.935844,69.528503,14.021026,-54.882565,83.050613,655.108765,-9.867710
587,2.935000,105.255707,263.144745,-49.439671,225.878906,-260.372040,-50.446785,43.157986,-303.072845,-50.999962,-127.039223,-222.157974,-54.513371,-209.443497,12.922751,-54.352230,-127.313164,181.862732,-53.475861,272.277435,183.311478,-46.114967,356.959778,-50.476238,-46.941677,69.535484,14.021469,-54.893749,83.049438,655.112854,-9.869455
588,2.940000,105.256126,263.149933,-49.437893,225.880005,-260.376465,-50.462780,43.151947,-303.074707,-51.006340,-127.034988,-222.158493,-54.512413,-209.446075,12.922532,-54.349079,-127.311424,181.855499,-53.479305,272.276917,183.311279,-46.114010,356.960480,-50.480553,-46.943298,69.527962,14.020761,-54.888363,83.050247,655.105469,-9.869041
589,2.945000,105.252632,263.143951,-49.436813,225.873215,-260.377899,-50.461510,43.152538,-303.077667,-51.008835,-127.036873,-222.161789,-54.516628,-209.443939,12.928245,-54.353230,-127.316628,181.853821,-53.477268,272.275696,183.305008,-46.114647,356.960175,-50.480698,-46.938217,69.535339,14.019768,-54.886425,83.047890,655.107544,-9.866024
590,2.950000,105.254379,263.142242,-49.437469,225.876190,-260.379303,-50.475830,43.157372,-303.071777,-51.003586,-127.039627,-222.158752,-54.509109,-209.437103,12.919879,-54.348125,-127.315048,181.864838,-53.472721,272.278412,183.306992,-46.117352,356.960632,-50.481091,-46.942585,69.529602,14.023339,-54.884743,83.046364,655.106567,-9.871207
591,2.955000,105.261528,263.147583,-49.435661,225.873978,-260.377563,-50.464333,43.155380,-303.080994,-51.003113,-127.040741,-222.157471,-54.512787,-209.446060,12.920553,-54.345112,-127.316322,181.860199,-53.476704,272.278870,183.310059,-46.113560,356.956879,-50.480659,-46.931587,69.529694,14.022985,-54.886330,83.042068,655.108337,-9.872331
592,2.960000,105.255470,263.141998,-49.434097,225.879730,-260.377258,-50.454948,43.157467,-303.073914,-51.004581,-127.037750,-222.152420,-54.514271,-209.440903,12.921864,-54.344543,-127.312050,181.863419,-53.469048,272.276764,183.307266,-46.118397,356.961761,-50.477726,-46.942482,69.531143,14.017710,-54.893696,83.050308,655.105103,-9.867428
593,2.965000,105.251373,263.146790,-49.431557,225.877914,-260.382446,-50.472321,43.158131,-303.074005,-51.006062,-127.039001,-222.158966,-54.511868,-209.442261,12.928099,-54.349140,-127.316994,181.860336,-53.481812,272.274384,183.309174,-46.119541,356.959198,-50.481377,-46.942318,69.531708,14.023029,-54.885441,83.048187,655.106567,-9.871126
594,2.970000,105.253136,263.145844,-49.443111,225.873764,-260.375580,-50.464828,43.161350,-303.079712,-51.007507,-127.041977,-222.156647,-54.509972,-209.437805,12.922976,-54.351032,-127.316086,181.858246,-53.473816,272.278320,183.303696,-46.115017,356.968445,-50.476299,-46.936119,69.539848,14.025440,-54.884655,83.044861,655.103455,-9.865443
595,2.975000,105.254532,263.145905,-49.441048,225.880096,-260.378326,-50.468346,43.157433,-303.075745,-51.001499,-127.035080,-222.159485,-54.510784,-209.441116,12.925446,-54.343090,-127.307701,181.862930,-53.469879,272.279572,183.306427,-46.115231,356.962585,-50.479954,-46.938076,69.535858,14.020395,-54.883610,83.046265,655.099670,-9.868749
596,2.980000,105.261757,263.148651,-49.436550,225.879395,-260.377136,-50.464382,43.156818,-303.073853,-51.002846,-127.034966,-222.157074,-54.507095,-209.440475,12.922491,-54.347698,-127.314850,181.857224,-53.475632,272.281372,183.308853,-46.118530,356.961823,-50.484348,-46.937347,69.527641,14.022305,-54.880287,83.043724,655.096863,-9.866596
597,2.985000,105.259842,263.141022,-49.440319,225.875916,-260.376984,-50.469849,43.155674,-303.073792,-50.995792,-127.034378,-222.163559,-54.513111,-209.439590,12.917218,-54.351574,-127.316818,181.860809,-53.476696,272.275543,183.307785,-46.109623,356.959717,-50.479866,-46.946140,69.526138,14.022334,-54.885513,83.044029,655.096680,-9.867894
598,2.990000,105.251617,263.145569,-49.444908,225.877090,-260.377289,-50.469967,43.154102,-303.072571,-51.006721,-127.038139,-222.161804,-54.516685,-209.442276,12.925126,-54.356903,-127.320427,181.861877,-53.472523,272.276855,183.308685,-46.116222,356.962708,-50.482285,-46.936966,69.534935,14.020391,-54.882557,83.048286,655.094971,-9.866286
599,2.995000,105.256775,263.148773,-49.441341,225.880569,-260.365967,-50.449772,43.151604,-303.073669,-51.000580,-127.036186,-222.158081,-54.513634,-209.445129,12.925836,-54.352661,-127.315331,181.857742,-53.474792,272.275848,183.306396,-46.115673,356.962219,-50.472591,-46.935253,69.529633,14.018840,-54.889679,83.044197,655.095581,-9.863892
600,3.000000,105.257607,263.150574,-49.439594,225.877686,-260.375549,-50.457466,43.153484,-303.072845,-51.004208,-127.036987,-222.160736,-54.509338,-209.440933,12.924395,-54.360008,-127.321556,181.860397,-53.469341,272.273224,183.304794,-46.106354,356.963440,-50.478249,-46.945232,69.528580,14.020466,-54.887985,83.047356,655.089355,-9.869799
601,3.005000,105.256348,263.147858,-49.432388,225.881821,-260.374390,-50.463482,43.155533,-303.072479,-50.999081,-127.037750,-222.157928,-54.510532,-209.440903,12.923836,-54.346695,-127.313126,181.862198,-53.476181,272.282990,183.306915,-46.110455,356.957550,-50.479034,-46.940216,69.538567,14.021355,-54.888493,83.046234,655.084473,-9.862978
602,3.010000,105.256126,263.149902,-49.431225,225.876190,-260.374084,-50.460106,43.155540,-303.073669,-51.005749,-127.043007,-222.157745,-54.508469,-209.442429,12.926896,-54.341164,-127.311897,181.859375,-53.467514,272.278961,183.311050,-46.112080,356.960938,-50.478554,-46.940647,69.532623,14.026207,-54.885479,83.044205,655.076233,-9.858625
603,3.015000,105.253098,263.145569,-49.439396,225.878143,-260.376373,-50.458717,43.156303,-303.071777,-50.999451,-127.038162,-222.157623,-54.515690,-209.444733,12.924354,-54.351814,-127.315086,181.857864,-53.477966,272.276520,183.307739,-46.116592,356.958649,-50.479313,-46.940945,69.533821,14.022281,-54.880241,83.048248,655.073975,-9.863541
604,3.020000,105.257965,263.149933,-49.435284,225.878540,-260.377899,-50.466530,43.161083,-303.078064,-51.003029,-127.036270,-222.157547,-54.510670,-209.443802,12.923483,-54.350212,-127.311272,181.863068,-53.471088,272.276154,183.311325,-46.104839,356.960022,-50.482979,-46.933563,69.531067,14.022999,-54.888428,83.045715,655.067383,-9.859910
605,3.025000,105.258636,263.145660,-49.435192,225.875992,-260.374481,-50.449127,43.158314,-303.079498,-51.004005,-127.035690,-222.157547,-54.513546,-209.442490,12.925268,-54.343483,-127.315056,181.857956,-53.470055,272.273315,183.310318,-46.113388,356.962860,-50.477779,-46.932854,69.530449,14.015916,-54.888145,83.046600,655.058899,-9.862444
606,3.030000,105.255188,263.145294,-49.438709,225.875381,-260.372589,-50.459457,43.156235,-303.071442,-50.993874,-127.036896,-222.156525,-54.515171,-209.441757,12.923267,-54.339958,-127.313736,181.857071,-53.475258,272.274750,183.302551,-46.105049,356.963226,-50.479641,-46.941628,69.529396,14.016777,-54.883743,83.043510,655.049133,-9.854167
607,3.035000,105.254120,263.141052,-49.437481,225.880249,-260.370697,-50.461483,43.157486,-303.075226,-51.003220,-127.040428,-222.158112,-54.515125,-209.445053,12.925291,-54.342514,-127.313019,181.863464,-53.470055,272.276489,183.306259,-46.113079,356.964600,-50.480675,-46.943527,69.537933,14.019554,-54.880482,83.042931,655.037292,-9.858232
608,3.040000,105.253769,263.144531,-49.439640,225.875900,-260.374420,-50.459770,43.153370,-303.076874,-51.004265,-127.035934,-222.154099,-54.514812,-209.442215,12.924711,-54.353817,-127.312485,181.866302,-53.473747,272.276093,183.305771,-46.108513,356.963715,-50.478210,-46.936466,69.532448,14.023561,-54.883865,83.042709,655.022034,-9.858415
609,3.045000,105.258606,263.149750,-49.446739,225.878845,-260.372467,-50.459827,43.161285,-303.071930,-50.997963,-127.036377,-222.156631,-54.512043,-209.442703,12.924942,-54.346180,-127.310364,181.863663,-53.469349,272.276459,183.310440,-46.113022,356.962372,-50.474411,-46.940258,69.536469,14.019279,-54.882408,83.042412,655.009338,-9.859028
610,3.050000,105.253716,263.147614,-49.443760,225.878662,-260.374573,-50.454998,43.158890,-303.069641,-50.997177,-127.035110,-222.159393,-54.513702,-209.443481,12.926629,-54.345837,-127.316864,181.860641,-53.467716,272.275940,183.302689,-46.112827,356.962799,-50.480808,-46.936466,69.528725,14.026254,-54.877869,83.043251,654.992493,-9.851472
611,3.055000,105.257057,263.148163,-49.441044,225.878738,-260.372192,-50.458981,43.158348,-303.075470,-51.000072,-127.038422,-222.155960,-54.513039,-209.444534,12.924294,-54.346031,-127.314415,181.858246,-53.474113,272.277924,183.310989,-46.109917,356.960266,-50.477757,-46.932476,69.528641,14.022233,-54.884800,83.038010,654.961487,-9.848721
612,3.060000,105.254112,263.149261,-49.437412,225.874283,-260.374176,-50.459030,43.155922,-303.071838,-51.003120,-127.036812,-222.156235,-54.514603,-209.442078,12.923704,-54.350555,-127.317741,181.863327,-53.465614,272.272552,183.312363,-46.106258,356.957581,-50.476757,-46.935612,69.528801,14.022620,-54.877316,83.038063,654.921692,-9.845278
613,3.065000,105.253899,263.153625,-49.428448,225.879364,-260.370941,-50.446720,43.158211,-303.073395,-50.997253,-127.036049,-222.151276,-54.514999,-209.443497,12.924766,-54.338402,-127.318291,181.856613,-53.477528,272.274200,183.313721,-46.114937,356.959869,-50.478497,-46.938545,69.534325,14.025459,-54.876629,83.038467,654.860168,-9.836004
614,3.070000,105.255798,263.156830,-49.427917,225.880646,-260.371552,-50.464340,43.159340,-303.066681,-50.992718,-127.030983,-222.150269,-54.502010,-209.438812,12.929094,-54.335449,-127.309608,181.864761,-53.463490,272.283844,183.316315,-46.102844,356.965485,-50.472786,-46.931034,69.535774,14.026686,-54.880222,83.040527,654.756836,-9.823180
615,3.075000,105.261276,263.157013,-49.425529,225.875214,-260.369812,-50.451363,43.159874,-303.071320,-50.997421,-127.036659,-222.150101,-54.500149,-209.440094,12.929132,-54.332581,-127.310753,181.866928,-53.458202,272.282043,183.306915,-46.097534,356.963013,-50.477066,-46.927814,69.534294,14.025252,-54.877003,83.029343,654.633972,-9.831488
616,3.080000,105.264847,263.149841,-49.422245,225.871872,-260.381348,-50.464481,43.155170,-303.069427,-50.993950,-127.036766,-222.147232,-54.504116,-209.445236,12.931495,-54.347752,-127.314346,181.865021,-53.473854,272.279755,183.310059,-46.101303,356.964264,-50.483727,-46.927803,69.537849,14.024981,-54.874825,83.026047,654.491516,-9.820583
617,3.085000,105.261742,263.156464,-49.440746,225.879272,-260.371216,-50.463703,43.161842,-303.067291,-51.005634,-127.030853,-222.148270,-54.511219,-209.434723,12.927844,-54.346592,-127.310944,181.866440,-53.476078,272.286560,183.314789,-46.109295,356.968842,-50.473434,-46.933567,69.541115,14.028941,-54.888618,83.017372,654.340515,-9.837563
618,3.090000,105.265686,263.154022,-49.434708,225.883255,-260.367157,-50.467701,43.166073,-303.064789,-51.014763,-127.026779,-222.145798,-54.515446,-209.434189,12.930640,-54.345352,-127.310486,181.869995,-53.476894,272.285004,183.317200,-46.116562,356.971344,-50.472530,-46.937782,69.543457,14.026494,-54.888420,83.016701,654.151672,-9.853462
619,3.095000,105.255135,263.164368,-49.430634,225.874969,-260.365540,-50.464382,43.155766,-303.061737,-51.009464,-127.040550,-222.146667,-54.518257,-209.445724,12.937563,-54.340523,-127.315414,181.871460,-53.459888,272.276794,183.316635,-46.116722,356.961548,-50.467064,-46.944019,69.531868,14.035606,-54.880959,83.017654,653.864075,-9.876723
620,3.100000,105.256271,263.169281,-49.404278,225.871948,-260.358185,-50.443512,43.153488,-303.050812,-50.985645,-127.042305,-222.133957,-54.495838,-209.451630,12.942608,-54.329094,-127.318489,181.877487,-53.447628,272.277191,183.328293,-46.093082,356.959290,-50.465759,-46.925968,69.526321,14.033348,-54.865799,82.997704,653.460388,-9.892025
621,3.105000,105.269539,263.182098,-49.381218,225.887695,-260.342743,-50.434723,43.168037,-303.039246,-50.969307,-127.025887,-222.126053,-54.481651,-209.437683,12.953783,-54.306625,-127.308830,181.889267,-53.423607,272.286255,183.340332,-46.064663,356.967957,-50.445145,-46.900768,69.538040,14.048431,-54.853867,83.002655,652.875854,-9.898590
622,3.110000,105.270638,263.199066,-49.353512,225.893478,-260.331207,-50.424992,43.171547,-303.028931,-50.956169,-127.023338,-222.110031,-54.471016,-209.432266,12.966602,-54.298229,-127.306778,181.897430,-53.419491,272.290466,183.356735,-46.032562,356.968933,-50.433636,-46.888481,69.547035,14.061423,-54.840675,82.993706,652.130920,-9.950115
623,3.115000,105.284485,263.207184,-49.356697,225.878784,-260.329468,-50.423157,43.165722,-303.023010,-50.951195,-127.029510,-222.095139,-54.450245,-209.440506,12.986170,-54.277576,-127.309517,181.908096,-53.398880,272.284882,183.360367,-46.031536,356.964050,-50.430698,-46.871368,69.544289,14.072441,-54.824654,82.987122,651.179993,-9.972809
624,3.120000,105.268791,263.205719,-49.348965,225.879990,-260.327576,-50.419621,43.151272,-303.013885,-50.953339,-127.037437,-222.089981,-54.457989,-209.444870,12.988364,-54.284645,-127.316727,181.915421,-53.405884,272.285034,183.365067,-46.031918,356.962128,-50.427357,-46.877464,69.543861,14.070741,-54.829010,83.016472,650.034058,-10.004303
625,3.125000,105.286415,263.213318,-49.369087,225.892410,-260.325867,-50.440567,43.168636,-303.014832,-50.970680,-127.023277,-222.093811,-54.472095,-209.435669,12.982474,-54.302116,-127.306252,181.910477,-53.423855,272.287567,183.364731,-46.057331,356.970856,-50.425114,-46.903053,69.555679,14.081369,-54.840584,82.982056,648.616516,-10.033702
626,3.130000,105.284973,263.209747,-49.396793,225.896179,-260.321716,-50.472569,43.176800,-303.018219,-50.986996,-127.016930,-222.101257,-54.501671,-209.436218,12.978924,-54.327866,-127.306404,181.901520,-53.445934,272.292847,183.364349,-46.082142,356.970947,-50.427441,-46.923241,69.550316,14.066456,-54.864605,82.961372,646.988831,-10.050541
627,3.135000,105.275322,263.208771,-49.431274,225.890350,-260.326416,-50.479191,43.169941,-303.023376,-51.014072,-127.023697,-222.109482,-54.517338,-209.438751,12.976865,-54.351566,-127.307358,181.906006,-53.472248,272.284637,183.366135,-46.094913,356.967651,-50.424862,-46.940350,69.545952,14.067427,-54.884022,82.951958,645.149170,-10.055564
628,3.140000,105.277916,263.205383,-49.440510,225.887543,-260.329254,-50.497265,43.164074,-303.021057,-51.025169,-127.028732,-222.103531,-54.533695,-209.437149,12.970636,-54.364994,-127.313148,181.896469,-53.488628,272.283112,183.360840,-46.127663,356.967926,-50.430573,-46.960274,69.539055,14.063131,-54.898266,82.923309,643.097351,-10.102169
629,3.145000,105.275314,263.208496,-49.448063,225.889679,-260.325439,-50.485809,43.160995,-303.021088,-51.030369,-127.026009,-222.098709,-54.531773,-209.436737,12.977490,-54.372852,-127.311020,181.897400,-53.492832,272.284393,183.365646,-46.120277,356.967194,-50.429115,-46.953209,69.543297,14.070251,-54.897118,82.929344,640.807617,-10.083532
630,3.150000,105.276611,263.209473,-49.428696,225.883331,-260.323456,-50.480282,43.163898,-303.016510,-51.022579,-127.029137,-222.100510,-54.529957,-209.435791,12.983525,-54.365517,-127.311111,181.902664,-53.480774,272.286316,183.359467,-46.102512,356.965271,-50.426910,-46.945969,69.543564,14.068558,-54.885956,82.881439,638.284729,-10.148122
631,3.155000,105.284943,263.211548,-49.418320,225.882980,-260.322388,-50.471676,43.167507,-303.017334,-51.006729,-127.026619,-222.096252,-54.510708,-209.439957,12.980921,-54.344513,-127.307327,181.908997,-53.459869,272.287476,183.356766,-46.086056,356.966125,-50.424019,-46.927246,69.545319,14.069078,-54.876217,82.857803,635.551208,-10.105789
632,3.160000,105.270012,263.207825,-49.384644,225.887054,-260.321899,-50.452785,43.166172,-303.013550,-50.986439,-127.027420,-222.093369,-54.497429,-209.440765,12.985847,-54.325371,-127.300293,181.907562,-53.447365,272.287872,183.361862,-46.069515,356.969177,-50.425186,-46.913883,69.552177,14.076692,-54.859802,82.799759,632.561035,-10.138977
633,3.165000,105.260284,263.208496,-49.387474,225.890854,-260.318848,-50.443802,43.163189,-303.020752,-50.986847,-127.029892,-222.090637,-54.487782,-209.445267,12.981316,-54.312180,-127.310501,181.909393,-53.435909,272.289551,183.367096,-46.072632,356.974670,-50.423496,-46.907860,69.551971,14.070416,-54.859306,82.787338,629.364441,-10.177760
634,3.170000,105.263184,263.209473,-49.376377,225.890320,-260.320618,-50.436424,43.163002,-303.015961,-50.976433,-127.025185,-222.097214,-54.480640,-209.437469,12.980490,-54.311512,-127.308502,181.899918,-53.436226,272.288788,183.361969,-46.064934,356.969788,-50.426083,-46.910313,69.545341,14.065572,-54.857445,82.770439,625.975708,-10.148591
635,3.175000,105.276123,263.208008,-49.381248,225.887466,-260.323639,-50.446247,43.166355,-303.022369,-50.975021,-127.024010,-222.106567,-54.485172,-209.440750,12.974151,-54.307892,-127.307297,181.894943,-53.430134,272.281830,183.363571,-46.065266,356.971405,-50.427311,-46.906162,69.547508,14.070498,-54.846397,82.705879,622.331238,-10.157826
636,3.180000,105.264015,263.201080,-49.379219,225.894058,-260.328674,-50.449184,43.166397,-303.021912,-50.981808,-127.021805,-222.106918,-54.489845,-209.437866,12.968274,-54.315945,-127.305374,181.894836,-53.434086,272.283325,183.354355,-46.073879,356.968994,-50.429470,-46.912514,69.546310,14.064920,-54.850483,82.671150,618.451416,-10.216319
637,3.185000,105.281990,263.200806,-49.401192,225.883286,-260.336029,-50.453377,43.164028,-303.032440,-50.981819,-127.028671,-222.115219,-54.492985,-209.436737,12.966897,-54.328148,-127.308128,181.890457,-53.447796,272.282990,183.349869,-46.083378,356.968567,-50.440102,-46.919201,69.545273,14.061634,-54.854767,82.633286,614.378113,-10.215086
638,3.190000,105.264488,263.194611,-49.395687,225.885651,-260.338531,-50.449844,43.156879,-303.029144,-50.984669,-127.029297,-222.108170,-54.490429,-209.444473,12.968089,-54.318539,-127.309639,181.889618,-53.449665,272.288208,183.347443,-46.078899,356.966675,-50.441551,-46.909977,69.541405,14.058227,-54.862968,82.584061,610.109131,-10.222346
639,3.195000,105.278488,263.201569,-49.394806,225.877640,-260.336121,-50.440933,43.164772,-303.032104,-50.983498,-127.026917,-222.109634,-54.481522,-209.439911,12.966879,-54.309071,-127.316399,181.890015,-53.434475,272.287811,183.351868,-46.074947,356.967346,-50.439785,-46.912407,69.542564,14.057000,-54.861561,82.552696,605.565063,-10.246442
640,3.200000,105.264923,263.199738,-49.369427,225.884918,-260.332336,-50.427025,43.160828,-303.026184,-50.970573,-127.029373,-222.108459,-54.477032,-209.437317,12.972153,-54.304035,-127.320168,181.893265,-53.423859,272.282623,183.355515,-46.054691,356.963745,-50.434551,-46.896088,69.543503,14.055733,-54.845806,82.512054,600.808411,-10.283184
641,3.205000,105.264664,263.201477,-49.349663,225.886139,-260.327728,-50.425838,43.169540,-303.020691,-50.959755,-127.025963,-222.101425,-54.462616,-209.439377,12.975744,-54.292953,-127.315552,181.896484,-53.424568,272.286774,183.361679,-46.040924,356.969635,-50.433178,-46.886669,69.543190,14.066199,-54.839600,82.457535,595.833618,-10.342295
642,3.210000,105.265953,263.197266,-49.356190,225.891861,-260.328156,-50.422829,43.174026,-303.016235,-50.953209,-127.022255,-222.103027,-54.458851,-209.437576,12.981973,-54.287926,-127.307144,181.894348,-53.403774,272.291779,183.367188,-46.039024,356.965912,-50.426590,-46.884392,69.551308,14.071533,-54.825943,82.407021,590.617737,-10.386375
643,3.215000,105.274437,263.208954,-49.352734,225.888214,-260.317657,-50.427498,43.171989,-303.017792,-50.960712,-127.021568,-222.098724,-54.465233,-209.432419,12.975825,-54.297012,-127.306015,181.903336,-53.408577,272.299744,183.359589,-46.048035,356.969849,-50.424786,-46.888882,69.548721,14.065496,-54.840168,82.363197,585.196289,-10.420344
644,3.220000,105.268013,263.204102,-49.373402,225.889572,-260.326752,-50.439568,43.160889,-303.018768,-50.975353,-127.025154,-222.096649,-54.482307,-209.436859,12.981710,-54.301552,-127.306519,181.909409,-53.416382,272.297089,183.362717,-46.054482,356.967957,-50.430836,-46.904762,69.542740,14.068890,-54.842201,82.325920,579.584900,-10.463754
645,3.225000,105.269897,263.202301,-49.379696,225.892365,-260.322418,-50.460896,43.164845,-303.018097,-50.984360,-127.022583,-222.096252,-54.493946,-209.438675,12.982612,-54.320065,-127.310860,181.917923,-53.434391,272.294403,183.367325,-46.071014,356.970337,-50.429539,-46.916824,69.547630,14.073222,-54.861446,82.304474,573.701965,-10.501472
646,3.230000,105.287979,263.211823,-49.412628,225.886047,-260.329437,-50.473152,43.168694,-303.016937,-50.997410,-127.018097,-222.099548,-54.501144,-209.428635,12.980246,-54.330059,-127.299683,181.914124,-53.439285,272.301483,183.360397,-46.092167,356.978821,-50.431599,-46.923275,69.555183,14.066621,-54.872261,82.212456,567.626831,-10.583920
647,3.235000,105.279915,263.202515,-49.415653,225.893982,-260.331238,-50.468323,43.163525,-303.023254,-51.013233,-127.021370,-222.099930,-54.517372,-209.434189,12.982083,-54.347427,-127.305359,181.917618,-53.457069,272.302124,183.361191,-46.088951,356.975189,-50.430695,-46.937569,69.543747,14.071318,-54.872547,82.148239,561.327637,-10.643986
648,3.240000,105.277397,263.209686,-49.417759,225.896179,-260.328888,-50.468849,43.168053,-303.019470,-51.007847,-127.022621,-222.100830,-54.527550,-209.430756,12.979625,-54.343620,-127.305862,181.921143,-53.462509,272.294495,183.362534,-46.102997,356.969360,-50.429050,-46.932003,69.539108,14.067335,-54.879436,82.104218,554.799500,-10.658794
649,3.245000,105.284210,263.215424,-49.402096,225.897522,-260.320679,-50.472790,43.172691,-303.013489,-50.995304,-127.017769,-222.099091,-54.511162,-209.428391,12.976748,-54.338852,-127.307045,181.922531,-53.441456,272.293243,183.371094,-46.091747,356.970795,-50.426037,-46.924206,69.547264,14.072072,-54.881023,82.031349,548.031189,-10.748962
650,3.250000,105.282181,263.219086,-49.398659,225.891266,-260.318848,-50.459370,43.170177,-303.011597,-50.994835,-127.026405,-222.097549,-54.500336,-209.434448,12.984734,-54.326557,-127.311035,181.931976,-53.432369,272.295441,183.371201,-46.078537,356.973206,-50.419079,-46.919098,69.548332,14.071794,-54.872269,81.969894,541.089355,-10.787117
651,3.255000,105.267685,263.211731,-49.377342,225.890366,-260.317688,-50.455471,43.159260,-303.007141,-50.986809,-127.023933,-222.089996,-54.497284,-209.440521,12.982067,-54.322990,-127.313126,181.926788,-53.429474,272.290039,183.365387,-46.075500,356.968018,-50.421673,-46.919510,69.553238,14.073487,-54.862122,81.855194,533.909790,-10.852349
652,3.260000,105.282478,263.219116,-49.392540,225.888016,-260.317963,-50.468796,43.159180,-303.015808,-50.992756,-127.023560,-222.089767,-54.490749,-209.435837,12.986990,-54.322556,-127.305878,181.934647,-53.420921,272.297638,183.365143,-46.070457,356.972137,-50.424873,-46.911625,69.550827,14.075274,-54.856754,81.799522,526.520752,-10.845935
653,3.265000,105.289642,263.213257,-49.402111,225.893265,-260.317841,-50.454136,43.168102,-303.013580,-50.990723,-127.018272,-222.096100,-54.494278,-209.434845,12.981091,-54.323185,-127.304611,181.926834,-53.427036,272.303711,183.365616,-46.079285,356.975800,-50.431301,-46.920460,69.551689,14.068353,-54.866207,81.716515,518.918274,-10.935435
654,3.270000,105.285156,263.210602,-49.399254,225.893372,-260.321259,-50.455231,43.167583,-303.016541,-50.996193,-127.023949,-222.096909,-54.495697,-209.434860,12.980334,-54.315830,-127.306702,181.924698,-53.425777,272.299408,183.364090,-46.081245,356.970093,-50.427673,-46.923080,69.551270,14.067005,-54.854561,81.676743,511.063568,-10.932020
655,3.275000,105.275345,263.209625,-49.392548,225.883026,-260.328278,-50.464211,43.162441,-303.024475,-50.997078,-127.027481,-222.098328,-54.499519,-209.437744,12.980161,-54.323982,-127.316910,181.924454,-53.437546,272.291626,183.361786,-46.086128,356.966431,-50.430298,-46.922508,69.547951,14.065300,-54.865402,81.563049,503.040192,-10.977094
656,3.280000,105.270523,263.202942,-49.387421,225.891220,-260.331238,-50.463821,43.164642,-303.026062,-50.996906,-127.024246,-222.103119,-54.497616,-209.441040,12.978043,-54.319664,-127.311752,181.918884,-53.427616,272.294769,183.366837,-46.082443,356.969238,-50.431732,-46.919395,69.537003,14.063885,-54.867870,81.487335,494.760498,-11.025792
657,3.285000,105.285049,263.209381,-49.392437,225.892761,-260.330597,-50.445362,43.167347,-303.020538,-50.980167,-127.024979,-222.106796,-54.493263,-209.442108,12.969457,-54.323059,-127.313644,181.914612,-53.432137,272.295532,183.367783,-46.065376,356.966583,-50.427841,-46.907616,69.540993,14.066873,-54.861958,81.400650,486.284912,-11.089869
658,3.290000,105.285698,263.206299,-49.389107,225.889633,-260.329742,-50.438118,43.164921,-303.025604,-50.971645,-127.024162,-222.108047,-54.491272,-209.438812,12.978256,-54.312012,-127.317162,181.919693,-53.427521,272.292908,183.363571,-46.057423,356.970337,-50.428299,-46.904675,69.553368,14.065380,-54.854477,81.330986,477.577362,-11.134986
659,3.295000,105.271820,263.205170,-49.368252,225.882889,-260.332184,-50.440365,43.164242,-303.022064,-50.974892,-127.029625,-222.103989,-54.479561,-209.438568,12.975555,-54.295334,-127.314743,181.922592,-53.419716,272.290497,183.365067,-46.055984,356.959778,-50.429771,-46.897198,69.542740,14.061857,-54.849762,81.234550,468.660309,-11.178876
660,3.300000,105.276703,263.205444,-49.361462,225.881042,-260.331055,-50.441647,43.160046,-303.021332,-50.967056,-127.030151,-222.098221,-54.477108,-209.439285,12.977514,-54.296677,-127.317085,181.922119,-53.405056,272.293549,183.366806,-46.045483,356.962158,-50.428726,-46.895527,69.539383,14.062602,-54.844803,81.142052,459.508820,-11.251830
661,3.305000,105.271736,263.200714,-49.361671,225.885101,-260.321167,-50.432522,43.157768,-303.023193,-50.968517,-127.027107,-222.096207,-54.472744,-209.442947,12.980992,-54.293663,-127.311157,181.928024,-53.412670,272.297638,183.365509,-46.044083,356.968597,-50.430958,-46.897865,69.538094,14.070943,-54.848450,81.017265,450.167877,-11.317048
662,3.310000,105.253754,263.095184,-49.361282,225.883698,-260.381897,-50.452225,43.168102,-303.081909,-50.985748,-127.023964,-222.178864,-54.499985,-209.457077,12.895592,-54.326183,-127.351074,181.849991,-53.409325,272.287628,183.309097,-46.049839,356.962067,-50.481422,-46.907742,69.522079,14.025800,-54.852028,80.865692,440.852386,-11.395933
663,3.315000,105.139969,262.866211,-49.284771,225.893402,-260.480957,-50.476379,43.198109,-303.263031,-51.024025,-127.028763,-222.405243,-54.583721,-209.541397,12.643340,-54.388496,-127.516060,181.623322,-53.389030,272.197388,183.198029,-46.057354,356.921051,-50.559341,-46.996422,69.458946,13.888618,-54.888985,80.668007,432.510620,-11.232711
664,3.320000,105.017731,262.566528,-49.130245,225.916534,-260.670776,-50.660152,43.228237,-303.498962,-51.206272,-127.014961,-222.715881,-54.767334,-209.600967,12.303200,-54.436707,-127.657921,181.300781,-53.305401,272.112366,182.999069,-45.991352,356.900452,-50.700924,-47.099697,69.393364,13.690799,-54.981430,80.731354,424.766083,-10.861025
665,3.325000,104.947662,262.267578,-49.333286,225.928452,-260.909576,-50.831455,43.263355,-303.764160,-51.330189,-126.977715,-223.025528,-54.887760,-209.618378,11.988965,-54.572502,-127.740173,180.971710,-53.497692,272.065033,182.752716,-46.142281,356.905243,-50.906116,-47.205059,69.349220,13.487277,-55.067062,80.675323,418.433136,-10.920655
666,3.330000,104.961998,262.073334,-49.412315,225.910126,-261.081696,-50.800274,43.231010,-303.909607,-51.279331,-127.016487,-223.166183,-54.913025,-209.632538,11.853234,-54.653713,-127.760384,180.817932,-53.555531,272.084381,182.570892,-46.300804,356.902008,-51.093388,-47.337376,69.315781,13.355469,-55.115711,80.677635,414.319641,-11.104525
667,3.335000,104.890343,261.969269,-49.440830,225.867111,-261.168549,-50.953114,43.185333,-303.998383,-51.404163,-127.061409,-223.266174,-54.963226,-209.704132,11.738510,-54.680470,-127.821655,180.717255,-53.611374,272.024536,182.487793,-46.297909,356.840363,-51.183361,-47.395130,69.253242,13.269867,-55.193806,80.651199,412.872681,-10.909213
668,3.340000,104.831429,261.986481,-49.276688,225.864868,-261.151672,-51.070606,43.195591,-303.994904,-51.547295,-127.064674,-223.286423,-55.132111,-209.750580,11.699852,-54.744751,-127.876862,180.706818,-53.517559,271.954895,182.523010,-46.212814,356.807495,-51.138824,-47.460991,69.214111,13.258807,-55.223618,80.593582,414.079468,-10.704626
669,3.345000,104.893951,262.104797,-49.406147,225.846802,-261.086975,-51.029812,43.185070,-303.905121,-51.509937,-127.071754,-223.164795,-55.076431,-209.691147,11.847913,-54.708492,-127.805603,180.828552,-53.575588,272.005920,182.582352,-46.259033,356.831177,-51.087257,-47.376953,69.242004,13.340320,-55.176781,80.612595,417.144135,-10.885697
670,3.350000,105.008018,262.264099,-49.381176,225.820389,-260.985809,-50.704414,43.137016,-303.801849,-51.204185,-127.095177,-222.986847,-54.816151,-209.627090,12.056880,-54.594299,-127.681480,181.033020,-53.553139,272.101929,182.663742,-46.183998,356.857727,-51.039326,-47.176674,69.318642,13.440967,-55.046803,80.670830,422.451141,-10.940817
671,3.355000,105.015022,262.488281,-49.048340,225.819305,-260.817902,-50.472141,43.147274,-303.650299,-50.987309,-127.090645,-222.819580,-54.615044,-209.640366,12.219450,-54.367302,-127.668869,181.203583,-53.270599,272.068695,182.854630,-45.851112,356.840851,-50.848656,-46.912125,69.346298,13.585468,-54.855453,80.659454,429.527313,-10.751993
672,3.360000,104.966141,262.742645,-49.038338,225.907150,-260.600464,-50.481293,43.245396,-303.465942,-51.030949,-127.020447,-222.680038,-54.528851,-209.637543,12.340269,-54.143768,-127.665878,181.362442,-53.146008,272.008179,183.110748,-45.770382,356.839569,-50.598293,-46.784729,69.355431,13.739075,-54.767345,80.694183,437.197784,-10.764596
673,3.365000,105.113754,263.006714,-49.123245,225.964523,-260.414246,-50.258602,43.300900,-303.230713,-50.748329,-126.956627,-222.407959,-54.348667,-209.506500,12.610031,-54.162613,-127.484825,181.617661,-53.215481,272.123169,183.296585,-45.848717,356.940338,-50.446869,-46.753666,69.465157,13.895262,-54.699932,80.844002,445.183319,-11.059734
674,3.370000,105.286263,263.153687,-49.200623,225.905151,-260.365204,-50.132366,43.212643,-303.058929,-50.609493,-126.999153,-222.153229,-54.184826,-209.418518,12.931411,-54.039669,-127.312721,181.873566,-53.239849,272.301361,183.347748,-45.841137,356.977295,-50.437313,-46.591099,69.565292,14.044812,-54.628075,80.913605,452.929962,-11.139612
675,3.375000,105.481995,263.231506,-49.026089,225.745316,-260.401001,-50.175430,43.029205,-302.984955,-50.635082,-127.121002,-221.998886,-54.140545,-209.444931,13.132628,-53.878723,-127.262398,182.030853,-53.031212,272.360870,183.310379,-45.678905,356.928711,-50.518276,-46.547836,69.552200,14.116183,-54.530449,81.080643,460.810852,-11.085457
676,3.380000,105.359558,263.206268,-48.843601,225.673859,-260.392731,-50.288689,42.946072,-302.964996,-50.739902,-127.189919,-221.967453,-54.250366,-209.506775,13.163090,-53.963085,-127.302620,182.058823,-52.975906,272.313354,183.303787,-45.644730,356.876190,-50.529980,-46.682121,69.489082,14.124103,-54.553329,81.176102,468.847870,-11.046187
677,3.385000,105.276215,263.189575,-49.257877,225.825684,-260.354309,-50.363323,43.104656,-303.027130,-50.874237,-127.081856,-222.087738,-54.324562,-209.461563,13.021170,-54.051956,-127.318176,181.949310,-53.255413,272.287109,183.335388,-45.908630,356.926666,-50.466141,-46.736439,69.511192,14.062464,-54.702316,81.231705,476.480560,-10.971745
678,3.390000,105.188972,263.137177,-49.393505,225.975693,-260.322327,-50.315582,43.273544,-303.085510,-50.778378,-126.951996,-222.234360,-54.365562,-209.424225,12.827186,-54.277107,-127.360062,181.809006,-53.412746,272.237549,183.376862,-46.085411,356.989502,-50.390816,-46.894260,69.557533,14.008015,-54.796448,81.308296,483.581635,-10.958745
679,3.395000,105.071251,263.149536,-49.381241,225.926056,-260.332825,-50.511589,43.233650,-303.109314,-51.027195,-126.990913,-222.273254,-54.527840,-209.515778,12.767933,-54.287983,-127.491432,181.751404,-53.400993,272.125824,183.400650,-46.036602,356.911407,-50.353596,-46.896088,69.485992,14.011559,-54.862411,81.367203,490.309570,-11.130765
680,3.400000,105.080284,263.161835,-49.354023,225.876129,-260.323914,-50.541412,43.158318,-303.072357,-51.130966,-127.055763,-222.222488,-54.596916,-209.546188,12.833938,-54.289402,-127.484169,181.806091,-53.377567,272.113037,183.390640,-46.015549,356.875763,-50.373863,-46.902809,69.440010,14.017866,-54.888832,81.483803,496.752899,-11.168641
681,3.405000,105.208168,263.176117,-49.521259,225.903229,-260.303406,-50.482063,43.150002,-303.034424,-51.063553,-127.043831,-222.139175,-54.607147,-209.456650,12.940481,-54.465797,-127.345474,181.892242,-53.548050,272.241058,183.363434,-46.225971,356.949402,-50.422726,-47.076305,69.508575,14.027529,-54.983032,81.610527,503.171509,-11.126812
682,3.410000,105.429840,263.261963,-49.723980,225.888535,-260.316406,-50.569469,43.130020,-303.000031,-51.161873,-127.041908,-222.058578,-54.636810,-209.401138,13.041044,-54.448463,-127.240074,181.965759,-53.609875,272.353149,183.336426,-46.271847,356.982941,-50.473572,-47.046345,69.565491,14.058579,-55.004429,81.661980,509.420502,-11.130655
683,3.415000,105.494530,263.216125,-49.439392,225.862244,-260.333160,-50.606571,43.102272,-302.979095,-51.162483,-127.047432,-222.017380,-54.679070,-209.382507,13.084300,-54.485512,-127.196358,182.002197,-53.511600,272.397400,183.329941,-46.152912,357.006348,-50.506584,-47.066681,69.598091,14.071023,-54.962971,81.640839,515.270325,-11.121176
684,3.420000,105.487816,263.243866,-49.403042,225.897064,-260.307465,-50.512562,43.146942,-302.962433,-51.081554,-127.012047,-222.012085,-54.577663,-209.371460,13.082249,-54.400085,-127.198738,181.998749,-53.453762,272.396149,183.366043,-46.087845,357.019897,-50.451637,-46.968494,69.617554,14.094924,-54.913116,81.743896,520.724976,-11.119630
685,3.425000,105.308228,263.256104,-49.500317,225.934464,-260.273438,-50.430782,43.200993,-302.962891,-50.990540,-126.983093,-222.046082,-54.483089,-209.391846,13.023273,-54.337139,-127.261223,181.965820,-53.490303,272.330994,183.410965,-46.130249,357.007446,-50.383335,-46.907257,69.588943,14.110035,-54.881130,81.852165,525.921265,-11.132337
686,3.430000,105.229424,263.242340,-49.419403,225.962357,-260.253967,-50.498299,43.237045,-302.996521,-51.028831,-126.969429,-222.116547,-54.583481,-209.416641,12.946816,-54.427444,-127.337006,181.908478,-53.482273,272.260742,183.433746,-46.128315,356.999908,-50.335320,-47.007526,69.550621,14.100096,-54.897076,81.958588,530.954834,-11.077000
687,3.435000,105.217461,263.256256,-49.413212,225.986526,-260.247070,-50.604057,43.276836,-303.007416,-51.160484,-126.922623,-222.133041,-54.624065,-209.420593,12.915273,-54.358879,-127.351273,181.883163,-53.443932,272.248596,183.463364,-46.074577,357.008118,-50.299015,-46.947559,69.564217,14.110800,-54.904259,81.995316,535.749878,-10.990527
688,3.440000,105.262016,263.242645,-49.477005,225.988937,-260.271088,-50.528919,43.285645,-303.000092,-51.033100,-126.921234,-222.120682,-54.566021,-209.391388,12.929408,-54.433193,-127.312767,181.901917,-53.523849,272.297729,183.433777,-46.158741,357.035950,-50.334747,-47.019382,69.593864,14.106534,-54.931290,82.002693,540.189514,-10.944364
689,3.445000,105.419640,263.247864,-49.630241,225.887466,-260.341309,-50.537132,43.175613,-303.019592,-51.018845,-127.016869,-222.084106,-54.557102,-209.406082,12.998531,-54.447296,-127.269089,181.940811,-53.587452,272.336884,183.347382,-46.238308,357.001617,-50.451069,-47.047184,69.582436,14.093331,-54.946369,82.032028,544.321289,-10.878276
690,3.450000,105.460548,263.248627,-49.537601,225.794235,-260.374603,-50.653149,43.056114,-303.003601,-51.140026,-127.097023,-222.022751,-54.618507,-209.434006,13.094459,-54.407471,-127.247887,182.004593,-53.511471,272.365723,183.308609,-46.173466,356.960114,-50.514439,-47.022831,69.551628,14.094155,-54.932175,82.084846,548.224243,-10.751378
691,3.455000,105.492226,263.216919,-49.383038,225.829605,-260.384918,-50.551651,43.101269,-303.031738,-51.043591,-127.062294,-222.047424,-54.580246,-209.412247,13.060974,-54.408947,-127.236458,181.973068,-53.440605,272.381805,183.290421,-46.090191,356.987122,-50.523544,-46.995705,69.571770,14.086691,-54.893490,82.110748,551.956177,-10.671943
692,3.460000,105.432625,263.227112,-49.464767,225.898590,-260.357361,-50.411026,43.199421,-303.033813,-50.905510,-126.994354,-222.094666,-54.431137,-209.400208,12.981289,-54.292347,-127.262894,181.928162,-53.446739,272.350952,183.339401,-46.044399,357.010010,-50.460896,-46.829765,69.586128,14.081491,-54.832870,82.116692,555.370789,-10.597016
693,3.465000,105.237564,263.205170,-49.380840,225.918839,-260.315460,-50.413254,43.218681,-303.032562,-50.919693,-126.994476,-222.138550,-54.469383,-209.436279,12.928402,-54.327324,-127.341270,181.888107,-53.443657,272.260040,183.389542,-46.054951,356.975891,-50.387661,-46.867538,69.550613,14.077513,-54.827595,82.103928,558.464478,-10.566334
694,3.470000,105.186111,263.209015,-49.232414,225.934586,-260.266205,-50.404465,43.226559,-303.030212,-50.940186,-126.995323,-222.153488,-54.468262,-209.463028,12.910152,-54.236423,-127.373756,181.872498,-53.302845,272.221008,183.411194,-45.953651,356.955902,-50.352512,-46.827728,69.524185,14.053226,-54.798294,82.132233,561.352539,-10.523963
695,3.475000,105.223480,263.215118,-49.218563,225.941208,-260.269806,-50.340084,43.224434,-303.011414,-50.882488,-126.991394,-222.131958,-54.366539,-209.442947,12.940425,-54.137169,-127.342049,181.895264,-53.262562,272.251556,183.405945,-45.903294,356.969086,-50.367188,-46.751881,69.534988,14.055170,-54.744190,82.229591,563.989258,-10.418872
696,3.480000,105.273941,263.208008,-49.260212,225.871445,-260.319672,-50.293869,43.173058,-303.007996,-50.771439,-127.026077,-222.086731,-54.322975,-209.442413,12.994907,-54.188713,-127.310959,181.930481,-53.328979,272.292175,183.369370,-45.966454,356.964478,-50.419018,-46.807564,69.544479,14.074516,-54.747196,82.189323,566.367554,-10.395790
697,3.485000,105.329826,263.177856,-49.296375,225.834351,-260.377014,-50.400169,43.118851,-303.034790,-50.904018,-127.059044,-222.077225,-54.393158,-209.437073,13.014634,-54.203426,-127.274933,181.934402,-53.335781,272.336334,183.313583,-45.991150,356.965210,-50.498428,-46.816067,69.555786,14.063058,-54.764896,82.173698,568.417908,-10.386257
698,3.490000,105.451164,263.173096,-49.313690,225.842377,-260.384247,-50.458328,43.096165,-303.035828,-51.007870,-127.067787,-222.073746,-54.486042,-209.422363,13.026061,-54.262074,-127.251610,181.931747,-53.348663,272.347351,183.289368,-46.041782,356.978455,-50.519688,-46.913158,69.563171,14.042946,-54.819527,82.185196,570.208130,-10.399914
699,3.495000,105.414757,263.170563,-49.337597,225.862228,-260.370514,-50.371140,43.130119,-303.037354,-50.906830,-127.045425,-222.101349,-54.404778,-209.428162,12.992872,-54.244450,-127.271729,181.913513,-53.355846,272.321472,183.306442,-46.042206,356.970428,-50.498421,-46.888710,69.552643,14.039564,-54.811928,82.216652,571.792175,-10.434840
700,3.500000,105.219231,263.169495,-49.378796,225.874268,-260.339722,-50.340065,43.151730,-303.041473,-50.904156,-127.042877,-222.143875,-54.388676,-209.461594,12.927067,-54.216911,-127.343315,181.868378,-53.387955,272.254059,183.342834,-46.015808,356.938660,-50.441250,-46.825222,69.530334,14.036802,-54.807678,82.239632,573.097168,-10.431226
701,3.505000,105.171043,263.191711,-49.308372,225.908356,-260.327026,-50.448727,43.207283,-303.039734,-50.984756,-127.003998,-222.167786,-54.500198,-209.467316,12.880963,-54.310059,-127.390533,181.834930,-53.389702,272.206970,183.393188,-45.995903,356.949493,-50.378246,-46.893978,69.516663,14.051233,-54.827309,82.269836,574.166504,-10.478415
702,3.510000,105.183441,263.204285,-49.357922,225.937195,-260.309021,-50.496265,43.220741,-303.037292,-51.039196,-126.981468,-222.166855,-54.536572,-209.449814,12.893044,-54.314621,-127.374069,181.851059,-53.420528,272.220062,183.408432,-46.026806,356.962097,-50.355881,-46.882587,69.538048,14.061358,-54.851341,82.214561,574.897705,-10.542432
703,3.515000,105.222160,263.203857,-49.404938,225.899033,-260.315002,-50.405769,43.171970,-303.023499,-50.953373,-127.021240,-222.123108,-54.471642,-209.451660,12.951882,-54.315922,-127.333313,181.888138,-53.445908,272.259430,183.377716,-46.063751,356.958374,-50.399811,-46.878162,69.537231,14.061048,-54.854881,82.251175,575.444336,-10.548992
704,3.520000,105.291862,263.223236,-49.348324,225.849472,-260.335938,-50.409748,43.114765,-302.984650,-50.946560,-127.058281,-222.049911,-54.456738,-209.439590,13.038842,-54.286064,-127.292244,181.954041,-53.394512,272.313354,183.357178,-46.048313,356.956238,-50.447857,-46.900124,69.551765,14.081451,-54.840282,82.295570,575.718750,-10.586837
705,3.525000,105.451553,263.279480,-49.429729,225.846344,-260.334381,-50.533260,43.104214,-302.976532,-51.075115,-127.053650,-222.021454,-54.532581,-209.412949,13.079063,-54.302624,-127.243965,181.988159,-53.401127,272.359161,183.342911,-46.066654,356.976654,-50.473888,-46.939575,69.580238,14.092964,-54.870167,82.305862,575.706726,-10.602648
706,3.530000,105.449394,263.281860,-49.460346,225.872055,-260.321533,-50.490299,43.133114,-302.978638,-51.016193,-127.034576,-222.026184,-54.519577,-209.407593,13.061919,-54.361691,-127.245949,181.977020,-53.457844,272.357819,183.361343,-46.110641,356.992401,-50.456047,-46.981117,69.583580,14.096626,-54.874866,82.317673,575.441284,-10.619834
707,3.535000,105.285873,263.223541,-49.491371,225.884338,-260.315735,-50.485893,43.162083,-302.998993,-51.013676,-127.032921,-222.070084,-54.529758,-209.426300,13.013371,-54.372128,-127.292053,181.944214,-53.515900,272.305145,183.376465,-46.154484,356.979645,-50.415932,-46.960613,69.545830,14.092879,-54.912136,82.277107,574.958130,-10.646842
708,3.540000,105.234955,263.223633,-49.435154,225.930038,-260.287750,-50.516705,43.197311,-303.014771,-51.053562,-127.006683,-222.112091,-54.566547,-209.442337,12.949798,-54.380035,-127.340553,181.902771,-53.473938,272.263275,183.404938,-46.110054,356.971680,-50.375942,-46.945450,69.542236,14.078588,-54.915989,82.311043,574.339905,-10.634841
709,3.545000,105.220421,263.226868,-49.425087,225.942337,-260.269592,-50.573273,43.233898,-303.015381,-51.093616,-126.976135,-222.129501,-54.618961,-209.433624,12.927157,-54.434109,-127.354637,181.891129,-53.491478,272.252686,183.417404,-46.123970,356.982117,-50.349396,-47.001156,69.546432,14.085983,-54.927654,82.311073,573.395752,-10.600946
710,3.550000,105.233437,263.221680,-49.507832,225.905457,-260.291443,-50.540440,43.196281,-303.015900,-51.056561,-127.004784,-222.103699,-54.557991,-209.446625,12.962523,-54.400322,-127.346886,181.909805,-53.536175,272.260864,183.406036,-46.153416,356.967133,-50.379749,-46.970776,69.546295,14.089714,-54.925972,82.288544,572.257263,-10.605130
711,3.555000,105.288467,263.205994,-49.456429,225.862946,-260.335999,-50.501606,43.145836,-303.027161,-50.986526,-127.040878,-222.086655,-54.533859,-209.443375,12.999701,-54.396996,-127.306221,181.929672,-53.509174,272.303314,183.353592,-46.141048,356.969177,-50.440212,-46.970284,69.550766,14.080644,-54.899654,82.239983,570.898376,-10.621813
712,3.560000,105.459572,263.231049,-49.435192,225.858643,-260.370361,-50.517628,43.134663,-303.030518,-51.044800,-127.034813,-222.071869,-54.545235,-209.412674,13.030159,-54.351616,-127.249062,181.949036,-53.433014,272.363129,183.318100,-46.084202,356.995331,-50.492439,-46.940559,69.576927,14.078496,-54.879654,82.237823,569.290161,-10.609322
713,3.565000,105.477287,263.221130,-49.437916,225.869781,-260.383972,-50.512558,43.146290,-303.037201,-51.013916,-127.027840,-222.072922,-54.527954,-209.395767,13.023287,-54.347466,-127.223747,181.951050,-53.444927,272.383057,183.303757,-46.091713,357.008362,-50.502853,-46.931557,69.593010,14.082168,-54.860771,82.229744,567.440063,-10.598938
714,3.570000,105.323753,263.190277,-49.404919,225.864868,-260.366699,-50.454273,43.158436,-303.029266,-50.924961,-127.025291,-222.086823,-54.454967,-209.423691,12.997778,-54.338196,-127.275589,181.927216,-53.454205,272.338379,183.317688,-46.094597,356.987823,-50.473145,-46.922234,69.577530,14.078921,-54.837849,82.231308,565.374878,-10.558833
715,3.575000,105.259300,263.194397,-49.369476,225.878876,-260.338898,-50.454617,43.177200,-303.038300,-50.946693,-127.014832,-222.130020,-54.445366,-209.453979,12.944203,-54.267365,-127.334122,181.892609,-53.402664,272.279053,183.366318,-46.030914,356.965240,-50.423294,-46.864716,69.556862,14.067302,-54.813545,82.196594,563.096375,-10.551077
716,3.580000,105.214302,263.206238,-49.283318,225.931671,-260.291168,-50.431480,43.215206,-303.027313,-50.967155,-126.989899,-222.141510,-54.473404,-209.436646,12.918470,-54.256393,-127.348900,181.878632,-53.348381,272.247131,183.399521,-45.988518,356.971649,-50.377132,-46.876068,69.546867,14.063666,-54.816475,82.151794,560.572083,-10.542234
717,3.585000,105.225006,263.200653,-49.360004,225.948746,-260.293121,-50.399204,43.227234,-303.035522,-50.962444,-126.981140,-222.140167,-54.463516,-209.425049,12.923814,-54.273270,-127.331543,181.881454,-53.389523,272.260742,183.384628,-46.030804,356.979980,-50.395760,-46.872654,69.545761,14.044311,-54.837093,82.112228,557.851379,-10.550520
718,3.590000,105.257996,263.187836,-49.393349,225.903473,-260.331329,-50.389126,43.171349,-303.034058,-50.938057,-127.020348,-222.117020,-54.437603,-209.427582,12.960122,-54.280991,-127.303314,181.903763,-53.422020,272.292053,183.354294,-46.057564,356.976379,-50.430302,-46.873871,69.549042,14.045650,-54.835255,82.119637,554.872192,-10.533232
719,3.595000,105.311890,263.188293,-49.304104,225.854294,-260.359589,-50.408760,43.122421,-303.021393,-50.951538,-127.051102,-222.081009,-54.449383,-209.423599,13.010468,-54.272167,-127.271965,181.930817,-53.359653,272.325836,183.316086,-46.018353,356.972809,-50.480141,-46.879578,69.559158,14.053248,-54.818672,82.055923,551.657959,-10.579517
720,3.600000,105.443588,263.187042,-49.321941,225.858780,-260.363953,-50.415264,43.114452,-303.014526,-50.977207,-127.054680,-222.064667,-54.451283,-209.413635,13.025590,-54.237587,-127.247734,181.952637,-53.335842,272.341980,183.311905,-46.007008,356.980103,-50.495281,-46.868282,69.566978,14.050786,-54.821514,82.014488,548.241028,-10.623915
721,3.605000,105.422531,263.199432,-49.373405,225.877701,-260.345551,-50.377666,43.137836,-303.007294,-50.940628,-127.040016,-222.070236,-54.441555,-209.416031,13.014728,-54.274681,-127.262817,181.946136,-53.381702,272.331451,183.339630,-46.051189,356.976654,-50.466244,-46.887226,69.562706,14.050162,-54.841007,81.967163,544.586670,-10.653250
722,3.610000,105.261955,263.206696,-49.375813,225.911148,-260.320953,-50.391953,43.178776,-303.016479,-50.959240,-127.007660,-222.109314,-54.465714,-209.423523,12.964157,-54.284813,-127.305717,181.913040,-53.406597,272.294128,183.365677,-46.058548,356.976654,-50.416641,-46.882793,69.553665,14.056326,-54.840008,81.923676,540.743591,-10.735793
723,3.615000,105.214050,263.202484,-49.330574,225.921219,-260.310516,-50.448364,43.207516,-303.024353,-50.994175,-126.989769,-222.136017,-54.486225,-209.443542,12.915855,-54.282986,-127.346260,181.883377,-53.378662,272.252655,183.392090,-46.006908,356.971954,-50.383099,-46.866287,69.548180,14.064816,-54.829556,81.904449,536.648926,-10.753366
724,3.620000,105.200142,263.199524,-49.339283,225.907928,-260.319061,-50.451599,43.201893,-303.024658,-50.970100,-127.005669,-222.137527,-54.482189,-209.455948,12.916249,-54.304535,-127.366783,181.882523,-53.395191,272.241913,183.397446,-46.034283,356.958679,-50.378792,-46.888592,69.535988,14.072000,-54.833351,81.868378,532.383301,-10.837824
725,3.625000,105.246185,263.204956,-49.433636,225.879913,-260.337158,-50.467682,43.174850,-303.030518,-50.971310,-127.023872,-222.117401,-54.475754,-209.459763,12.950112,-54.320141,-127.340240,181.905563,-53.447098,272.269684,183.372452,-46.092075,356.958801,-50.413017,-46.908623,69.535263,14.071817,-54.857681,81.797729,527.813049,-10.882030
726,3.630000,105.302391,263.207245,-49.416725,225.875412,-260.345795,-50.495750,43.153500,-303.021820,-51.012138,-127.032433,-222.084152,-54.526329,-209.427368,13.004691,-54.353462,-127.289726,181.937744,-53.452148,272.320068,183.351578,-46.107754,356.974548,-50.451145,-46.951202,69.559540,14.081695,-54.873291,81.756729,523.024231,-10.920381
727,3.635000,105.434464,263.248291,-49.447437,225.864960,-260.352600,-50.518169,43.132740,-303.013916,-51.042675,-127.040314,-222.056671,-54.547985,-209.410843,13.041984,-54.350430,-127.258659,181.962006,-53.443237,272.348633,183.344070,-46.091545,356.985687,-50.469391,-46.952637,69.572006,14.092013,-54.876404,81.696709,518.077576,-10.968706
728,3.640000,105.325310,263.214081,-49.432709,225.839737,-260.349884,-50.512760,43.112526,-303.004578,-51.016289,-127.055672,-222.059433,-54.523129,-209.438965,13.040910,-54.355408,-127.280655,181.967072,-53.475819,272.332642,183.341217,-46.117905,356.964844,-50.470772,-46.946342,69.561348,14.086360,-54.885406,81.672394,512.878418,-10.975905
729,3.645000,105.280106,263.213348,-49.447281,225.863327,-260.333374,-50.501003,43.138069,-303.011810,-51.002960,-127.051010,-222.086990,-54.533039,-209.457901,13.010191,-54.384903,-127.312721,181.943527,-53.490425,272.295624,183.362122,-46.123890,356.956177,-50.438339,-46.966763,69.543022,14.078334,-54.893528,81.622665,507.462158,-10.991055
730,3.650000,105.251045,263.213654,-49.430916,225.908249,-260.294769,-50.516495,43.191483,-303.026031,-51.055740,-127.012955,-222.111923,-54.554447,-209.445541,12.962938,-54.364998,-127.333046,181.916031,-53.467514,272.270264,183.395569,-46.085999,356.965332,-50.395275,-46.945267,69.541031,14.077447,-54.894417,81.587753,501.817352,-11.044025
731,3.655000,105.238434,263.220673,-49.389473,225.938690,-260.272400,-50.496906,43.215790,-303.014069,-51.024715,-126.986115,-222.123718,-54.544128,-209.436554,12.945557,-54.346237,-127.334030,181.909500,-53.434677,272.267365,183.411972,-46.050896,356.972198,-50.370510,-46.922138,69.544777,14.080989,-54.887062,81.501892,495.924469,-11.101134
732,3.660000,105.254662,263.156433,-49.463768,225.924957,-260.347534,-50.461067,43.211010,-303.072632,-50.977432,-126.997383,-222.173920,-54.513245,-209.423904,12.902768,-54.369999,-127.321838,181.866867,-53.495655,272.286407,183.344467,-46.124950,356.976196,-50.441654,-46.942139,69.556824,14.036670,-54.917641,81.497307,490.170227,-11.249444
733,3.665000,105.283684,263.056427,-49.632034,225.876495,-260.462555,-50.573044,43.154873,-303.160156,-51.088123,-127.033768,-222.226440,-54.614010,-209.418839,12.856445,-54.484550,-127.294067,181.816208,-53.632317,272.313629,183.225067,-46.273682,356.979950,-50.577057,-47.066528,69.552429,13.959859,-54.991562,81.513954,485.260468,-11.226488
734,3.670000,105.417244,262.985779,-49.826538,225.827759,-260.552826,-50.739845,43.098331,-303.224121,-51.263359,-127.077446,-222.270447,-54.793568,-209.423355,12.838487,-54.653072,-127.270805,181.778671,-53.799740,272.330719,183.122467,-46.459496,356.963501,-50.679344,-47.259407,69.534721,13.902532,-55.116745,81.435478,480.959473,-11.064964
735,3.675000,105.419930,262.956970,-49.873901,225.839249,-260.577026,-50.733406,43.096718,-303.246185,-51.269478,-127.080811,-222.294785,-54.797287,-209.412827,12.809608,-54.662773,-127.250092,181.749695,-53.816643,272.331390,183.093750,-46.498615,356.969055,-50.712837,-47.254364,69.530075,13.879394,-55.139828,81.369476,476.813202,-10.997795
736,3.680000,105.379150,262.935303,-49.807182,225.865982,-260.587646,-50.667950,43.133904,-303.283081,-51.212093,-127.046066,-222.354828,-54.744854,-209.415161,12.735381,-54.618607,-127.284843,181.691162,-53.764629,272.296936,183.093719,-46.432301,356.976166,-50.694252,-47.193199,69.533119,13.850749,-55.097591,81.314377,473.263824,-11.048906
737,3.685000,105.209778,262.957977,-49.650246,225.899109,-260.538391,-50.558640,43.192013,-303.263916,-51.109009,-127.011078,-222.376053,-54.636753,-209.441757,12.698392,-54.493221,-127.343071,181.673157,-53.639473,272.262756,183.161163,-46.294758,356.968231,-50.626514,-47.083534,69.518341,13.867266,-55.022881,81.254097,470.461823,-10.971542
738,3.690000,105.200027,262.950714,-49.577641,225.896103,-260.529388,-50.518597,43.187351,-303.276123,-51.080769,-127.021599,-222.394608,-54.601246,-209.467865,12.677752,-54.410057,-127.375183,181.652939,-53.553638,272.224091,183.160706,-46.216526,356.946198,-50.612331,-47.015949,69.495964,13.852805,-54.955261,81.282219,468.143951,-10.819473
739,3.695000,105.197548,262.968750,-49.460663,225.846039,-260.526215,-50.359489,43.131721,-303.245087,-50.926365,-127.070847,-222.348099,-54.469868,-209.499435,12.720097,-54.319481,-127.393333,181.688354,-53.446346,272.213043,183.162140,-46.097763,356.908813,-50.615993,-46.898544,69.464828,13.860896,-54.853836,81.224754,466.330475,-10.860198
740,3.700000,105.265938,262.986938,-49.319572,225.850128,-260.532898,-50.246105,43.134426,-303.228851,-50.795734,-127.056122,-222.309601,-54.347923,-209.459488,12.765914,-54.189278,-127.341377,181.717880,-53.336021,272.255920,183.152191,-45.954582,356.928619,-50.623631,-46.745007,69.510201,13.872241,-54.771801,81.180168,465.079041,-10.851377
741,3.705000,105.341431,262.995972,-49.197826,225.877899,-260.530548,-50.208912,43.175583,-303.208954,-50.726952,-127.019691,-222.276474,-54.279499,-209.404678,12.807965,-54.094090,-127.265648,181.743942,-53.233818,272.327423,183.153717,-45.861824,356.983459,-50.626995,-46.690708,69.564835,13.902826,-54.703400,81.137360,464.413605,-10.756364
742,3.710000,105.333420,263.001801,-49.303688,225.833755,-260.533234,-50.314159,43.120728,-303.197571,-50.847576,-127.066208,-222.246552,-54.359432,-209.428253,12.845384,-54.172119,-127.275543,181.780090,-53.310692,272.322174,183.150101,-45.984192,356.961853,-50.636524,-46.827969,69.537224,13.906464,-54.761917,81.170876,464.231140,-10.765463
743,3.715000,105.274773,262.992981,-49.439808,225.772858,-260.542419,-50.397251,43.035297,-303.209076,-50.926682,-127.136215,-222.264664,-54.426792,-209.499588,12.842454,-54.259663,-127.341644,181.780411,-53.398243,272.261810,183.137466,-46.101463,356.889526,-50.656731,-46.922043,69.454788,13.889637,-54.828163,81.204765,464.501495,-10.863163
744,3.720000,105.226006,262.989960,-49.420895,225.801529,-260.514282,-50.383068,43.083214,-303.225250,-50.920460,-127.107468,-222.294083,-54.433826,-209.503967,12.794244,-54.282509,-127.372726,181.747833,-53.410591,272.232788,183.161530,-46.078262,356.899261,-50.624859,-46.901138,69.465248,13.878854,-54.849499,81.200508,465.114014,-10.889073
745,3.725000,105.209076,263.004944,-49.411545,225.905121,-260.491425,-50.413422,43.215473,-303.233459,-50.957108,-127.003326,-222.343750,-54.493320,-209.448303,12.723775,-54.316570,-127.359016,181.697784,-53.429840,272.242645,183.205154,-46.050930,356.960388,-50.568817,-46.880581,69.519432,13.890844,-54.871250,81.186798,466.141785,-10.902144
746,3.730000,105.189537,263.011505,-49.503056,225.906876,-260.478638,-50.511490,43.211845,-303.229645,-51.042725,-127.005699,-222.338547,-54.575356,-209.459198,12.731715,-54.403225,-127.378403,181.714600,-53.532242,272.229889,183.225632,-46.141380,356.954590,-50.546974,-46.967896,69.507454,13.905867,-54.916077,81.216133,467.513733,-10.995060
747,3.735000,105.193748,263.017578,-49.587292,225.832977,-260.494904,-50.556892,43.131733,-303.212158,-51.077511,-127.076042,-222.290939,-54.590622,-209.497528,12.788837,-54.442581,-127.386154,181.759247,-53.582119,272.231171,183.207855,-46.229214,356.912201,-50.581001,-47.036720,69.474495,13.927709,-54.943165,81.258682,469.179352,-11.084007
748,3.740000,105.243980,263.048340,-49.494438,225.802750,-260.480804,-50.490116,43.080742,-303.164612,-51.011684,-127.103630,-222.222321,-54.524342,-209.483917,12.879814,-54.355247,-127.335739,181.819687,-53.486835,272.275452,183.208176,-46.161865,356.911285,-50.598183,-46.978977,69.482018,13.953195,-54.910736,81.300148,471.215790,-11.149993
749,3.745000,105.428757,263.068939,-49.436554,225.845428,-260.473114,-50.484295,43.122372,-303.140167,-51.008312,-127.060249,-222.190109,-54.528519,-209.418274,12.906650,-54.350246,-127.267975,181.842651,-53.452007,272.335388,183.212158,-46.084106,356.970825,-50.594109,-46.944595,69.544014,13.966252,-54.897434,81.306473,473.501648,-11.152342
750,3.750000,105.428986,263.087524,-49.501415,225.874924,-260.439789,-50.499096,43.162392,-303.114563,-51.045612,-127.029182,-222.176971,-54.571957,-209.396164,12.915335,-54.412075,-127.257332,181.856247,-53.523182,272.351624,183.246429,-46.137375,356.993073,-50.560524,-46.967110,69.579208,13.990463,-54.919216,81.329910,476.059784,-11.227598
751,3.755000,105.268799,263.083710,-49.577042,225.860794,-260.439362,-50.560200,43.151047,-303.128967,-51.097343,-127.041176,-222.199814,-54.624832,-209.431961,12.889480,-54.472965,-127.304153,181.837311,-53.601757,272.304993,183.255096,-46.218517,356.962158,-50.540642,-47.035538,69.547142,13.988900,-54.965691,81.381790,478.826904,-11.205598
752,3.760000,105.216324,263.083099,-49.564693,225.875229,-260.434082,-50.582539,43.155125,-303.144958,-51.106754,-127.042084,-222.228149,-54.610874,-209.463608,12.853305,-54.438641,-127.353355,181.806198,-53.570984,272.257660,183.265366,-46.226055,356.945129,-50.518387,-47.051624,69.512108,13.981375,-54.972492,81.431137,481.902893,-11.233649
753,3.765000,105.201553,263.091888,-49.564587,225.904739,-260.412750,-50.593796,43.186584,-303.139282,-51.126305,-127.017509,-222.245850,-54.623856,-209.449310,12.825847,-54.431900,-127.360657,181.793884,-53.549908,272.249023,183.289917,-46.237129,356.956726,-50.497589,-47.071217,69.515953,13.979352,-54.987144,81.483841,485.188171,-11.228992
754,3.770000,105.228996,263.086304,-49.628490,225.924133,-260.406494,-50.623104,43.203014,-303.140900,-51.152054,-126.993805,-222.243851,-54.676430,-209.416092,12.832518,-54.525982,-127.318542,181.800079,-53.634544,272.276428,183.286072,-46.283024,356.983429,-50.504211,-47.102745,69.549416,13.974155,-55.016548,81.489822,488.635803,-11.156780
755,3.775000,105.267349,263.079041,-49.662151,225.892715,-260.426453,-50.624825,43.167679,-303.134918,-51.176777,-127.021698,-222.217041,-54.705929,-209.408646,12.866993,-54.547878,-127.294380,181.822647,-53.666939,272.302307,183.251419,-46.298141,356.982361,-50.542789,-47.096573,69.557877,13.965495,-55.022213,81.513039,492.288696,-11.084759
756,3.780000,105.300613,263.073090,-49.583038,225.850616,-260.457062,-50.566719,43.115543,-303.127563,-51.121983,-127.066109,-222.186218,-54.640255,-209.423965,12.901650,-54.475826,-127.268867,181.843842,-53.581112,272.326233,183.226730,-46.229954,356.968781,-50.584290,-47.041908,69.548759,13.966201,-54.988659,81.529228,496.196991,-11.046220
757,3.785000,105.305443,263.090057,-49.476574,225.839462,-260.451752,-50.487400,43.098011,-303.115204,-51.053928,-127.076302,-222.169388,-54.559883,-209.429749,12.925573,-54.367443,-127.272949,181.862885,-53.480553,272.326660,183.230301,-46.154861,356.954865,-50.584160,-46.992138,69.526215,13.978549,-54.924057,81.575760,500.208252,-10.981112
758,3.790000,105.285461,263.189026,-49.334320,225.872269,-260.340118,-50.396465,43.131371,-303.024933,-50.962929,-127.044647,-222.093979,-54.444828,-209.432922,12.989972,-54.242950,-127.293365,181.929123,-53.362465,272.315094,183.337936,-46.033150,356.961334,-50.460609,-46.881889,69.544838,14.044282,-54.828766,81.572708,504.035645,-10.799038
759,3.795000,105.254761,263.215851,-49.210159,225.912994,-260.293396,-50.355518,43.193352,-303.007874,-50.896755,-126.997574,-222.102097,-54.395672,-209.431213,12.964146,-54.189922,-127.320244,181.925812,-53.275318,272.285126,183.397095,-45.911972,356.979492,-50.389393,-46.786289,69.569183,14.078338,-54.741528,81.567200,507.424469,-10.682700
760,3.800000,105.236893,263.250549,-49.056633,225.919693,-260.266846,-50.215347,43.219990,-302.982239,-50.724052,-126.991020,-222.088333,-54.254726,-209.440811,12.974523,-54.036877,-127.347481,181.919495,-53.136768,272.255310,183.434250,-45.752563,356.970551,-50.344360,-46.615440,69.562576,14.101008,-54.624241,81.596947,510.428497,-10.796617
761,3.805000,105.234573,263.249542,-49.093128,225.887955,-260.272675,-50.200485,43.195625,-302.978821,-50.701885,-127.013176,-222.080139,-54.237614,-209.456955,12.993069,-54.026581,-127.354401,181.934158,-53.162544,272.247742,183.432571,-45.772896,356.954468,-50.348488,-46.618858,69.536285,14.109475,-54.625759,81.641586,513.082642,-10.832982
762,3.810000,105.263115,263.212036,-49.160500,225.867447,-260.317413,-50.273598,43.151653,-303.007660,-50.778927,-127.041611,-222.088242,-54.291531,-209.453430,13.005761,-54.085388,-127.320007,181.942749,-53.210907,272.279663,183.370270,-45.864922,356.947876,-50.420437,-46.724506,69.538399,14.076292,-54.682533,81.709381,515.593994,-10.837015
763,3.815000,105.296303,263.197845,-49.253498,225.847260,-260.349243,-50.389648,43.124535,-303.015533,-50.894817,-127.059906,-222.075226,-54.384716,-209.438278,13.021410,-54.170189,-127.294243,181.954346,-53.291885,272.316895,183.334061,-45.971996,356.957733,-50.465874,-46.842239,69.554337,14.071239,-54.772377,81.714790,517.958191,-10.767009
764,3.820000,105.310013,263.172699,-49.353199,225.839905,-260.384644,-50.489223,43.127110,-303.041534,-50.982925,-127.048004,-222.087952,-54.476616,-209.442657,12.998127,-54.288429,-127.287941,181.933960,-53.394577,272.331146,183.310623,-46.062885,356.969666,-50.493629,-46.926743,69.555283,14.065691,-54.835110,81.709709,520.027039,-10.776444
765,3.825000,105.293556,263.167969,-49.466591,225.855774,-260.378235,-50.505127,43.139915,-303.058167,-51.025986,-127.053917,-222.121979,-54.541759,-209.447128,12.969247,-54.377167,-127.301857,181.909592,-53.490299,272.312042,183.307373,-46.132198,356.959564,-50.487507,-46.969177,69.531563,14.043473,-54.896568,81.729454,521.675354,-10.814088
766,3.830000,105.253784,263.164368,-49.540176,225.884842,-260.356537,-50.551876,43.167034,-303.066467,-51.102303,-127.027023,-222.149384,-54.624985,-209.445038,12.931365,-54.454945,-127.317848,181.888779,-53.559963,272.281708,183.333130,-46.200825,356.963806,-50.461346,-47.024864,69.528229,14.028493,-54.965996,81.767685,523.081116,-10.875401
767,3.835000,105.232407,263.176605,-49.487862,225.921173,-260.324066,-50.548725,43.197285,-303.056824,-51.089436,-127.006264,-222.162323,-54.616497,-209.437363,12.914300,-54.422318,-127.335014,181.880066,-53.514626,272.264465,183.357559,-46.159378,356.966370,-50.421558,-47.003601,69.532776,14.033777,-54.943085,81.796333,524.365784,-10.899173
768,3.840000,105.236885,263.201294,-49.417160,225.925110,-260.308990,-50.488590,43.203815,-303.036621,-51.031445,-126.991035,-222.138397,-54.537636,-209.434753,12.925131,-54.357784,-127.337799,181.888687,-53.464973,272.267883,183.381363,-46.094296,356.971802,-50.397087,-46.935093,69.543304,14.054273,-54.895386,81.777260,525.441833,-10.864862
769,3.845000,105.283997,263.240265,-49.316429,225.914719,-260.285278,-50.394100,43.203758,-302.991119,-50.929649,-126.990303,-222.077835,-54.445686,-209.428894,12.985800,-54.281174,-127.310020,181.943924,-53.386921,272.297974,183.400360,-45.994778,356.982758,-50.384174,-46.848133,69.566559,14.100781,-54.815804,81.791046,526.119812,-10.866345
770,3.850000,105.327499,263.244476,-49.307774,225.893219,-260.301178,-50.422241,43.168407,-302.977783,-50.960865,-127.017212,-222.040756,-54.462086,-209.417999,13.048689,-54.272533,-127.266762,181.983322,-53.363098,272.335724,183.384720,-45.986549,356.992218,-50.417774,-46.849705,69.576004,14.108696,-54.811775,81.803932,526.512817,-10.930412
771,3.855000,105.451294,263.295929,-49.356533,225.867294,-260.299530,-50.389275,43.141258,-302.957764,-50.933392,-127.040192,-222.010498,-54.429890,-209.412231,13.086093,-54.242332,-127.244797,182.008942,-53.330673,272.354034,183.381393,-45.991344,356.987610,-50.433399,-46.853447,69.571373,14.114592,-54.795147,81.832336,526.702087,-10.949558
772,3.860000,105.435699,263.240479,-49.347122,225.866104,-260.317627,-50.409924,43.135242,-302.972229,-50.930225,-127.035469,-222.028412,-54.428825,-209.415726,13.067504,-54.240993,-127.257599,181.989624,-53.353615,272.350311,183.369354,-46.030029,356.981201,-50.437469,-46.886551,69.579262,14.106817,-54.817345,81.836777,526.642456,-10.922996
773,3.865000,105.302254,263.222992,-49.399746,225.902206,-260.318878,-50.477798,43.168350,-303.000946,-50.998905,-127.009361,-222.077820,-54.491085,-209.422531,12.994875,-54.312786,-127.289879,181.934006,-53.424286,272.317200,183.368271,-46.088272,356.988770,-50.421215,-46.936443,69.572800,14.091870,-54.851086,81.851479,526.294800,-10.919592
774,3.870000,105.253525,263.197266,-49.477901,225.924393,-260.326355,-50.546124,43.207050,-303.034637,-51.082836,-126.993553,-222.137985,-54.578770,-209.428116,12.936155,-54.405109,-127.319572,181.889648,-53.514023,272.280212,183.370880,-46.150223,356.982697,-50.408363,-47.006474,69.559029,14.066504,-54.916790,81.817635,525.757690,-10.944356
775,3.875000,105.236893,263.178894,-49.546005,225.933060,-260.326599,-50.559155,43.210251,-303.054077,-51.117107,-126.987427,-222.161240,-54.627762,-209.422104,12.906734,-54.447094,-127.325531,181.870071,-53.554893,272.268341,183.361816,-46.203770,356.981628,-50.418407,-47.036037,69.543419,14.046420,-54.960598,81.802597,524.991577,-10.918758
776,3.880000,105.241615,263.173981,-49.524372,225.920258,-260.338531,-50.531517,43.188587,-303.052551,-51.089336,-127.003235,-222.146667,-54.600731,-209.421234,12.929070,-54.435150,-127.314720,181.880814,-53.534092,272.287659,183.348511,-46.180943,356.981720,-50.439014,-47.008545,69.552155,14.041525,-54.950413,81.799690,524.080322,-10.912634
777,3.885000,105.294212,263.184814,-49.464386,225.879852,-260.343384,-50.498272,43.145500,-303.031555,-51.054394,-127.031204,-222.107880,-54.563202,-209.425323,12.975123,-54.396339,-127.292473,181.912918,-53.489975,272.312042,183.332962,-46.121819,356.974579,-50.466450,-46.972679,69.559120,14.048373,-54.911579,81.772263,522.835449,-10.846071
778,3.890000,105.314445,263.188965,-49.377987,225.873734,-260.353729,-50.461903,43.144291,-303.023987,-51.005795,-127.028809,-222.077988,-54.504799,-209.417191,13.002054,-54.331676,-127.267349,181.938187,-53.418140,272.343292,183.329636,-46.065540,356.988129,-50.478046,-46.919521,69.574242,14.061944,-54.865601,81.738213,521.391357,-10.851210
779,3.895000,105.437271,263.202332,-49.340744,225.887772,-260.342316,-50.398399,43.155308,-303.014923,-50.939163,-127.017693,-222.076797,-54.453907,-209.408249,13.016020,-54.266472,-127.254814,181.951630,-53.383530,272.350433,183.339066,-46.020073,356.991608,-50.471519,-46.873325,69.576263,14.070281,-54.819603,81.739021,519.732422,-10.848099
780,3.900000,105.303711,263.208496,-49.271660,225.891586,-260.322388,-50.342915,43.169834,-303.009857,-50.876896,-127.018425,-222.078583,-54.385967,-209.414444,13.006433,-54.195629,-127.274963,181.947983,-53.315105,272.329346,183.359177,-45.975307,356.986938,-50.443008,-46.808582,69.563560,14.072543,-54.775330,81.728119,517.866638,-10.827704
781,3.905000,105.262184,263.222717,-49.248459,225.890778,-260.308533,-50.363987,43.176479,-303.000092,-50.879059,-127.024803,-222.088394,-54.384682,-209.443436,12.988914,-54.183338,-127.311798,181.935852,-53.296921,272.284821,183.382034,-45.948814,356.966644,-50.400845,-46.801186,69.551125,14.080690,-54.770840,81.713577,515.783447,-10.834966
782,3.910000,105.229141,263.219971,-49.270378,225.894608,-260.303467,-50.390915,43.183590,-303.012238,-50.899857,-127.012672,-222.108414,-54.404350,-209.452347,12.966931,-54.218441,-127.342987,181.917313,-53.321167,272.259064,183.395966,-45.964638,356.958221,-50.387302,-46.822323,69.536186,14.075795,-54.779633,81.677658,513.446350,-10.831085
783,3.915000,105.241470,263.199432,-49.336449,225.902878,-260.319855,-50.420746,43.204685,-303.027863,-50.916836,-127.010239,-222.120224,-54.431896,-209.443542,12.943993,-54.258942,-127.334206,181.904861,-53.368523,272.271851,183.385315,-46.017082,356.969147,-50.400452,-46.863132,69.546997,14.069532,-54.813999,81.645226,510.831421,-10.854077
784,3.920000,105.279297,263.190277,-49.388721,225.891052,-260.346191,-50.453903,43.181099,-303.037903,-50.968361,-127.017853,-222.119003,-54.471748,-209.442291,12.961040,-54.302776,-127.308670,181.908066,-53.409485,272.298645,183.351837,-46.062557,356.970947,-50.446548,-46.916168,69.545944,14.059414,-54.849571,81.596542,508.064331,-10.881677
785,3.925000,105.305489,263.173706,-49.425484,225.863373,-260.374573,-50.489559,43.134632,-303.049042,-51.010647,-127.051292,-222.111847,-54.520260,-209.436401,12.978024,-54.336472,-127.290710,181.922607,-53.442135,272.318604,183.313736,-46.099220,356.964844,-50.488876,-46.952759,69.549171,14.054049,-54.877819,81.594032,505.067993,-10.927451
786,3.930000,105.314453,263.178436,-49.435719,225.844315,-260.381714,-50.492737,43.113850,-303.041901,-51.020016,-127.060799,-222.089554,-54.522324,-209.438095,12.999221,-54.355404,-127.284882,181.930527,-53.471981,272.327576,183.309616,-46.101013,356.960022,-50.499519,-46.943161,69.543571,14.056774,-54.875988,81.574570,501.800598,-10.938328
787,3.935000,105.308708,263.187408,-49.404556,225.862122,-260.357544,-50.472839,43.149551,-303.032928,-50.988308,-127.036217,-222.093918,-54.506310,-209.434372,12.991582,-54.356785,-127.292679,181.925323,-53.464943,272.322418,183.331497,-46.080658,356.972534,-50.467800,-46.920750,69.555344,14.062238,-54.870766,81.517517,498.330902,-10.987062
788,3.940000,105.266769,263.183075,-49.360508,225.901672,-260.339417,-50.443565,43.196766,-303.039795,-50.962849,-127.001701,-222.123550,-54.491707,-209.423157,12.947985,-54.314693,-127.307907,181.900085,-53.421883,272.300446,183.355194,-46.034004,356.981750,-50.430134,-46.876972,69.555237,14.053558,-54.852692,81.476662,494.694763,-11.098413
789,3.945000,105.244507,263.085480,-49.525330,225.919357,-260.425049,-50.517452,43.213280,-303.144073,-51.059368,-126.988564,-222.243362,-54.581078,-209.416443,12.831636,-54.408863,-127.316223,181.798767,-53.535229,272.288483,183.278610,-46.177826,356.979248,-50.507637,-46.998032,69.549507,13.977803,-54.938705,81.513000,491.609741,-11.231955
790,3.950000,105.231087,263.026093,-49.698952,225.888931,-260.480347,-50.556740,43.173492,-303.196136,-51.093277,-127.024010,-222.291809,-54.624073,-209.436783,12.788488,-54.505211,-127.336891,181.754410,-53.667252,272.270111,183.212814,-46.329792,356.963898,-50.572895,-47.098724,69.526947,13.930304,-55.027328,81.523109,489.466705,-11.136702
791,3.955000,105.236443,262.987885,-49.843052,225.851990,-260.524750,-50.727737,43.127758,-303.228058,-51.262012,-127.059357,-222.314682,-54.796860,-209.445404,12.781871,-54.656372,-127.324341,181.740509,-53.822723,272.271606,183.158691,-46.482208,356.952637,-50.635490,-47.249535,69.511726,13.903041,-55.135761,81.498154,487.511261,-10.929758
792,3.960000,105.270294,262.971344,-49.760326,225.865112,-260.541595,-50.697510,43.125671,-303.242584,-51.267605,-127.053780,-222.318008,-54.790138,-209.425568,12.787553,-54.629227,-127.283188,181.731827,-53.745193,272.296509,183.121902,-46.418060,356.964691,-50.663399,-47.208549,69.520157,13.869684,-55.107330,81.455246,485.881012,-10.974336
793,3.965000,105.286957,262.994171,-49.709961,225.874054,-260.524048,-50.618389,43.145515,-303.214722,-51.185947,-127.041832,-222.291626,-54.707428,-209.414139,12.795125,-54.553944,-127.275955,181.748154,-53.687485,272.310791,183.150589,-46.342949,356.971497,-50.644577,-47.142265,69.530937,13.893426,-55.065319,81.425293,484.963135,-11.003158
794,3.970000,105.276230,262.988464,-49.672871,225.889313,-260.519287,-50.525620,43.161503,-303.230804,-51.095695,-127.029121,-222.300064,-54.613377,-209.408173,12.781234,-54.471691,-127.278938,181.742249,-53.625187,272.306732,183.154114,-46.316547,356.979095,-50.637142,-47.092041,69.538971,13.887541,-55.020569,81.425667,484.599243,-10.853190
795,3.975000,105.260040,262.984741,-49.558239,225.857544,-260.507660,-50.458714,43.123028,-303.224579,-51.033646,-127.063782,-222.304657,-54.555180,-209.453629,12.783687,-54.384895,-127.319489,181.738907,-53.530052,272.277374,183.164352,-46.222778,356.946198,-50.634308,-47.008568,69.507545,13.874471,-54.929131,81.436729,484.544250,-10.775614
796,3.980000,105.240196,263.000610,-49.377369,225.847107,-260.505432,-50.364307,43.129471,-303.215179,-50.922283,-127.066772,-222.298279,-54.444012,-209.477768,12.780300,-54.284519,-127.354813,181.739304,-53.389545,272.245850,183.179214,-46.023277,356.921387,-50.602074,-46.847553,69.495941,13.890236,-54.826637,81.417992,484.893219,-10.824188
797,3.985000,105.271202,263.054657,-49.158623,225.894028,-260.457703,-50.194881,43.207111,-303.166199,-50.712589,-127.006996,-222.266098,-54.275440,-209.439911,12.808762,-54.104153,-127.333160,181.757187,-53.239594,272.261719,183.241547,-45.822250,356.959961,-50.527309,-46.641312,69.531189,13.934955,-54.692524,81.356461,485.631622,-10.727479
798,3.990000,105.287300,263.061096,-49.209641,225.904099,-260.451782,-50.251080,43.216110,-303.161133,-50.764057,-126.988876,-222.254105,-54.301311,-209.417480,12.812614,-54.119064,-127.314148,181.767380,-53.260899,272.285797,183.243896,-45.886551,356.983887,-50.532421,-46.716808,69.554588,13.955102,-54.712959,81.400993,486.732178,-10.716453
799,3.995000,105.251106,263.071838,-49.319592,225.827820,-260.468170,-50.364716,43.114330,-303.153259,-50.871216,-127.077293,-222.218582,-54.373112,-209.473709,12.868587,-54.185280,-127.337662,181.813843,-53.322903,272.269012,183.223938,-46.006001,356.928680,-50.568275,-46.854980,69.501884,13.968056,-54.768272,81.445557,488.151611,-10.795142
800,4.000000,105.238564,263.025543,-49.422184,225.770523,-260.517548,-50.430710,43.041786,-303.197968,-50.941017,-127.137421,-222.236786,-54.440285,-209.504425,12.864589,-54.263859,-127.357048,181.797379,-53.405975,272.263306,183.165253,-46.098827,356.895813,-50.641953,-46.922089,69.475220,13.928504,-54.835701,81.460846,489.844574,-10.813053
801,4.005000,105.278160,263.014160,-49.429001,225.833801,-260.516693,-50.403038,43.125927,-303.206696,-50.899948,-127.069633,-222.261307,-54.425327,-209.457062,12.827226,-54.284691,-127.314415,181.774979,-53.432316,272.295990,183.165070,-46.079678,356.952179,-50.619675,-46.887890,69.519356,13.918009,-54.860626,81.502296,491.895630,-10.760287
802,4.010000,105.266724,263.006470,-49.532120,225.885666,-260.503845,-50.520660,43.196953,-303.216095,-51.043648,-127.012077,-222.302261,-54.581337,-209.419601,12.782912,-54.425217,-127.306656,181.742661,-53.560486,272.300140,183.184860,-46.172649,356.981140,-50.603695,-46.982178,69.546921,13.918863,-54.932453,81.491974,494.241150,-10.790319
803,4.015000,105.209961,263.021118,-49.610905,225.857269,-260.481934,-50.613384,43.151592,-303.207092,-51.154293,-127.056091,-222.294830,-54.680347,-209.464310,12.786726,-54.509323,-127.360718,181.757385,-53.632236,272.255310,183.204834,-46.256149,356.941864,-50.579636,-47.077675,69.504387,13.929516,-54.983219,81.530121,496.821320,-10.892747
804,4.020000,105.192085,263.089661,-49.570496,225.840607,-260.420746,-50.579220,43.124481,-303.134399,-51.110493,-127.080139,-222.221207,-54.621056,-209.488449,12.867546,-54.447445,-127.373161,181.823975,-53.565838,272.231750,183.267517,-46.237717,356.917511,-50.523647,-47.056183,69.480888,13.978256,-54.957767,81.519348,499.599487,-10.883307
805,4.025000,105.235855,263.211945,-49.285488,225.888901,-260.304901,-50.385258,43.169777,-303.007416,-50.910519,-127.031342,-222.095825,-54.423779,-209.465485,12.976266,-54.227459,-127.335220,181.927750,-53.330574,272.272766,183.389801,-45.980736,356.949158,-50.399105,-46.826244,69.530304,14.066154,-54.814808,81.581070,502.151978,-10.781247
806,4.030000,105.299835,263.257385,-49.123268,225.935471,-260.257965,-50.312820,43.221260,-302.958130,-50.866821,-126.979858,-222.046814,-54.377342,-209.405167,13.026814,-54.145153,-127.274094,181.976593,-53.216824,272.319946,183.429413,-45.832539,357.002930,-50.363956,-46.714703,69.587814,14.109277,-54.705776,81.535973,504.161224,-10.818912
807,4.035000,105.328918,263.299011,-49.110241,225.906418,-260.250519,-50.272064,43.197392,-302.919159,-50.808327,-127.003403,-221.993256,-54.321056,-209.404587,13.094062,-54.114201,-127.265541,182.023376,-53.208324,272.343658,183.443237,-45.808620,357.002197,-50.351765,-46.681801,69.592224,14.147296,-54.668102,81.558563,505.749634,-11.062513
808,4.040000,105.344238,263.306824,-49.205605,225.875961,-260.255554,-50.275303,43.150295,-302.910278,-50.805733,-127.029892,-221.973236,-54.313820,-209.414612,13.121969,-54.125389,-127.266632,182.044464,-53.259987,272.343048,183.441193,-45.903374,356.985443,-50.362862,-46.738972,69.573059,14.160929,-54.706196,81.636093,507.056305,-11.207639
809,4.045000,105.434807,263.268402,-49.247265,225.892548,-260.269928,-50.342213,43.157463,-302.947083,-50.874771,-127.016174,-222.008118,-54.361908,-209.410141,13.089259,-54.154057,-127.255287,182.015167,-53.270969,272.350098,183.409195,-45.955524,356.991730,-50.399132,-46.819977,69.578484,14.125023,-54.766567,81.680710,508.303406,-11.244874
810,4.050000,105.301064,263.264465,-49.401203,225.914230,-260.275085,-50.521217,43.179905,-302.963135,-51.048420,-126.996742,-222.042343,-54.520245,-209.417099,13.041945,-54.311802,-127.280411,181.974792,-53.414886,272.326843,183.408585,-46.094162,356.994324,-50.385490,-46.967545,69.575752,14.117860,-54.892426,81.711380,509.359406,-11.203517
811,4.055000,105.271927,263.220703,-49.663269,225.928116,-260.299408,-50.706299,43.210850,-303.011963,-51.210518,-126.983078,-222.096649,-54.725563,-209.406082,12.968757,-54.564381,-127.300728,181.919968,-53.674297,272.303284,183.392090,-46.330589,357.005798,-50.392715,-47.166824,69.572227,14.089253,-55.054398,81.659927,510.014069,-11.186067
812,4.060000,105.265648,263.180420,-49.820538,225.945465,-260.327240,-50.768768,43.204803,-303.045990,-51.309742,-126.982796,-222.152771,-54.847980,-209.403900,12.919906,-54.695766,-127.300499,181.880219,-53.826019,272.299896,183.359955,-46.460247,357.008270,-50.425888,-47.273952,69.562195,14.052977,-55.143589,81.676697,510.310059,-11.204583
813,4.065000,105.273727,263.168884,-49.774174,225.925522,-260.351593,-50.764961,43.187580,-303.053864,-51.311314,-126.998543,-222.145447,-54.849857,-209.404312,12.931300,-54.671650,-127.289650,181.883926,-53.773422,272.312561,183.338486,-46.426723,357.001312,-50.459091,-47.252964,69.556168,14.043710,-55.152973,81.692314,510.429382,-11.256267
814,4.070000,105.385696,263.221619,-49.722069,225.899170,-260.347168,-50.702332,43.150318,-303.050995,-51.256310,-127.029121,-222.123474,-54.776520,-209.410767,12.973100,-54.589455,-127.275688,181.917770,-53.670849,272.323395,183.327637,-46.324039,356.986816,-50.477394,-47.165424,69.560516,14.038349,-55.083576,81.681046,510.365723,-11.180519
815,4.075000,105.415886,263.247620,-49.670704,225.907913,-260.328552,-50.633125,43.160355,-303.013428,-51.167431,-127.012741,-222.078781,-54.691311,-209.398987,13.005763,-54.538952,-127.252968,181.944214,-53.633522,272.346130,183.339371,-46.273869,357.004486,-50.463512,-47.100555,69.582779,14.064713,-55.019520,81.644104,510.103943,-11.107267
816,4.080000,105.340462,263.246979,-49.433533,225.913498,-260.297546,-50.490974,43.187462,-302.973267,-51.016151,-126.991692,-222.047195,-54.533016,-209.394089,13.041475,-54.392502,-127.247948,181.974655,-53.492584,272.360779,183.389236,-46.095348,357.014587,-50.413734,-46.934761,69.595169,14.106611,-54.877811,81.622475,509.575775,-11.079636
817,4.085000,105.313324,263.254486,-49.264175,225.895874,-260.278839,-50.379272,43.170097,-302.969391,-50.932404,-127.013176,-222.041077,-54.442623,-209.425079,13.037185,-54.237801,-127.285164,181.975861,-53.324898,272.319702,183.406509,-45.949032,356.981781,-50.397144,-46.819851,69.566170,14.112287,-54.800957,81.610336,508.787750,-11.069517
818,4.090000,105.260735,263.263062,-49.184914,225.883163,-260.261108,-50.291763,43.159355,-302.962738,-50.848740,-127.033653,-222.038803,-54.358959,-209.451767,13.038466,-54.130848,-127.317223,181.986099,-53.251579,272.282379,183.425125,-45.891167,356.963074,-50.365807,-46.752617,69.538223,14.112545,-54.747204,81.613724,507.788910,-10.982744
819,4.095000,105.263771,263.260529,-49.285812,225.902878,-260.265869,-50.345295,43.178486,-302.973755,-50.858753,-127.019630,-222.067047,-54.370617,-209.443130,13.011718,-54.192081,-127.326561,181.962875,-53.312241,272.282013,183.424210,-45.970757,356.961884,-50.369457,-46.818237,69.544746,14.103382,-54.772251,81.596718,506.596039,-10.934403
820,4.100000,105.271309,263.222748,-49.326378,225.905701,-260.296814,-50.422962,43.200966,-303.009033,-50.911507,-127.001656,-222.097977,-54.410942,-209.439911,12.975135,-54.239845,-127.324554,181.927399,-53.365185,272.292358,183.396744,-46.010654,356.980804,-50.401485,-46.866043,69.557442,14.084321,-54.801067,81.590469,505.128510,-10.874290
821,4.105000,105.277481,263.189667,-49.350170,225.868256,-260.352631,-50.469265,43.175373,-303.040222,-50.952694,-127.035095,-222.117416,-54.458961,-209.450790,12.958831,-54.273434,-127.320114,181.908264,-53.378544,272.286407,183.345825,-46.035534,356.959869,-50.448891,-46.903198,69.536896,14.062732,-54.822842,81.558212,503.416534,-10.844960
822,4.110000,105.293060,263.158386,-49.421452,225.850693,-260.387329,-50.462448,43.131645,-303.064148,-50.971268,-127.058189,-222.128265,-54.479137,-209.446548,12.958684,-54.310402,-127.305824,181.904648,-53.439209,272.304535,183.304108,-46.099270,356.960480,-50.501228,-46.928741,69.530457,14.040803,-54.876617,81.568123,501.464233,-10.825429
823,4.115000,105.293663,263.130737,-49.478184,225.860367,-260.407806,-50.489208,43.134129,-303.088104,-51.028229,-127.054733,-222.149048,-54.537514,-209.428574,12.950225,-54.372551,-127.284187,181.892120,-53.497383,272.324127,183.280197,-46.156013,356.971649,-50.527493,-46.973038,69.545105,14.024759,-54.896610,81.525612,499.302032,-10.829010
824,4.120000,105.281769,263.141083,-49.403904,225.876297,-260.392700,-50.487114,43.150791,-303.073303,-51.004230,-127.031746,-222.148636,-54.522842,-209.431549,12.948676,-54.354431,-127.301720,181.889343,-53.462772,272.311218,183.302887,-46.093227,356.970673,-50.492580,-46.931614,69.544624,14.026052,-54.870052,81.495659,496.956635,-10.854331
825,4.125000,105.267563,263.098083,-49.361023,225.882507,-260.429016,-50.403870,43.194569,-303.126740,-50.925247,-127.011223,-222.206726,-54.446705,-209.436493,12.868616,-54.284264,-127.318871,181.816605,-53.409893,272.299835,183.271210,-46.025677,356.973419,-50.507889,-46.844883,69.546234,13.992140,-54.834766,81.458298,494.609680,-10.972705
826,4.130000,105.244530,263.039825,-49.488365,225.891052,-260.476807,-50.424866,43.205616,-303.183716,-50.942478,-127.010330,-222.277313,-54.489822,-209.427414,12.798079,-54.345531,-127.322914,181.761551,-53.496017,272.278198,183.222885,-46.121975,356.976959,-50.563667,-46.917408,69.542969,13.932058,-54.895905,81.520332,493.132538,-11.039137
827,4.135000,105.237625,263.003235,-49.697369,225.887238,-260.503967,-50.575230,43.174377,-303.219910,-51.127277,-127.025604,-222.308502,-54.658020,-209.425949,12.780272,-54.518223,-127.315971,181.747070,-53.671265,272.274689,183.184448,-46.320385,356.963348,-50.599693,-47.100533,69.523155,13.903001,-55.022343,81.564255,492.247406,-10.883084
828,4.140000,105.251404,263.000488,-49.708652,225.864319,-260.509003,-50.631760,43.128010,-303.222473,-51.189026,-127.061638,-222.297501,-54.718056,-209.432724,12.801120,-54.562290,-127.303734,181.756699,-53.694351,272.287750,183.164886,-46.356396,356.953278,-50.631958,-47.145554,69.531876,13.889841,-55.059074,81.544785,491.544830,-10.831692
829,4.145000,105.266380,262.997589,-49.644337,225.862366,-260.520508,-50.585369,43.120884,-303.212555,-51.149143,-127.068382,-222.290192,-54.667957,-209.436493,12.805557,-54.509468,-127.297073,181.754135,-53.629501,272.294159,183.156082,-46.283825,356.952759,-50.644070,-47.097691,69.529152,13.889313,-55.013145,81.501503,491.251465,-10.918293
830,4.150000,105.268875,263.023956,-49.585339,225.869492,-260.506317,-50.502197,43.157158,-303.187897,-51.053047,-127.030823,-222.269943,-54.561405,-209.430176,12.813295,-54.424847,-127.300652,181.763794,-53.564930,272.300537,183.188095,-46.224392,356.968048,-50.605057,-47.023342,69.530960,13.904552,-54.979942,81.471878,491.608673,-10.901836
831,4.155000,105.274323,263.020111,-49.571678,225.899323,-260.484344,-50.499718,43.175713,-303.196014,-51.070992,-127.019722,-222.278168,-54.577747,-209.413559,12.810295,-54.409710,-127.286896,181.764038,-53.533978,272.305786,183.190674,-46.214905,356.985443,-50.605461,-47.036171,69.537346,13.903563,-54.960827,81.516655,492.242462,-10.753668
832,4.160000,105.263390,263.023804,-49.487949,225.870209,-260.473572,-50.460087,43.121468,-303.171844,-51.046326,-127.061325,-222.260178,-54.556820,-209.437622,12.831693,-54.353733,-127.307686,181.776001,-53.479694,272.285400,183.197327,-46.157921,356.952271,-50.590744,-46.970745,69.524445,13.913668,-54.910194,81.542465,493.129303,-10.788389
833,4.165000,105.247063,263.070984,-49.338139,225.854446,-260.456573,-50.329311,43.140713,-303.144592,-50.864071,-127.050743,-222.233871,-54.399338,-209.456772,12.850469,-54.247616,-127.323494,181.799820,-53.378418,272.272980,183.230804,-45.997890,356.945679,-50.556530,-46.806107,69.514030,13.938561,-54.802292,81.520729,494.341980,-10.858814
834,4.170000,105.273544,263.087921,-49.249214,225.904709,-260.432343,-50.252666,43.207973,-303.141235,-50.763527,-126.995758,-222.225143,-54.318817,-209.420273,12.841928,-54.171410,-127.305031,181.791656,-53.310520,272.292725,183.256287,-45.899212,356.984589,-50.515114,-46.709721,69.560707,13.965021,-54.739784,81.482124,495.971466,-10.800698
835,4.175000,105.279808,263.094604,-49.350140,225.911270,-260.435455,-50.414997,43.218319,-303.128723,-50.937012,-126.987755,-222.214722,-54.450840,-209.415695,12.848046,-54.263203,-127.301697,181.803116,-53.387081,272.301300,183.275635,-46.025684,356.994812,-50.516079,-46.871109,69.563965,13.991950,-54.812649,81.507271,497.889130,-10.754533
836,4.180000,105.251732,263.150269,-49.405560,225.834763,-260.403198,-50.513855,43.109955,-303.070526,-51.031063,-127.072510,-222.138229,-54.519093,-209.458893,12.948448,-54.302448,-127.327873,181.892044,-53.420876,272.282349,183.305298,-46.102840,356.940460,-50.497780,-46.959137,69.515671,14.033906,-54.842655,81.522087,499.730194,-10.784780
837,4.185000,105.262802,263.176147,-49.298653,225.819656,-260.370209,-50.408112,43.086815,-303.041809,-50.914539,-127.092834,-222.094849,-54.414192,-209.486710,12.997107,-54.217800,-127.326729,181.932175,-53.330482,272.283234,183.323853,-45.993542,356.925842,-50.480701,-46.853176,69.512169,14.059402,-54.788284,81.536919,501.005768,-10.693652
838,4.190000,105.298561,263.208649,-49.116856,225.888199,-260.332275,-50.261654,43.197083,-303.004608,-50.734299,-127.004326,-222.084534,-54.274948,-209.421097,12.999881,-54.072506,-127.291397,181.936493,-53.200901,272.324188,183.380646,-45.815639,356.985748,-50.423603,-46.670803,69.573166,14.092011,-54.678204,81.550209,501.947571,-10.851903
839,4.195000,105.288002,263.228485,-49.202591,225.914337,-260.303223,-50.385536,43.226574,-302.997284,-50.873459,-126.984299,-222.080078,-54.388660,-209.419281,12.993860,-54.197258,-127.307831,181.942017,-53.310822,272.309448,183.407013,-45.904160,356.990295,-50.385712,-46.774960,69.579414,14.117205,-54.726692,81.542038,502.583313,-11.036637
840,4.200000,105.270866,263.231537,-49.376869,225.882629,-260.293457,-50.480209,43.173519,-303.007721,-50.982285,-127.023544,-222.075211,-54.491604,-209.448318,13.005981,-54.311543,-127.324478,181.950958,-53.425354,272.291199,183.399231,-46.053734,356.961426,-50.404404,-46.913353,69.539078,14.099096,-54.828747,81.612343,503.102051,-11.092917
841,4.205000,105.268990,263.253143,-49.394833,225.877838,-260.269684,-50.438560,43.141735,-302.969971,-50.966873,-127.046646,-222.048111,-54.473965,-209.455948,13.046908,-54.286728,-127.312660,181.983765,-53.390263,272.293610,183.407700,-46.077679,356.959930,-50.392899,-46.925545,69.542839,14.102685,-54.870529,81.649597,503.461182,-11.106311
842,4.210000,105.294197,263.255524,-49.389515,225.905197,-260.276703,-50.484871,43.172905,-302.974457,-51.026768,-127.007607,-222.045853,-54.523872,-209.424118,13.034231,-54.336277,-127.291489,181.977921,-53.418278,272.323425,183.403732,-46.075623,356.987152,-50.399059,-46.942348,69.565224,14.112953,-54.903801,81.597221,503.443604,-11.134846
843,4.215000,105.312386,263.237793,-49.495090,225.929626,-260.283936,-50.575581,43.202705,-302.990295,-51.120529,-126.985817,-222.065811,-54.647339,-209.401245,13.015514,-54.474964,-127.271278,181.960236,-53.558830,272.335449,183.388046,-46.158268,357.015320,-50.405174,-47.015312,69.577065,14.101476,-54.953938,81.569977,503.056274,-11.169024
844,4.220000,105.306793,263.212250,-49.700512,225.918457,-260.306671,-50.708889,43.192043,-303.012146,-51.237289,-126.997055,-222.085205,-54.768620,-209.396759,12.994842,-54.629196,-127.267433,181.941284,-53.730099,272.329102,183.369736,-46.329552,357.006226,-50.425011,-47.163651,69.570503,14.083521,-55.070179,81.583908,502.487305,-11.253798
845,4.225000,105.294884,263.202026,-49.683418,225.898911,-260.328613,-50.680943,43.163628,-303.029755,-51.208046,-127.027199,-222.093796,-54.732079,-209.419952,12.990870,-54.580486,-127.280922,181.937302,-53.679379,272.318024,183.351364,-46.329483,356.985535,-50.441750,-47.159012,69.550453,14.067746,-55.069744,81.612885,501.855560,-11.275373
846,4.230000,105.278381,263.216919,-49.554058,225.890625,-260.317230,-50.611515,43.136414,-303.018097,-51.159130,-127.038834,-222.088974,-54.662670,-209.431335,12.991001,-54.453926,-127.301109,181.932510,-53.557053,272.306610,183.361771,-46.233913,356.969147,-50.436630,-47.086887,69.545906,14.071209,-55.019604,81.623253,500.976990,-11.219953
847,4.235000,105.276237,263.225525,-49.519009,225.906784,-260.307098,-50.583534,43.170414,-303.004669,-51.134060,-127.013474,-222.086578,-54.632702,-209.420761,12.988521,-54.451122,-127.302406,181.935623,-53.548710,272.307404,183.386047,-46.186317,356.986511,-50.408386,-47.030720,69.557892,14.084024,-54.973164,81.534927,499.811676,-11.204566
848,4.240000,105.286560,263.224426,-49.513630,225.928162,-260.308777,-50.554234,43.204433,-303.007843,-51.088890,-126.984703,-222.096481,-54.611126,-209.413208,12.973115,-54.467194,-127.295105,181.926971,-53.561069,272.314575,183.394257,-46.156506,357.001617,-50.401520,-46.997791,69.580399,14.090417,-54.927414,81.521187,498.359131,-11.200271
849,4.245000,105.285271,263.206543,-49.427723,225.919876,-260.319580,-50.459625,43.201416,-303.007629,-51.004196,-126.989243,-222.096130,-54.517883,-209.413025,12.975993,-54.357544,-127.284210,181.916168,-53.465073,272.318481,183.380280,-46.087292,356.996124,-50.413212,-46.918884,69.569412,14.084981,-54.873253,81.498726,496.720917,-11.216229
850,4.250000,,,,,,,,,,,,,,,,,,,,,,,,,,,,,,
851,4.255000,105.393028,263.041382,-49.654640,225.881409,-260.477081,-50.531052,43.133457,-303.170746,-51.084263,-127.045456,-222.242172,-54.586681,-209.414642,12.851282,-54.441532,-127.276825,181.802399,-53.595390,272.317780,183.200974,-46.288322,356.974152,-50.607025,-47.087524,69.548737,13.951116,-54.987804,81.579140,494.784180,-11.158158
852,4.260000,105.375557,263.040466,-49.919510,225.878738,-260.524109,-50.709030,43.139294,-303.224884,-51.239788,-127.044395,-222.303177,-54.770771,-209.420868,12.794150,-54.671112,-127.290382,181.745605,-53.835133,272.300690,183.145844,-46.490387,356.973816,-50.647949,-47.246346,69.538727,13.898978,-55.117184,81.564400,494.610504,-10.900980
853,4.265000,105.245224,262.963989,-49.782066,225.867218,-260.548950,-50.698814,43.138359,-303.260345,-51.251812,-127.053482,-222.344513,-54.790352,-209.436996,12.747762,-54.659634,-127.313271,181.715759,-53.792896,272.277405,183.129364,-46.422039,356.961273,-50.656288,-47.194775,69.511139,13.871229,-55.104980,81.518784,494.690399,-10.765902
854,4.270000,105.218254,262.969482,-49.631626,225.858322,-260.534760,-50.571129,43.141296,-303.251770,-51.144863,-127.062752,-222.347122,-54.679401,-209.455963,12.737458,-54.499977,-127.347023,181.698654,-53.626217,272.254272,183.151367,-46.265778,356.934631,-50.636192,-47.073864,69.485970,13.866114,-55.031292,81.501350,495.230560,-10.747162
855,4.275000,105.210823,262.990265,-49.555218,225.870712,-260.513428,-50.466297,43.153084,-303.238342,-51.031441,-127.046761,-222.333023,-54.554226,-209.461700,12.747514,-54.376492,-127.353821,181.718842,-53.525162,272.243347,183.178040,-46.203037,356.939667,-50.611698,-47.004013,69.488777,13.879562,-54.945324,81.489433,496.151123,-10.602377
856,4.280000,105.239609,263.027008,-49.432026,225.879272,-260.481476,-50.399719,43.158806,-303.210846,-50.917614,-127.042503,-222.286514,-54.438381,-209.450836,12.795777,-54.274139,-127.329979,181.753571,-53.410954,272.268616,183.202942,-46.103184,356.954163,-50.583492,-46.910431,69.513832,13.893298,-54.837917,81.513618,497.336761,-10.512253
857,4.285000,105.267708,263.122925,-49.095131,225.826355,-260.415802,-50.235298,43.128464,-303.099487,-50.716953,-127.064201,-222.166504,-54.263599,-209.476334,12.917708,-54.058647,-127.338844,181.856949,-53.178589,272.266571,183.279114,-45.789650,356.931702,-50.514153,-46.651077,69.518028,13.994157,-54.631611,81.489578,498.492462,-10.436478
858,4.290000,105.314560,263.232971,-48.761005,225.831528,-260.307953,-49.979664,43.145222,-302.975830,-50.454517,-127.051514,-222.036682,-54.026825,-209.451340,13.055434,-53.771061,-127.318443,181.980423,-52.854721,272.280701,183.383911,-45.441730,356.940552,-50.394207,-46.338188,69.434723,14.315245,-54.325127,81.443069,499.220154,-10.374112
859,4.295000,105.354836,263.287842,-48.697105,225.887497,-260.241150,-49.884136,43.194695,-302.911865,-50.363144,-127.000183,-221.988113,-53.932625,-209.391403,13.103164,-53.656601,-127.267509,182.034271,-52.753284,272.321838,183.457611,-45.373669,357.003174,-50.327171,-46.275829,69.499634,14.412046,-54.211773,81.439011,499.512787,-10.505447
860,4.300000,105.309563,263.336914,-48.798870,225.870087,-260.201691,-49.976223,43.167332,-302.881073,-50.446285,-127.023209,-221.959366,-53.986610,-209.416824,13.144725,-53.708244,-127.294868,182.071136,-52.835026,272.301971,183.497513,-45.507511,356.974670,-50.294506,-46.384918,69.474701,14.457610,-54.273544,81.465637,499.492462,-10.706683
861,4.305000,105.258110,263.284180,-48.936726,225.823395,-260.245728,-50.123112,43.113605,-302.928406,-50.567795,-127.065498,-222.005920,-54.102554,-209.473892,13.098651,-53.850098,-127.348495,182.028915,-52.985420,272.258972,183.443390,-45.666279,356.922302,-50.349743,-46.531860,69.531441,14.175007,-54.476109,81.519844,499.222382,-10.832036
862,4.310000,105.250763,263.230896,-49.045849,225.852341,-260.297333,-50.184864,43.149494,-302.987183,-50.650761,-127.048820,-222.067581,-54.180698,-209.479004,13.015916,-53.976757,-127.355919,181.947113,-53.117855,272.259674,183.392441,-45.738937,356.932251,-50.390152,-46.603603,69.532494,14.087481,-54.611671,81.554962,498.862335,-10.885047
863,4.315000,105.251198,263.172028,-49.359215,225.893051,-260.362671,-50.427139,43.197876,-303.046112,-50.935478,-127.013329,-222.138245,-54.452122,-209.442383,12.925817,-54.277096,-127.328110,181.880280,-53.406277,272.279541,183.347778,-46.025375,356.963715,-50.438614,-46.870991,69.542282,14.052012,-54.835712,81.550339,498.320526,-10.946613
864,4.320000,105.269493,263.122681,-49.707485,225.907883,-260.393158,-50.717709,43.177967,-303.105225,-51.245564,-127.022102,-222.189346,-54.759182,-209.412445,12.900543,-54.585228,-127.301620,181.856277,-53.693558,272.299835,183.294418,-46.365124,356.976929,-50.493347,-47.194561,69.545555,14.014578,-55.075401,81.542549,497.410950,-11.049603
865,4.325000,105.374428,263.136139,-49.983356,225.906921,-260.431274,-50.870499,43.150139,-303.141388,-51.401695,-127.031151,-222.214310,-54.922428,-209.405731,12.882415,-54.759689,-127.278847,181.833084,-53.885300,272.318481,183.242432,-46.575485,356.995728,-50.544281,-47.399158,69.544228,13.984138,-55.223366,81.557335,496.466370,-11.284884
866,4.330000,105.410004,263.111267,-50.003265,225.906357,-260.467163,-50.822781,43.161068,-303.156494,-51.344604,-127.015991,-222.233368,-54.881817,-209.388443,12.859264,-54.748772,-127.257736,181.808548,-53.894756,272.341248,183.207855,-46.575428,357.007080,-50.589287,-47.351971,69.555634,13.952326,-55.231594,81.626350,496.003235,-11.383565
867,4.335000,105.427872,263.088196,-49.990425,225.915237,-260.476501,-50.803207,43.174358,-303.174316,-51.361996,-127.011703,-222.247635,-54.909569,-209.380188,12.842308,-54.797703,-127.245964,181.790726,-53.915855,272.344360,183.193420,-46.536739,357.014221,-50.610966,-47.320934,69.560410,13.932195,-55.225666,81.612450,496.218201,-11.313734
868,4.340000,105.411041,263.110535,-49.976376,225.922302,-260.447876,-50.802475,43.179337,-303.152252,-51.404419,-127.003937,-222.238831,-54.959316,-209.370300,12.859280,-54.820801,-127.255943,181.811325,-53.923527,272.332855,183.222076,-46.507202,357.013763,-50.576740,-47.305927,69.557114,13.947095,-55.213230,81.566902,496.699036,-11.197268
869,4.345000,105.381966,263.165222,-49.807961,225.947205,-260.387451,-50.699276,43.189785,-303.115265,-51.284733,-126.989471,-222.200363,-54.831604,-209.382431,12.886749,-54.665359,-127.259956,181.842590,-53.754494,272.324799,183.284180,-46.384636,357.008484,-50.507828,-47.186588,69.571396,13.977992,-55.117596,81.540962,497.317230,-11.169427
870,4.350000,105.268501,263.197662,-49.447678,225.943359,-260.304138,-50.485275,43.199219,-303.029083,-51.046707,-126.983017,-222.117737,-54.537693,-209.417206,12.945314,-54.352970,-127.293182,181.903366,-53.460835,272.300690,183.378464,-46.133980,356.999115,-50.415436,-46.970921,69.571579,14.055511,-54.925987,81.502029,497.953705,-11.139096
871,4.355000,105.255188,263.267731,-49.191078,225.901062,-260.258423,-50.316750,43.182796,-302.946960,-50.848087,-127.015190,-222.036636,-54.329178,-209.454742,13.030274,-54.105240,-127.324257,181.972366,-53.221470,272.279663,183.439087,-45.913586,356.963989,-50.354530,-46.784763,69.548561,14.126136,-54.735130,81.520569,498.343414,-11.043652
872,4.360000,105.266533,263.278412,-49.160988,225.859726,-260.259491,-50.307247,43.143780,-302.938324,-50.841663,-127.044815,-222.014923,-54.327240,-209.463013,13.073923,-54.105568,-127.327728,182.001099,-53.217644,272.279816,183.439545,-45.869377,356.945892,-50.356049,-46.742359,69.539604,14.139717,-54.685387,81.551956,498.369324,-11.007459
873,4.365000,105.291672,263.268555,-49.136547,225.858841,-260.270386,-50.230949,43.148701,-302.948639,-50.752861,-127.039207,-222.020050,-54.288464,-209.441406,13.078497,-54.078445,-127.302406,182.003967,-53.211952,272.310150,183.425034,-45.822670,356.959473,-50.373791,-46.669567,69.561424,14.132241,-54.649597,81.512848,498.108032,-11.005549
874,4.370000,105.312080,263.213837,-49.136509,225.873276,-260.328766,-50.234875,43.170372,-303.004791,-50.725582,-127.024338,-222.067963,-54.271576,-209.423248,13.022705,-54.081566,-127.285866,181.951248,-53.223293,272.327240,183.369598,-45.831001,356.981018,-50.427113,-46.667755,69.574677,14.100389,-54.666653,81.481239,497.681152,-10.963802
875,4.375000,105.286369,263.165070,-49.266109,225.850800,-260.392456,-50.377384,43.154133,-303.057709,-50.840858,-127.043587,-222.121780,-54.353554,-209.452682,12.962210,-54.171646,-127.311157,181.904160,-53.299232,272.305542,183.315994,-45.963333,356.962860,-50.477024,-46.811928,69.550880,14.067018,-54.757759,81.512787,497.329254,-10.926848
876,4.380000,105.258217,263.103302,-49.562775,225.844238,-260.432617,-50.601219,43.134453,-303.126434,-51.070583,-127.063095,-222.189575,-54.562248,-209.467529,12.897808,-54.400074,-127.337303,181.845261,-53.538734,272.277557,183.262711,-46.228088,356.945007,-50.536682,-47.067799,69.514671,14.006301,-54.943645,81.540504,496.995209,-10.914845
877,4.385000,105.243607,263.039856,-49.749977,225.864532,-260.469055,-50.684456,43.152786,-303.192871,-51.188690,-127.049683,-222.274216,-54.704639,-209.451096,12.813903,-54.580643,-127.342255,181.779144,-53.717167,272.266113,183.206314,-46.390156,356.952454,-50.579079,-47.172379,69.508354,13.933537,-55.056610,81.539124,496.729828,-10.877801
878,4.390000,105.231003,263.016998,-49.680042,225.892258,-260.482147,-50.601307,43.183586,-303.213226,-51.154747,-127.025482,-222.306870,-54.710785,-209.433899,12.784051,-54.575726,-127.325920,181.751144,-53.702969,272.272949,183.205597,-46.303741,356.960754,-50.584240,-47.084698,69.521477,13.910503,-55.049442,81.542137,496.731110,-10.826341
879,4.395000,105.236900,263.031403,-49.571461,225.894882,-260.464294,-50.546524,43.175816,-303.195374,-51.112728,-127.023415,-222.286499,-54.671234,-209.428391,12.798665,-54.511490,-127.323181,181.765747,-53.609509,272.279083,183.212936,-46.210175,356.965820,-50.576603,-47.006020,69.529930,13.918656,-54.998978,81.511673,496.895447,-10.755865
880,4.400000,105.256195,263.068268,-49.492947,225.890610,-260.430939,-50.505718,43.167515,-303.152985,-51.050266,-127.028717,-222.235962,-54.576263,-209.432297,12.858815,-54.410507,-127.296288,181.816315,-53.525993,272.295074,183.241379,-46.155960,356.965027,-50.551739,-46.985020,69.532555,13.948265,-54.924225,81.509300,497.088440,-10.732160
881,4.405000,105.285683,263.126923,-49.334633,225.880432,-260.391602,-50.385303,43.157032,-303.090088,-50.891033,-127.035484,-222.156982,-54.391521,-209.437836,12.930951,-54.225681,-127.292427,181.874924,-53.351620,272.317871,183.283051,-46.035950,356.968414,-50.509693,-46.864002,69.544540,14.003668,-54.799129,81.510040,497.270630,-10.762017
882,4.410000,105.307625,263.184052,-49.095146,225.853607,-260.351593,-50.199444,43.148018,-303.027374,-50.703648,-127.043457,-222.092697,-54.227467,-209.442001,12.997901,-54.004532,-127.280754,181.927429,-53.135410,272.311523,183.333481,-45.804043,356.961792,-50.461788,-46.654675,69.545334,14.050833,-54.640713,81.502304,497.437958,-10.802546
883,4.415000,105.307968,263.230682,-48.976357,225.872833,-260.314453,-50.115959,43.164566,-302.979034,-50.630280,-127.023697,-222.058075,-54.178680,-209.420166,13.032699,-53.936180,-127.275093,181.961395,-53.058945,272.311798,183.375107,-45.674873,356.974060,-50.412949,-46.541893,69.569458,14.090037,-54.564075,81.507957,497.565704,-10.820872
884,4.420000,105.292236,263.228485,-49.092098,225.892426,-260.303894,-50.185619,43.178101,-302.987152,-50.716328,-127.011909,-222.065491,-54.253021,-209.423386,13.019751,-54.043304,-127.287415,181.950424,-53.168575,272.303497,183.389816,-45.774227,356.976257,-50.398525,-46.614128,69.579041,14.092545,-54.621937,81.517822,497.613373,-10.861099
885,4.425000,105.261177,263.188354,-49.249107,225.878662,-260.332397,-50.316433,43.153465,-303.024506,-50.827969,-127.033516,-222.113464,-54.326778,-209.457031,12.968753,-54.142250,-127.325821,181.911331,-53.289398,272.275360,183.366623,-45.922356,356.955017,-50.434254,-46.772934,69.544350,14.061869,-54.710880,81.521637,497.557007,-10.915723
886,4.430000,105.240364,263.152435,-49.347420,225.869034,-260.387024,-50.438175,43.162746,-303.064667,-50.935135,-127.036346,-222.156113,-54.405518,-209.455872,12.920676,-54.219582,-127.338425,181.868378,-53.354298,272.273834,183.323105,-46.053589,356.949158,-50.463058,-46.904003,69.523888,14.032873,-54.818405,81.550957,497.439484,-10.971529
887,4.435000,105.260246,263.116241,-49.504429,225.889526,-260.419983,-50.553112,43.185768,-303.108795,-51.063156,-127.009857,-222.185455,-54.545021,-209.424545,12.882837,-54.359467,-127.308815,181.833679,-53.491508,272.298401,183.295944,-46.182041,356.978912,-50.502735,-47.029400,69.544518,14.005807,-54.941105,81.556282,497.291046,-11.028539
888,4.440000,105.391418,263.143158,-49.770229,225.911423,-260.431671,-50.670113,43.181339,-303.130524,-51.213230,-127.007645,-222.206039,-54.730606,-209.391129,12.874394,-54.586254,-127.261162,181.830719,-53.709530,272.326813,183.255234,-46.343613,357.003052,-50.536797,-47.146278,69.569427,13.989608,-55.058086,81.562920,497.160095,-11.061437
889,4.445000,105.405075,263.128754,-49.829590,225.908707,-260.438354,-50.705288,43.161789,-303.131256,-51.268684,-127.011436,-222.204178,-54.826450,-209.385971,12.888911,-54.689537,-127.256439,181.834427,-53.790024,272.339417,183.248169,-46.389481,357.002197,-50.558945,-47.181217,69.576263,13.977471,-55.103271,81.569069,497.102264,-11.082881
890,4.450000,105.406448,263.146942,-49.727257,225.912674,-260.426392,-50.637783,43.172504,-303.117950,-51.210201,-127.012939,-222.190582,-54.740486,-209.394180,12.897514,-54.587971,-127.258362,181.851852,-53.684761,272.336395,183.257523,-46.292835,356.999908,-50.543240,-47.119747,69.567436,13.980294,-55.058617,81.553474,497.146851,-11.092039
891,4.455000,105.289841,263.135925,-49.545288,225.921524,-260.381714,-50.559052,43.191208,-303.080139,-51.116508,-126.997559,-222.167770,-54.622284,-209.399170,12.915162,-54.446205,-127.268837,181.872284,-53.561230,272.331329,183.302048,-46.209854,356.999115,-50.494591,-47.045696,69.562004,14.009182,-54.989388,81.538918,497.250488,-11.086136
892,4.460000,105.283585,263.174347,-49.494354,225.911453,-260.344666,-50.514130,43.186157,-303.045319,-51.038994,-127.006279,-222.139542,-54.554058,-209.419601,12.947101,-54.373840,-127.294075,181.896667,-53.492977,272.304230,183.337311,-46.158173,356.988312,-50.454342,-46.994110,69.556847,14.038413,-54.925747,81.537560,497.363037,-11.073699
893,4.465000,105.271210,263.203766,-49.392868,225.892059,-260.317810,-50.450150,43.167698,-303.025757,-50.981449,-127.025116,-222.106262,-54.502026,-209.439026,12.981183,-54.317890,-127.304199,181.927399,-53.430500,272.293732,183.367737,-46.063511,356.966766,-50.431103,-46.908142,69.552399,14.062739,-54.864464,81.532051,497.460083,-11.046452
894,4.470000,105.278122,263.210083,-49.275303,225.896744,-260.303772,-50.359409,43.177887,-303.010437,-50.902649,-127.017509,-222.089462,-54.426624,-209.438812,12.992348,-54.250633,-127.304939,181.941223,-53.349297,272.302246,183.378937,-45.955952,356.968109,-50.411163,-46.797020,69.552719,14.077001,-54.797787,81.535355,497.520050,-11.038192
895,4.475000,105.281044,263.202301,-49.281296,225.877731,-260.325653,-50.362175,43.169594,-303.016357,-50.880562,-127.027718,-222.089493,-54.400028,-209.447266,12.989096,-54.224541,-127.308937,181.935715,-53.343048,272.304779,183.364471,-45.968407,356.972748,-50.428612,-46.807442,69.547600,14.081964,-54.789021,81.539436,497.503418,-11.025512
896,4.480000,105.277664,263.174713,-49.403671,225.855713,-260.365784,-50.464256,43.135677,-303.045380,-50.964184,-127.050591,-222.111557,-54.463753,-209.449554,12.978253,-54.276192,-127.313766,181.918610,-53.407890,272.308289,183.330872,-46.096870,356.953186,-50.474400,-46.946537,69.528793,14.055289,-54.859276,81.522186,497.426758,-11.011312
897,4.485000,105.292824,263.135590,-49.502617,225.858536,-260.402252,-50.550926,43.143150,-303.088287,-51.045891,-127.052605,-222.156754,-54.538204,-209.437103,12.940105,-54.361549,-127.305580,181.886490,-53.480579,272.315094,183.289963,-46.185627,356.961639,-50.519924,-47.024956,69.542542,14.022809,-54.915001,81.536415,497.324860,-10.975307
898,4.490000,105.385414,263.139313,-49.572449,225.870499,-260.429901,-50.546707,43.165947,-303.127563,-51.057899,-127.030624,-222.186752,-54.571140,-209.430771,12.901687,-54.407837,-127.300247,181.848328,-53.534107,272.314545,183.259430,-46.181717,356.978119,-50.534580,-47.004681,69.549103,14.005462,-54.935505,81.533218,497.232422,-10.951676
899,4.495000,105.261292,263.082428,-49.535332,225.883621,-260.433838,-50.518612,43.180962,-303.138947,-51.051693,-127.024429,-222.218079,-54.603386,-209.427597,12.868704,-54.466785,-127.318245,181.816360,-53.581558,272.299469,183.262161,-46.182629,356.968170,-50.528080,-46.972080,69.545189,13.988627,-54.946186,81.517220,497.173248,-10.928199
900,4.500000,105.240677,263.084259,-49.556629,225.877930,-260.428223,-50.536880,43.179199,-303.138000,-51.080532,-127.026588,-222.225510,-54.627632,-209.442780,12.846063,-54.482170,-127.335129,181.810913,-53.587383,272.282379,183.267242,-46.191929,356.965820,-50.517776,-46.999382,69.532906,13.977634,-54.967201,81.513184,497.152740,-10.902333
901,4.505000,105.237869,263.100159,-49.501583,225.887436,-260.413025,-50.515587,43.172573,-303.129974,-51.061798,-127.027824,-222.215515,-54.574543,-209.441162,12.862104,-54.397205,-127.327072,181.821503,-53.520599,272.275085,183.279129,-46.174747,356.963257,-50.510231,-46.999569,69.525726,13.977798,-54.929096,81.499687,497.190460,-10.878000
902,4.510000,105.260246,263.120789,-49.394382,225.892929,-260.390076,-50.418098,43.167408,-303.097595,-50.949005,-127.024132,-222.188049,-54.452755,-209.437225,12.891769,-54.268497,-127.313225,181.842026,-53.401333,272.296356,183.294144,-46.075939,356.971313,-50.504852,-46.907902,69.543724,13.993586,-54.853809,81.496750,497.266785,-10.863030
903,4.515000,105.279434,263.149689,-49.285759,225.880859,-260.379456,-50.317474,43.151951,-303.061371,-50.863079,-127.032120,-222.142349,-54.373219,-209.435852,12.935319,-54.197979,-127.293274,181.883179,-53.320351,272.303894,183.300217,-45.972439,356.963348,-50.496540,-46.810993,69.546394,14.020636,-54.780056,81.513870,497.335693,-10.845387
904,4.520000,105.297028,263.166290,-49.255783,225.867020,-260.366852,-50.319275,43.146698,-303.039795,-50.864056,-127.041924,-222.113464,-54.389442,-209.431152,12.975282,-54.205578,-127.283737,181.909851,-53.314240,272.312897,183.320190,-45.934868,356.966370,-50.480198,-46.777142,69.545135,14.028180,-54.760471,81.518822,497.377899,-10.848540
905,4.525000,105.296616,263.177612,-49.278881,225.880127,-260.350647,-50.327179,43.156033,-303.032501,-50.891018,-127.031982,-222.109436,-54.398991,-209.429245,12.977321,-54.206276,-127.281326,181.916351,-53.318199,272.310181,183.332275,-45.956497,356.969360,-50.471729,-46.803448,69.545319,14.034075,-54.773441,81.528511,497.388245,-10.880322
906,4.530000,105.277306,263.169189,-49.309708,225.891739,-260.353058,-50.341354,43.153854,-303.039307,-50.896523,-127.031166,-222.125687,-54.385807,-209.429749,12.958415,-54.192284,-127.292259,181.898621,-53.318264,272.303284,183.329453,-46.002766,356.965302,-50.467976,-46.844082,69.539757,14.027972,-54.794174,81.533051,497.375488,-10.909734
907,4.535000,105.262154,263.155029,-49.362152,225.900497,-260.365265,-50.381241,43.168987,-303.059479,-50.938148,-127.025139,-222.154694,-54.426243,-209.438522,12.921913,-54.230629,-127.308441,181.876694,-53.362385,272.292328,183.323425,-46.058361,356.969025,-50.471943,-46.907539,69.539978,14.023927,-54.834064,81.533997,497.349609,-10.934671
908,4.540000,105.259766,263.126343,-49.453835,225.912552,-260.378510,-50.483459,43.183361,-303.091858,-51.034729,-127.006500,-222.180618,-54.533653,-209.424713,12.895146,-54.351353,-127.304642,181.845474,-53.477577,272.299164,183.302567,-46.139854,356.982788,-50.487598,-46.970184,69.558525,14.013746,-54.886990,81.546883,497.301422,-10.960478
909,4.545000,105.268326,263.112122,-49.521385,225.907318,-260.406189,-50.535828,43.188835,-303.113678,-51.083801,-127.004295,-222.196426,-54.613953,-209.413864,12.880872,-54.454529,-127.293930,181.840744,-53.567577,272.312317,183.287369,-46.172329,356.990479,-50.504799,-46.991055,69.559471,14.004885,-54.936657,81.550278,497.258118,-10.979174
910,4.550000,105.280647,263.102203,-49.534412,225.889252,-260.422058,-50.531227,43.175854,-303.115662,-51.081871,-127.017990,-222.190109,-54.614166,-209.412094,12.902261,-54.471268,-127.289207,181.849808,-53.575729,272.315430,183.272446,-46.178173,356.978760,-50.524685,-46.988796,69.553215,14.003775,-54.953316,81.547012,497.245697,-11.021574
911,4.555000,105.290100,263.112915,-49.515373,225.883804,-260.422485,-50.546116,43.160774,-303.101898,-51.073929,-127.026749,-222.169693,-54.590023,-209.420883,12.916406,-54.427399,-127.283974,181.862244,-53.544792,272.329498,183.272415,-46.182274,356.983429,-50.530365,-47.017445,69.558052,14.007993,-54.940639,81.543732,497.261353,-11.041736
912,4.560000,105.297226,263.130188,-49.510582,225.893188,-260.407928,-50.557938,43.170475,-303.089203,-51.072788,-127.019676,-222.155731,-54.576885,-209.415710,12.931241,-54.410896,-127.280563,181.877548,-53.525131,272.329712,183.291229,-46.177834,356.994202,-50.504417,-47.023712,69.566566,14.028379,-54.937538,81.543571,497.298218,-11.038815
913,4.565000,105.301743,263.151733,-49.484699,225.888443,-260.388702,-50.516872,43.164848,-303.078033,-51.041367,-127.020988,-222.147171,-54.546432,-209.423157,12.934315,-54.384773,-127.290352,181.885468,-53.508625,272.321167,183.302979,-46.146294,356.981354,-50.494347,-46.988876,69.559090,14.027299,-54.909492,81.545525,497.343445,-11.025183
914,4.570000,105.274536,263.158752,-49.400459,225.889359,-260.366150,-50.457737,43.171120,-303.057129,-50.984642,-127.027649,-222.143143,-54.503490,-209.433029,12.946019,-54.337341,-127.302391,181.888367,-53.455830,272.305573,183.322571,-46.073383,356.970947,-50.470966,-46.908031,69.543320,14.036619,-54.868351,81.545570,497.379364,-11.012791
915,4.575000,105.266762,263.172058,-49.362885,225.890747,-260.348785,-50.418587,43.185009,-303.047241,-50.955177,-127.023590,-222.127243,-54.480667,-209.429733,12.950411,-54.307785,-127.305153,181.900574,-53.416649,272.296356,183.346939,-46.030525,356.964813,-50.448597,-46.863392,69.539398,14.043572,-54.846321,81.545105,497.391296,-11.001829
916,4.580000,105.281113,263.179047,-49.401981,225.904602,-260.337677,-50.446560,43.184219,-303.045807,-50.984131,-127.017082,-222.128876,-54.500607,-209.428650,12.957362,-54.322796,-127.300468,181.902390,-53.435143,272.301331,183.340729,-46.069408,356.978821,-50.450737,-46.921898,69.551826,14.045046,-54.873615,81.543251,497.379639,-10.996490
917,4.585000,105.290352,263.167572,-49.459911,225.902252,-260.343811,-50.481281,43.171291,-303.059296,-51.012863,-127.022263,-222.136490,-54.505798,-209.428421,12.951793,-54.342674,-127.291367,181.900604,-53.456390,272.313629,183.329926,-46.136959,356.986725,-50.469559,-46.968113,69.550835,14.034188,-54.891449,81.546768,497.352173,-10.980326
918,4.590000,105.290108,263.141174,-49.463203,225.890976,-260.372589,-50.481960,43.161453,-303.072235,-51.017464,-127.029480,-222.140656,-54.520058,-209.424118,12.941394,-54.346325,-127.290306,181.883163,-53.476063,272.321381,183.306351,-46.134808,356.978943,-50.497292,-46.977402,69.550461,14.023735,-54.903275,81.534515,497.322174,-10.964723
919,4.595000,105.294128,263.132599,-49.454128,225.883270,-260.394379,-50.479847,43.158894,-303.084778,-51.036636,-127.032387,-222.153214,-54.540649,-209.420959,12.933299,-54.378693,-127.284271,181.872040,-53.492371,272.324554,183.289642,-46.123669,356.980530,-50.518929,-46.952911,69.549599,14.009242,-54.906864,81.531296,497.286316,-10.952397
920,4.600000,105.281395,263.118378,-49.471390,225.874496,-260.409546,-50.498062,43.156261,-303.096954,-51.044132,-127.031731,-222.172501,-54.566383,-209.421448,12.917632,-54.409527,-127.288727,181.865234,-53.526245,272.313568,183.277756,-46.133144,356.971588,-50.518394,-46.953167,69.554581,14.004471,-54.911118,81.518394,497.258728,-10.937280
921,4.605000,105.259331,263.111755,-49.483730,225.878723,-260.403503,-50.483940,43.163929,-303.111328,-51.034733,-127.030136,-222.188431,-54.553585,-209.431320,12.895029,-54.399212,-127.304512,181.845703,-53.514675,272.297272,183.279800,-46.142181,356.968872,-50.508797,-46.955486,69.545845,13.998315,-54.912323,81.513649,497.248657,-10.933447
922,4.610000,105.243835,263.118530,-49.430878,225.891006,-260.401886,-50.472935,43.168221,-303.106537,-51.001015,-127.028702,-222.192215,-54.495667,-209.448685,12.884120,-54.330154,-127.330078,181.835068,-53.455994,272.279327,183.291565,-46.108154,356.962799,-50.494583,-46.940292,69.537994,13.999838,-54.879963,81.507751,497.267181,-10.926566
923,4.615000,105.241272,263.121094,-49.395683,225.875839,-260.405609,-50.439545,43.170387,-303.096985,-50.965080,-127.031830,-222.188614,-54.466671,-209.448608,12.887597,-54.275848,-127.334091,181.842941,-53.414242,272.274323,183.302261,-46.074417,356.963043,-50.484280,-46.910889,69.532082,14.012495,-54.846500,81.505020,497.299927,-10.914239
924,4.620000,105.250519,263.133026,-49.384357,225.872116,-260.393738,-50.418819,43.165874,-303.085052,-50.953026,-127.034142,-222.171387,-54.460251,-209.449844,12.903588,-54.281155,-127.323242,181.852524,-53.409176,272.290009,183.302536,-46.060059,356.958313,-50.484707,-46.885681,69.533722,14.019629,-54.834614,81.513344,497.315521,-10.915647
925,4.625000,105.275635,263.143402,-49.369644,225.871613,-260.399261,-50.395706,43.150764,-303.072968,-50.945942,-127.038536,-222.154541,-54.468475,-209.437515,12.928143,-54.292332,-127.302528,181.876984,-53.416027,272.304749,183.298630,-46.050282,356.965240,-50.500622,-46.872948,69.544868,14.016706,-54.828072,81.515083,497.323639,-10.913283
926,4.630000,105.291191,263.142303,-49.348309,225.875793,-260.382782,-50.393734,43.148575,-303.075562,-50.941143,-127.034706,-222.143234,-54.459126,-209.426880,12.938523,-54.280663,-127.284531,181.883179,-53.394375,272.316742,183.291000,-46.033947,356.976166,-50.501427,-46.870483,69.552803,14.020271,-54.830860,81.517197,497.330017,-10.912204
927,4.635000,105.290329,263.141205,-49.379810,225.882645,-260.379364,-50.413155,43.151455,-303.067200,-50.955395,-127.031502,-222.142288,-54.455055,-209.428696,12.941734,-54.280933,-127.289223,181.879837,-53.397602,272.320709,183.300095,-46.058357,356.979279,-50.496586,-46.896172,69.554024,14.021794,-54.843018,81.520714,497.322449,-10.926375
928,4.640000,105.269226,263.142059,-49.432526,225.890060,-260.372345,-50.462818,43.156204,-303.069397,-50.999348,-127.027260,-222.153427,-54.497105,-209.432755,12.936420,-54.321735,-127.296356,181.883347,-53.442547,272.302887,183.311096,-46.118500,356.967072,-50.489822,-46.947948,69.538979,14.017295,-54.882904,81.523682,497.309418,-10.940369
929,4.645000,105.259186,263.141022,-49.462879,225.897842,-260.365204,-50.472008,43.169258,-303.076782,-51.034420,-127.025902,-222.161484,-54.537872,-209.432831,12.921093,-54.366550,-127.306015,181.870453,-53.484226,272.299591,183.310471,-46.145321,356.969635,-50.485985,-46.966755,69.540779,14.009888,-54.909374,81.530685,497.301392,-10.964012
930,4.650000,105.263557,263.138367,-49.450855,225.906693,-260.367889,-50.476734,43.187286,-303.086670,-51.037052,-127.012802,-222.167252,-54.561096,-209.425095,12.915870,-54.393089,-127.299789,181.863220,-53.495441,272.303101,183.313187,-46.120644,356.977661,-50.483341,-46.938557,69.550163,14.011344,-54.906239,81.537727,497.297485,-10.962234
931,4.655000,105.273880,263.137604,-49.457840,225.902924,-260.374054,-50.478748,43.176441,-303.083221,-51.025669,-127.010986,-222.167328,-54.546825,-209.422729,12.915655,-54.388897,-127.295464,181.870682,-53.501877,272.304108,183.312836,-46.111275,356.976929,-50.488865,-46.939201,69.556427,14.011706,-54.900089,81.542824,497.304626,-10.974018
932,4.660000,105.279915,263.134338,-49.467327,225.885956,-260.389221,-50.502975,43.169464,-303.081848,-51.021973,-127.026352,-222.159195,-54.544788,-209.422073,12.927114,-54.376457,-127.297310,181.880783,-53.500996,272.315125,183.302567,-46.134869,356.978302,-50.496357,-46.968182,69.543526,14.018124,-54.910503,81.542183,497.313904,-10.985950
933,4.665000,105.288841,263.138458,-49.456417,225.871140,-260.393616,-50.506310,43.157463,-303.085510,-51.030106,-127.041977,-222.146912,-54.523159,-209.425827,12.947841,-54.344810,-127.286598,181.882095,-53.482143,272.320892,183.297867,-46.142967,356.977997,-50.507381,-46.969883,69.542480,14.026351,-54.893097,81.539452,497.324615,-11.001458
934,4.670000,,,,,,,,,,,,,,,,,,,,,,,,,,,,,,
935,4.675000,105.286949,263.142303,-49.412468,225.883575,-260.391754,-50.454693,43.168545,-303.074615,-50.990082,-127.024742,-222.144363,-54.509773,-209.421829,12.938352,-54.346371,-127.292725,181.885239,-53.463928,272.319427,183.304718,-46.082550,356.979431,-50.491684,-46.909435,69.560814,14.033669,-54.878819,81.543999,497.347321,-11.003890
936,4.680000,105.267365,263.146210,-49.420547,225.891830,-260.383423,-50.466934,43.179443,-303.080383,-51.006359,-127.012390,-222.158554,-54.523987,-209.423111,12.922337,-54.367222,-127.299248,181.877991,-53.482864,272.305389,183.313614,-46.091496,356.975708,-50.476650,-46.919956,69.556442,14.035419,-54.869091,81.543488,497.337982,-10.999195
937,4.685000,105.256798,263.138702,-49.445438,225.900467,-260.376740,-50.484306,43.184315,-303.080902,-51.013447,-127.013222,-222.162338,-54.524502,-209.430038,12.914445,-54.356888,-127.308983,181.868851,-53.470219,272.298889,183.314484,-46.119549,356.975464,-50.472679,-46.944248,69.549950,14.022190,-54.893085,81.542839,497.325470,-10.979311
938,4.690000,105.263306,263.137970,-49.442799,225.898743,-260.377625,-50.476166,43.186317,-303.077728,-51.008945,-127.014549,-222.166977,-54.520447,-209.431808,12.917572,-54.343357,-127.311455,181.861115,-53.461372,272.297546,183.316635,-46.129627,356.977386,-50.478115,-46.954823,69.540825,14.010372,-54.896400,81.542099,497.312561,-10.981748
939,4.695000,105.281807,263.136108,-49.442581,225.899872,-260.374084,-50.461395,43.180210,-303.078339,-51.008118,-127.019394,-222.155151,-54.510883,-209.425323,12.922576,-54.341022,-127.288994,181.871353,-53.472443,272.311951,183.304733,-46.118931,356.981842,-50.491791,-46.953835,69.550674,14.015136,-54.891396,81.541351,497.301361,-10.966209
940,4.700000,105.290100,263.139587,-49.453041,225.900604,-260.378082,-50.465187,43.166992,-303.072021,-51.018650,-127.021446,-222.149261,-54.534306,-209.412186,12.935278,-54.381397,-127.277077,181.882797,-53.489857,272.324799,183.299622,-46.122272,356.981903,-50.500271,-46.949253,69.557571,14.016857,-54.895599,81.540581,497.293549,-10.952254
941,4.705000,105.299171,263.138916,-49.446739,225.883820,-260.387207,-50.463009,43.152256,-303.073975,-51.023792,-127.027061,-222.145782,-54.543510,-209.415543,12.942036,-54.380520,-127.273094,181.889084,-53.481358,272.328186,183.291824,-46.109550,356.984283,-50.506485,-46.944645,69.554184,14.014194,-54.888565,81.535210,497.295380,-10.935635
942,4.710000,105.281876,263.133331,-49.418102,225.884003,-260.382141,-50.433105,43.150639,-303.080017,-50.999615,-127.034439,-222.151108,-54.503670,-209.429184,12.926446,-54.331120,-127.291519,181.881989,-53.443848,272.309113,183.296387,-46.100227,356.973724,-50.502811,-46.928352,69.546066,14.007135,-54.875690,81.529739,497.300323,-10.928916
943,4.715000,105.264435,263.137817,-49.404972,225.889343,-260.382355,-50.426773,43.167194,-303.075714,-50.973404,-127.033310,-222.162567,-54.472301,-209.431030,12.917646,-54.284241,-127.302826,181.866821,-53.411182,272.297852,183.306244,-46.079613,356.966064,-50.493412,-46.921276,69.537148,14.006048,-54.857342,81.519470,497.309875,-10.926113
944,4.720000,105.254623,263.143707,-49.398350,225.896912,-260.374573,-50.438290,43.173607,-303.076904,-50.974003,-127.024338,-222.167511,-54.479805,-209.435791,12.904471,-54.301224,-127.310913,181.863174,-53.410118,272.288330,183.306595,-46.075962,356.969666,-50.479565,-46.914162,69.547302,14.010188,-54.854233,81.514114,497.309509,-10.931473
945,4.725000,105.254807,263.135254,-49.407749,225.893600,-260.381714,-50.439754,43.178436,-303.080414,-50.974640,-127.022255,-222.181061,-54.500149,-209.437256,12.903253,-54.321644,-127.320198,181.854431,-53.439964,272.289886,183.305374,-46.066177,356.969177,-50.481991,-46.903847,69.550697,14.013788,-54.859375,81.515305,497.309753,-10.931338
946,4.730000,105.258438,263.138885,-49.404285,225.880112,-260.397888,-50.439560,43.171375,-303.090759,-50.982327,-127.033829,-222.168564,-54.499676,-209.432663,12.914471,-54.325737,-127.307388,181.858841,-53.453796,272.291626,183.303650,-46.070683,356.967682,-50.492107,-46.898857,69.546532,14.020765,-54.855049,81.521233,497.313141,-10.947817
947,4.735000,105.272346,263.128448,-49.413654,225.865479,-260.406708,-50.457436,43.154469,-303.089569,-50.983704,-127.043007,-222.166611,-54.494633,-209.439117,12.917090,-54.325939,-127.303642,181.864365,-53.449924,272.301300,183.286545,-46.085537,356.967316,-50.510151,-46.918999,69.536911,14.018271,-54.864326,81.517448,497.306458,-10.950943
948,4.740000,105.279167,263.123749,-49.434612,225.873489,-260.412964,-50.474041,43.144226,-303.090576,-51.004360,-127.040741,-222.165939,-54.509129,-209.429947,12.923455,-54.331913,-127.301277,181.871170,-53.456314,272.314178,183.282043,-46.115101,356.966980,-50.515419,-46.957573,69.540550,14.015576,-54.879360,81.516457,497.297943,-10.952823
949,4.745000,105.280418,263.127380,-49.458092,225.875549,-260.407837,-50.504608,43.159248,-303.094604,-51.021000,-127.035942,-222.164536,-54.517460,-209.433807,12.926940,-54.351372,-127.297226,181.874390,-53.469158,272.311340,183.286026,-46.123798,356.969116,-50.506897,-46.968410,69.544930,14.017602,-54.893631,81.518074,497.296906,-10.965134
950,4.750000,105.270836,263.128113,-49.452526,225.883469,-260.387268,-50.478638,43.164162,-303.090118,-51.026314,-127.029327,-222.162827,-54.534580,-209.430786,12.920186,-54.362682,-127.304672,181.868546,-53.485489,272.305267,183.298065,-46.108501,356.970490,-50.498890,-46.945408,69.544167,14.015410,-54.894859,81.526138,497.299652,-10.964776
951,4.755000,105.259827,263.138641,-49.443584,225.888107,-260.377960,-50.466129,43.167126,-303.083923,-51.019180,-127.026482,-222.162735,-54.540630,-209.434982,12.922233,-54.371250,-127.312675,181.870255,-53.481731,272.297455,183.309509,-46.099037,356.962341,-50.487392,-46.936047,69.539268,14.018263,-54.893509,81.527618,497.316528,-10.971989
952,4.760000,105.258102,263.146759,-49.423355,225.897461,-260.367126,-50.474678,43.178329,-303.075134,-51.017658,-127.020523,-222.157349,-54.530212,-209.432480,12.926217,-54.365349,-127.310631,181.876022,-53.477787,272.292572,183.319763,-46.100216,356.971771,-50.466511,-46.941727,69.542938,14.026815,-54.889118,81.532631,497.320068,-10.974269
953,4.765000,105.269676,263.154846,-49.435440,225.903717,-260.351898,-50.454300,43.176582,-303.067841,-51.012672,-127.021744,-222.146454,-54.512230,-209.429047,12.936446,-54.342873,-127.302361,181.884949,-53.461185,272.303040,183.320465,-46.117874,356.982086,-50.474144,-46.943405,69.541138,14.027336,-54.882767,81.538162,497.335663,-10.976920
954,4.770000,105.285271,263.156311,-49.420811,225.899658,-260.359772,-50.455074,43.169571,-303.062073,-50.987476,-127.021446,-222.137390,-54.503292,-209.424789,12.943439,-54.329216,-127.287521,181.895584,-53.443783,272.315338,183.311005,-46.106220,356.983337,-50.476429,-46.933529,69.553398,14.029643,-54.878021,81.541748,497.338348,-10.968689
955,4.775000,105.293747,263.153473,-49.415886,225.885529,-260.372040,-50.454975,43.165379,-303.058868,-50.994328,-127.026604,-222.133224,-54.504971,-209.417816,12.955831,-54.336353,-127.277702,181.900574,-53.446072,272.322388,183.306274,-46.087639,356.986328,-50.494888,-46.929626,69.561317,14.031096,-54.878887,81.540413,497.337311,-10.972964
956,4.780000,105.292534,263.144257,-49.422047,225.885025,-260.378632,-50.441555,43.162334,-303.070740,-51.003281,-127.030891,-222.136032,-54.522045,-209.417938,12.950702,-54.355240,-127.279953,181.894699,-53.468365,272.324677,183.298477,-46.102482,356.980530,-50.500702,-46.929649,69.550552,14.027718,-54.871265,81.543121,497.330261,-10.974237
957,4.785000,105.280769,263.137329,-49.444347,225.886948,-260.385620,-50.467350,43.163692,-303.074707,-51.015659,-127.026405,-222.153336,-54.526566,-209.423309,12.933393,-54.358234,-127.290352,181.879807,-53.475399,272.316803,183.299698,-46.104492,356.981720,-50.499302,-46.932194,69.550140,14.019808,-54.891598,81.538284,497.315613,-10.974722
958,4.790000,105.273674,263.129700,-49.438854,225.896225,-260.393188,-50.483566,43.179756,-303.084717,-51.008560,-127.015907,-222.171326,-54.517948,-209.422089,12.903193,-54.355053,-127.299812,181.858047,-53.463451,272.308929,183.307602,-46.118011,356.982483,-50.489666,-46.944092,69.550735,14.022132,-54.888023,81.535881,497.309845,-10.977793
959,4.795000,105.261597,263.127289,-49.443886,225.904022,-260.394379,-50.493034,43.186218,-303.099274,-51.016098,-127.013596,-222.184601,-54.523300,-209.429291,12.893782,-54.348316,-127.308891,181.849213,-53.468067,272.300446,183.301712,-46.121532,356.978912,-50.485355,-46.954723,69.546936,14.014708,-54.892490,81.537651,497.297333,-10.968007
960,4.800000,105.260551,263.130402,-49.449890,225.893784,-260.399841,-50.486839,43.184082,-303.099823,-51.017986,-127.016930,-222.181885,-54.531868,-209.422729,12.900366,-54.353951,-127.309845,181.844635,-53.479752,272.301270,183.296188,-46.124542,356.978271,-50.493267,-46.949371,69.549866,14.013178,-54.888241,81.535156,497.289978,-10.955671
961,4.805000,105.275810,263.124268,-49.441944,225.888077,-260.402252,-50.470387,43.165585,-303.096375,-51.012924,-127.025322,-222.177002,-54.531906,-209.419785,12.914863,-54.354141,-127.297295,181.860123,-53.483768,272.311371,183.289688,-46.100025,356.975494,-50.504013,-46.931519,69.550659,14.004676,-54.888660,81.537560,497.291718,-10.949394
962,4.810000,105.290771,263.123840,-49.428238,225.881882,-260.403381,-50.456547,43.155064,-303.085938,-51.000088,-127.029892,-222.157684,-54.512848,-209.427704,12.920731,-54.347141,-127.283531,181.869431,-53.460896,272.314819,183.284897,-46.090145,356.981079,-50.513889,-46.927460,69.547287,14.011085,-54.871700,81.535706,497.300385,-10.948351
963,4.815000,105.289452,263.137390,-49.410515,225.884216,-260.394287,-50.444611,43.155533,-303.083069,-50.990101,-127.026184,-222.150772,-54.492264,-209.418243,12.935789,-54.321198,-127.277687,181.877960,-53.439953,272.320892,183.298920,-46.087963,356.982788,-50.502857,-46.922974,69.553871,14.011586,-54.878178,81.532234,497.309662,-10.931945
964,4.820000,105.281006,263.141327,-49.419292,225.891479,-260.377686,-50.435524,43.161682,-303.071411,-50.989647,-127.027794,-222.145279,-54.487514,-209.421875,12.936666,-54.303757,-127.287064,181.882462,-53.436878,272.315491,183.304779,-46.089142,356.976532,-50.494003,-46.935070,69.557861,14.017286,-54.872471,81.527611,497.315613,-10.935032
965,4.825000,105.268295,263.148926,-49.417652,225.895660,-260.361664,-50.435051,43.167629,-303.067841,-50.991829,-127.027107,-222.153564,-54.492447,-209.430084,12.929253,-54.315338,-127.298149,181.877548,-53.435299,272.306366,183.314621,-46.086773,356.974915,-50.482407,-46.921883,69.547722,14.014588,-54.870934,81.531364,497.322052,-10.934620
966,4.830000,105.259781,263.148376,-49.406151,225.899399,-260.360321,-50.429916,43.175068,-303.072296,-50.981861,-127.025497,-222.157867,-54.491112,-209.430359,12.919799,-54.326878,-127.307877,181.871490,-53.442982,272.297180,183.317886,-46.074013,356.969330,-50.472321,-46.907814,69.538055,14.014096,-54.874077,81.530266,497.316925,-10.934886
967,4.835000,105.259102,263.146393,-49.412090,225.900024,-260.365326,-50.428413,43.175224,-303.073578,-50.986935,-127.022148,-222.164185,-54.505638,-209.430435,12.918923,-54.340401,-127.307770,181.873245,-53.446442,272.296783,183.316879,-46.077965,356.972382,-50.477413,-46.909073,69.542992,14.020520,-54.869186,81.526108,497.316376,-10.943148
968,4.840000,105.269424,263.141296,-49.433121,225.889389,-260.381805,-50.459747,43.172714,-303.077484,-50.998009,-127.027985,-222.156540,-54.513367,-209.427490,12.922686,-54.342827,-127.303574,181.872086,-53.464054,272.302704,183.310989,-46.106762,356.970184,-50.487194,-46.941856,69.540627,14.022060,-54.881763,81.526466,497.309479,-10.957688
969,4.845000,105.275452,263.135498,-49.450874,225.877136,-260.401031,-50.487724,43.162819,-303.082611,-51.011333,-127.034187,-222.153748,-54.519459,-209.430283,12.926526,-54.343037,-127.306236,181.881836,-53.470661,272.306519,183.301651,-46.121693,356.969055,-50.499851,-46.954983,69.542976,14.022558,-54.883736,81.524109,497.308502,-10.961391
970,4.850000,105.275452,263.125885,-49.444019,225.864761,-260.402924,-50.495247,43.144958,-303.090454,-51.013515,-127.042397,-222.159805,-54.520756,-209.432999,12.933506,-54.355579,-127.299149,181.878677,-53.470932,272.311371,183.289062,-46.118408,356.967621,-50.518375,-46.958160,69.542892,14.015682,-54.889145,81.525841,497.300690,-10.969386
971,4.855000,105.278732,263.125580,-49.442547,225.863770,-260.406738,-50.480473,43.152195,-303.091064,-51.004108,-127.040253,-222.164185,-54.527920,-209.437912,12.925817,-54.359306,-127.301292,181.866821,-53.478630,272.303009,183.287781,-46.112160,356.963837,-50.509571,-46.938545,69.538635,14.016245,-54.892593,81.519058,497.307007,-10.972472
972,4.860000,105.265877,263.138702,-49.439350,225.879135,-260.394684,-50.484631,43.164978,-303.086304,-51.006767,-127.031624,-222.165054,-54.536301,-209.441315,12.923603,-54.364548,-127.311485,181.872055,-53.488129,272.298431,183.305878,-46.111736,356.970642,-50.491829,-46.927505,69.544121,14.023094,-54.893383,81.520554,497.317047,-10.975318
973,4.865000,105.256477,263.139526,-49.438789,225.891632,-260.383270,-50.481899,43.177509,-303.089386,-51.011677,-127.019943,-222.165771,-54.526093,-209.443314,12.912718,-54.369823,-127.319946,181.864960,-53.477741,272.290588,183.311142,-46.106766,356.971954,-50.482620,-46.945702,69.545792,14.029282,-54.890388,81.523056,497.318329,-10.972915
974,4.870000,105.252739,263.140350,-49.433010,225.895325,-260.373199,-50.473541,43.179394,-303.082703,-51.005676,-127.023537,-222.170410,-54.518063,-209.436798,12.918033,-54.333462,-127.311798,181.864197,-53.457722,272.292267,183.311005,-46.107651,356.970612,-50.475960,-46.939583,69.544083,14.031628,-54.879368,81.527802,497.323883,-10.975012
975,4.875000,105.269569,263.144531,-49.422939,225.890625,-260.372253,-50.455315,43.169479,-303.076294,-51.000172,-127.019943,-222.150696,-54.500210,-209.430435,12.926123,-54.321693,-127.300697,181.875305,-53.445980,272.300568,183.312485,-46.104542,356.974060,-50.477863,-46.943939,69.547928,14.020783,-54.872360,81.531944,497.322113,-10.970036
976,4.880000,105.280243,263.149963,-49.429211,225.886765,-260.378815,-50.462463,43.166840,-303.064301,-51.004711,-127.023415,-222.139481,-54.512577,-209.425064,12.940813,-54.338047,-127.286758,181.882538,-53.458836,272.317657,183.308563,-46.105438,356.974457,-50.486355,-46.933857,69.547928,14.023696,-54.879860,81.533821,497.321472,-10.963267
977,4.885000,105.293327,263.147705,-49.427124,225.891266,-260.374054,-50.448265,43.152649,-303.063416,-51.008442,-127.027168,-222.138519,-54.521805,-209.420105,12.942970,-54.350510,-127.272102,181.885910,-53.470169,272.325104,183.302750,-46.092777,356.983185,-50.495342,-46.929188,69.559868,14.018428,-54.882809,81.537926,497.318115,-10.960278
978,4.890000,105.399162,263.137115,-49.453403,225.892380,-260.376465,-50.443340,43.155029,-303.072052,-51.008335,-127.033073,-222.144974,-54.515591,-209.417358,12.940833,-54.351135,-127.272827,181.884796,-53.456577,272.326508,183.293686,-46.101398,356.980347,-50.507992,-46.929699,69.554871,14.009046,-54.884056,81.544411,497.310822,-10.959235
979,4.895000,105.282120,263.137787,-49.429562,225.894852,-260.378052,-50.455143,43.167110,-303.075623,-51.002514,-127.023743,-222.157791,-54.510624,-209.421371,12.929103,-54.324352,-127.287628,181.869370,-53.442436,272.313202,183.293549,-46.105770,356.981567,-50.501522,-46.941799,69.554985,14.009134,-54.876232,81.541229,497.302460,-10.949172
980,4.900000,105.269562,263.136749,-49.435085,225.898178,-260.378845,-50.471127,43.178223,-303.084351,-51.002190,-127.016800,-222.162201,-54.508232,-209.425659,12.910845,-54.341396,-127.299431,181.865875,-53.454445,272.307617,183.308960,-46.107990,356.979614,-50.485199,-46.945251,69.541031,14.016901,-54.878246,81.534348,497.306793,-10.952790
981,4.905000,105.259499,263.135803,-49.436958,225.904785,-260.382568,-50.457993,43.182430,-303.083282,-51.006687,-127.016129,-222.169800,-54.521641,-209.432587,12.905175,-54.349445,-127.308426,181.859116,-53.463009,272.297546,183.308884,-46.103973,356.974091,-50.483807,-46.933449,69.548378,14.020476,-54.885239,81.530930,497.306305,-10.958395
982,4.910000,105.263344,263.132141,-49.434052,225.892044,-260.394012,-50.454182,43.178215,-303.091339,-51.000370,-127.020386,-222.170364,-54.516876,-209.417786,12.904876,-54.352310,-127.306061,181.858551,-53.461357,272.306488,183.299927,-46.093670,356.976837,-50.490494,-46.926807,69.554901,14.015958,-54.878895,81.535057,497.307037,-10.954165
983,4.915000,105.279732,263.128723,-49.424366,225.891281,-260.401489,-50.440784,43.166752,-303.094360,-50.997665,-127.022026,-222.172043,-54.508785,-209.422241,12.915429,-54.331394,-127.292168,181.858856,-53.451046,272.311493,183.290405,-46.092346,356.976593,-50.506565,-46.922447,69.557175,14.008094,-54.870720,81.535515,497.297516,-10.949126
984,4.920000,105.285172,263.126831,-49.414532,225.878464,-260.404175,-50.461651,43.159653,-303.093201,-50.993336,-127.029907,-222.160233,-54.494900,-209.418930,12.922242,-54.323654,-127.290573,181.861908,-53.445305,272.317383,183.282898,-46.088116,356.981812,-50.513313,-46.928482,69.550674,14.013753,-54.874454,81.532860,497.296082,-10.947069
985,4.925000,105.285736,263.127350,-49.425278,225.877182,-260.403717,-50.467678,43.156834,-303.086517,-50.994865,-127.033722,-222.150940,-54.504631,-209.428070,12.923839,-54.333000,-127.293571,181.871506,-53.455833,272.319672,183.290100,-46.108128,356.972382,-50.508568,-46.940441,69.551369,14.024561,-54.868767,81.524918,497.307007,-10.950421
986,4.930000,105.280144,263.135223,-49.429688,225.876633,-260.399719,-50.479931,43.164585,-303.092041,-51.007420,-127.032486,-222.158035,-54.518627,-209.432098,12.926956,-54.343678,-127.298401,181.868378,-53.462303,272.312286,183.294281,-46.108051,356.978638,-50.495625,-46.940998,69.548515,14.028683,-54.875618,81.523140,497.311493,-10.960711
987,4.935000,105.279800,263.145874,-49.434067,225.889648,-260.377136,-50.464935,43.171719,-303.086609,-50.997112,-127.016991,-222.166458,-54.519119,-209.428986,12.923368,-54.358738,-127.301636,181.873215,-53.461212,272.302002,183.309860,-46.099991,356.974213,-50.488167,-46.930832,69.552673,14.023260,-54.877037,81.531090,497.309998,-10.956132
988,4.940000,105.259590,263.146301,-49.425625,225.896240,-260.368469,-50.469898,43.178883,-303.072540,-50.993786,-127.017944,-222.156464,-54.517262,-209.434937,12.926157,-54.351498,-127.310799,181.874969,-53.462372,272.294373,183.316589,-46.095291,356.966949,-50.477848,-46.929508,69.542847,14.023479,-54.884216,81.529701,497.313995,-10.952680
989,4.945000,105.264717,263.152161,-49.435036,225.894669,-260.361664,-50.461197,43.175495,-303.067902,-51.001091,-127.022011,-222.153763,-54.513428,-209.437729,12.924580,-54.346115,-127.309364,181.877533,-53.460358,272.296814,183.318634,-46.098778,356.969666,-50.467438,-46.936600,69.541046,14.032344,-54.877674,81.532028,497.317963,-10.951675
990,4.950000,105.271332,263.149567,-49.431480,225.888107,-260.364014,-50.458706,43.166634,-303.067841,-51.004246,-127.027077,-222.147446,-54.508274,-209.437622,12.933935,-54.335548,-127.302109,181.884003,-53.455341,272.305359,183.314728,-46.106754,356.970734,-50.478180,-46.939426,69.546432,14.024490,-54.884369,81.527336,497.323029,-10.960925
991,4.955000,105.278595,263.147736,-49.437084,225.886993,-260.364777,-50.461880,43.158859,-303.067261,-51.005459,-127.033157,-222.145035,-54.515694,-209.427200,12.942641,-54.343124,-127.291916,181.889542,-53.452393,272.314087,183.307098,-46.100784,356.976624,-50.492123,-46.938938,69.539375,14.017137,-54.882778,81.525093,497.321838,-10.968369
992,4.960000,105.288483,263.147369,-49.427429,225.883163,-260.377869,-50.455692,43.152496,-303.069489,-51.003723,-127.026321,-222.139862,-54.519115,-209.429352,12.946929,-54.353622,-127.282234,181.892654,-53.464035,272.318939,183.306717,-46.105415,356.973724,-50.497429,-46.932755,69.547234,14.018270,-54.892159,81.526291,497.325714,-10.960577
993,4.965000,105.283562,263.142975,-49.428452,225.877335,-260.381195,-50.464256,43.159878,-303.069702,-50.998047,-127.031891,-222.142014,-54.512451,-209.426727,12.938500,-54.353840,-127.301125,181.882553,-53.464500,272.314056,183.305405,-46.094345,356.969025,-50.491196,-46.925877,69.551178,14.028420,-54.885406,81.528923,497.325378,-10.962477
994,4.970000,105.265213,263.137024,-49.429352,225.884003,-260.384186,-50.468750,43.171799,-303.080780,-51.004234,-127.032875,-222.158371,-54.509037,-209.432724,12.920355,-54.340126,-127.311142,181.872345,-53.461910,272.301270,183.305634,-46.104061,356.977722,-50.484585,-46.933636,69.541969,14.019712,-54.874748,81.524017,497.319244,-10.969125
995,4.975000,105.254921,263.125305,-49.432552,225.891495,-260.387573,-50.474369,43.176647,-303.090698,-51.007893,-127.020569,-222.175858,-54.518223,-209.434586,12.904796,-54.336369,-127.315491,181.858627,-53.464108,272.298340,183.306763,-46.110344,356.965088,-50.489594,-46.944347,69.546295,14.018201,-54.880573,81.522720,497.311371,-10.977469
996,4.980000,105.259583,263.127075,-49.442657,225.896591,-260.395508,-50.462036,43.177792,-303.093262,-51.009132,-127.027664,-222.178879,-54.518394,-209.432373,12.900600,-54.350822,-127.315582,181.850769,-53.464237,272.295441,183.301437,-46.112705,356.980957,-50.487804,-46.942150,69.547134,14.014326,-54.885727,81.529350,497.301636,-10.972039
997,4.985000,105.273796,263.123871,-49.441540,225.889832,-260.398438,-50.466511,43.171070,-303.088654,-51.007755,-127.019867,-222.167191,-54.519089,-209.428497,12.904396,-54.344578,-127.298668,181.862350,-53.473179,272.303986,183.290802,-46.111034,356.975494,-50.499260,-46.933578,69.548500,14.013108,-54.879906,81.532318,497.301697,-10.969956
998,4.990000,105.280121,263.136963,-49.437519,225.886765,-260.400726,-50.456062,43.158390,-303.084900,-51.005615,-127.026665,-222.162781,-54.522831,-209.430817,12.920804,-54.353973,-127.300369,181.867935,-53.460339,272.312653,183.290680,-46.099133,356.975952,-50.504604,-46.936207,69.551605,14.016426,-54.874268,81.531036,497.299896,-10.967737
999,4.995000,105.291069,263.127899,-49.431992,225.884476,-260.395538,-50.449699,43.156380,-303.078613,-51.006622,-127.032906,-222.151749,-54.508450,-209.425110,12.928707,-54.341282,-127.284676,181.870651,-53.452812,272.316467,183.288254,-46.102032,356.976898,-50.512791,-46.941402,69.546288,14.011996,-54.879700,81.528877,497.303223,-10.957698
1000,5.000000,105.287460,263.136993,-49.434353,225.890793,-260.387421,-50.454002,43.160473,-303.078674,-51.009468,-127.030075,-222.157928,-54.508286,-209.420303,12.929510,-54.331364,-127.286407,181.879684,-53.458828,272.318481,183.294647,-46.109711,356.981171,-50.509190,-46.946476,69.549873,14.014533,-54.885357,81.535477,497.304779,-10.950856
1001,5.005000,105.280472,263.144409,-49.435383,225.899353,-260.369873,-50.444271,43.168053,-303.068024,-50.994484,-127.021385,-222.154236,-54.505646,-209.421234,12.927210,-54.334198,-127.285271,181.877182,-53.448414,272.317871,183.305740,-46.104813,356.983643,-50.494881,-46.935032,69.556877,14.013472,-54.881561,81.542305,497.315704,-10.947870
1002,5.010000,105.263664,263.147766,-49.426128,225.903091,-260.364868,-50.441307,43.175892,-303.071014,-51.001904,-127.015663,-222.156830,-54.514263,-209.422333,12.925818,-54.337067,-127.297852,181.873291,-53.456791,272.303528,183.313629,-46.099106,356.976257,-50.477257,-46.922241,69.551834,14.021026,-54.875523,81.538780,497.315613,-10.949253
1003,5.015000,105.265640,263.144714,-49.416985,225.898849,-260.358154,-50.438835,43.176678,-303.070343,-50.990089,-127.017853,-222.156448,-54.506058,-209.428177,12.924545,-54.335640,-127.297852,181.869247,-53.448753,272.298676,183.314560,-46.091366,356.975311,-50.473015,-46.916454,69.549782,14.015888,-54.877304,81.538185,497.312439,-10.946661
1004,5.020000,105.272797,263.145477,-49.419571,225.898499,-260.368805,-50.449188,43.176979,-303.078339,-50.995819,-127.019333,-222.155579,-54.509743,-209.424210,12.923073,-54.326820,-127.299072,181.874466,-53.452526,272.302246,183.309723,-46.089092,356.980713,-50.479992,-46.928555,69.545372,14.013014,-54.876957,81.531502,497.313385,-10.948744
1005,5.025000,105.278084,263.144409,-49.427750,225.890045,-260.376953,-50.457993,43.167015,-303.078308,-50.998322,-127.018944,-222.151367,-54.506527,-209.422592,12.926877,-54.325802,-127.294037,181.874435,-53.448261,272.319366,183.304443,-46.099731,356.977875,-50.487293,-46.940887,69.547791,14.021815,-54.888191,81.530373,497.314606,-10.959054
1006,5.030000,105.288315,263.137177,-49.434227,225.881149,-260.392578,-50.477371,43.160629,-303.081238,-50.994335,-127.029465,-222.150421,-54.507072,-209.426620,12.935184,-54.331333,-127.291161,181.880814,-53.456219,272.320465,183.293365,-46.111858,356.978333,-50.503368,-46.938362,69.550308,14.022261,-54.886791,81.532974,497.312469,-10.956906
1007,5.035000,105.282722,263.130798,-49.435749,225.870773,-260.406311,-50.471245,43.156025,-303.090210,-51.005497,-127.031593,-222.158905,-54.517181,-209.434662,12.923856,-54.350334,-127.301140,181.875397,-53.478336,272.315582,183.289093,-46.108242,356.975189,-50.508320,-46.944485,69.546692,14.022141,-54.874176,81.528496,497.304840,-10.961498
1008,5.040000,105.272385,263.130035,-49.442688,225.875092,-260.408234,-50.480881,43.161404,-303.091156,-51.004330,-127.031532,-222.165665,-54.530643,-209.437439,12.923491,-54.360649,-127.306717,181.871780,-53.477291,272.302582,183.295456,-46.106133,356.972290,-50.505379,-46.933662,69.548317,14.020924,-54.879715,81.526703,497.303101,-10.968427
1009,5.045000,105.264626,263.134125,-49.439892,225.886398,-260.392426,-50.481884,43.174553,-303.090057,-51.011547,-127.022621,-222.166092,-54.523911,-209.437515,12.910854,-54.363258,-127.309334,181.865814,-53.474014,272.291779,183.300186,-46.101910,356.973999,-50.489639,-46.937016,69.542473,14.019896,-54.884724,81.527122,497.307587,-10.971032
1010,5.050000,105.259827,263.140106,-49.435001,225.895493,-260.384583,-50.484528,43.183926,-303.082581,-50.997108,-127.017487,-222.168396,-54.515041,-209.434631,12.912642,-54.351700,-127.313019,181.864761,-53.469578,272.300903,183.312378,-46.110882,356.972992,-50.479790,-46.949043,69.547997,14.028776,-54.880520,81.528687,497.309692,-10.959863
1011,5.055000,105.260574,263.140808,-49.432053,225.895645,-260.381409,-50.479523,43.179955,-303.078278,-50.993668,-127.022087,-222.161865,-54.511208,-209.435593,12.916156,-54.340736,-127.311066,181.869812,-53.463814,272.300323,183.311279,-46.107010,356.972504,-50.480492,-46.942272,69.546219,14.029495,-54.874378,81.526672,497.317749,-10.960589
1012,5.060000,105.272102,263.143005,-49.421692,225.887100,-260.379059,-50.458344,43.169785,-303.077057,-51.000011,-127.027931,-222.153915,-54.510807,-209.429276,12.935900,-54.342995,-127.304718,181.877991,-53.458321,272.303772,183.304550,-46.102390,356.974213,-50.492184,-46.937004,69.550446,14.021675,-54.880821,81.528046,497.313721,-10.954024
1013,5.065000,105.284950,263.141266,-49.420666,225.885513,-260.380219,-50.451618,43.154667,-303.071594,-51.007023,-127.034393,-222.147385,-54.515003,-209.428040,12.942196,-54.345421,-127.290619,181.885345,-53.459587,272.311737,183.299072,-46.097450,356.969971,-50.498180,-46.921974,69.548607,14.018316,-54.885429,81.527763,497.317719,-10.960335
1014,5.070000,105.285675,263.143646,-49.421383,225.887115,-260.377014,-50.442242,43.155163,-303.069031,-51.002735,-127.029228,-222.145142,-54.515457,-209.420288,12.945248,-54.335251,-127.289932,181.882538,-53.447781,272.317688,183.308014,-46.099010,356.979370,-50.498672,-46.927746,69.547737,14.014557,-54.883011,81.527405,497.316986,-10.957236
1015,5.075000,105.282623,263.143738,-49.422245,225.892883,-260.370728,-50.453712,43.165203,-303.067841,-51.003510,-127.027306,-222.145737,-54.512741,-209.428177,12.939885,-54.329838,-127.287033,181.884460,-53.445129,272.316559,183.303680,-46.104076,356.980804,-50.491138,-46.940109,69.546196,14.014998,-54.883896,81.533981,497.319946,-10.962408
1016,5.080000,105.265953,263.143646,-49.427727,225.891373,-260.370575,-50.457085,43.162422,-303.074371,-51.003220,-127.023804,-222.154694,-54.507133,-209.426819,12.925107,-54.330334,-127.296181,181.869476,-53.451736,272.304749,183.309479,-46.108807,356.977966,-50.484886,-46.941406,69.548859,14.011009,-54.884560,81.532951,497.316315,-10.955242
1017,5.085000,105.263016,263.134949,-49.433727,225.893997,-260.372375,-50.445015,43.170937,-303.082214,-51.011539,-127.016037,-222.164963,-54.511597,-209.430573,12.914030,-54.337132,-127.305107,181.861938,-53.453873,272.297760,183.306458,-46.103840,356.977478,-50.479969,-46.930187,69.547295,14.013988,-54.882137,81.534454,497.313751,-10.963714
1018,5.090000,105.264297,263.140808,-49.434525,225.896103,-260.387146,-50.460556,43.177288,-303.084503,-51.003178,-127.020699,-222.171371,-54.519341,-209.426407,12.904703,-54.346169,-127.308365,181.859375,-53.454433,272.300812,183.307999,-46.101913,356.978180,-50.485363,-46.927734,69.547600,14.019341,-54.880203,81.529503,497.308197,-10.960262
1019,5.095000,105.270767,263.127045,-49.436440,225.889786,-260.398346,-50.457504,43.168247,-303.088287,-51.007381,-127.021805,-222.168747,-54.515953,-209.427017,12.914150,-54.346561,-127.301903,181.862839,-53.463215,272.301147,183.297241,-46.107433,356.976471,-50.496204,-46.934189,69.548851,14.020741,-54.884071,81.528152,497.304443,-10.969499
1020,5.100000,105.278313,263.126526,-49.442932,225.882889,-260.396790,-50.465511,43.156868,-303.091583,-51.010761,-127.029762,-222.163376,-54.513439,-209.424225,12.916827,-54.347473,-127.290070,181.868179,-53.470394,272.306091,183.283981,-46.110237,356.981110,-50.501827,-46.939491,69.553612,14.009276,-54.880665,81.532150,497.301178,-10.965414
1021,5.105000,105.285011,263.128540,-49.439178,225.880219,-260.404602,-50.469585,43.158028,-303.091064,-51.010868,-127.031578,-222.163177,-54.513515,-209.424637,12.919522,-54.342785,-127.291870,181.866348,-53.457939,272.317291,183.285950,-46.103695,356.973450,-50.511280,-46.945000,69.551422,14.012444,-54.881954,81.529015,497.300079,-10.964970
1022,5.110000,105.284218,263.133728,-49.431961,225.879089,-260.402191,-50.465862,43.165379,-303.083252,-51.003479,-127.030212,-222.157730,-54.514977,-209.429169,12.924417,-54.336273,-127.297058,181.864227,-53.463577,272.315247,183.290039,-46.101715,356.975922,-50.504391,-46.937622,69.545380,14.016520,-54.876469,81.527817,497.300903,-10.963893
1023,5.115000,105.276138,263.139130,-49.423973,225.890427,-260.385834,-50.456944,43.172279,-303.081207,-50.999416,-127.021835,-222.161270,-54.514328,-209.425476,12.922240,-54.348141,-127.296227,181.871521,-53.456924,272.308136,183.303085,-46.099258,356.980072,-50.492661,-46.936195,69.547462,14.022003,-54.878841,81.529144,497.310425,-10.961950
1024,5.120000,105.271103,263.140747,-49.429344,225.890488,-260.378265,-50.473183,43.178703,-303.074951,-50.992481,-127.015617,-222.166519,-54.525497,-209.426163,12.916856,-54.344265,-127.302498,181.874527,-53.467281,272.304840,183.313736,-46.096687,356.980713,-50.481770,-46.922050,69.547089,14.021734,-54.877785,81.531166,497.310883,-10.959661
1025,5.125000,105.263771,263.141541,-49.424309,225.899063,-260.362244,-50.456131,43.181965,-303.071960,-50.995289,-127.021164,-222.160797,-54.517223,-209.428986,12.929967,-54.339390,-127.300385,181.874939,-53.453705,272.299377,183.315628,-46.099438,356.975555,-50.480320,-46.931770,69.553589,14.024771,-54.885479,81.539383,497.315430,-10.954637
1026,5.130000,105.284920,263.152252,-49.439709,225.896378,-260.365906,-50.456692,43.172028,-303.069733,-50.994904,-127.028107,-222.148773,-54.507954,-209.436493,12.933733,-54.330444,-127.299355,181.881104,-53.454884,272.305267,183.311035,-46.109261,356.976746,-50.483021,-46.941696,69.548599,14.026276,-54.876400,81.535713,497.316315,-10.962646
1027,5.135000,105.284760,263.153564,-49.431988,225.888321,-260.369995,-50.459709,43.161808,-303.069946,-51.000809,-127.029228,-222.143631,-54.512665,-209.427780,12.939675,-54.343601,-127.290352,181.886780,-53.451633,272.310883,183.309891,-46.098694,356.974365,-50.482723,-46.932777,69.545448,14.023025,-54.878448,81.531258,497.325256,-10.952824
1028,5.140000,105.285767,263.145569,-49.426014,225.881256,-260.376740,-50.457947,43.156960,-303.072693,-50.996284,-127.029015,-222.142883,-54.511734,-209.425995,12.946469,-54.351192,-127.288414,181.891312,-53.456024,272.320435,183.303406,-46.104275,356.977600,-50.498562,-46.936668,69.552887,14.025208,-54.884258,81.532127,497.318207,-10.953614
1029,5.145000,105.286224,263.141174,-49.430946,225.881500,-260.377716,-50.463451,43.159241,-303.077454,-51.006809,-127.034935,-222.145782,-54.515568,-209.426773,12.938421,-54.350029,-127.289284,181.884171,-53.467709,272.316650,183.300201,-46.102383,356.983154,-50.499470,-46.926094,69.553162,14.022857,-54.886051,81.533073,497.309875,-10.957169
1030,5.150000,105.276169,263.136963,-49.426220,225.882080,-260.390533,-50.470379,43.166893,-303.080902,-50.993298,-127.030685,-222.157928,-54.512192,-209.431900,12.924306,-54.350418,-127.300484,181.876099,-53.459240,272.310608,183.303268,-46.107162,356.974457,-50.492851,-46.936031,69.547989,14.022548,-54.876854,81.528336,497.312378,-10.963716
1031,5.155000,105.261322,263.139069,-49.432125,225.890488,-260.388062,-50.473576,43.181519,-303.079895,-50.993851,-127.026527,-222.163574,-54.521263,-209.432114,12.915713,-54.345642,-127.311188,181.870102,-53.461250,272.299591,183.300980,-46.107750,356.973419,-50.487648,-46.940441,69.548233,14.022663,-54.880886,81.524826,497.310455,-10.967301
1032,5.160000,105.260506,263.135468,-49.439285,225.887466,-260.386139,-50.474724,43.176861,-303.086578,-51.000805,-127.022552,-222.174576,-54.520386,-209.433426,12.908890,-54.350155,-127.311348,181.856247,-53.462494,272.296722,183.303207,-46.102654,356.970856,-50.490746,-46.942566,69.541122,14.021096,-54.881859,81.529678,497.310760,-10.967001
1033,5.165000,105.265991,263.128876,-49.438396,225.889694,-260.392090,-50.460171,43.172569,-303.094391,-51.008633,-127.020836,-222.172836,-54.525543,-209.430740,12.908677,-54.349762,-127.306686,181.856110,-53.462440,272.302765,183.299591,-46.118031,356.972900,-50.490166,-46.936596,69.548645,14.015985,-54.881332,81.525352,497.305420,-10.969050
1034,5.170000,105.277390,263.128357,-49.435726,225.878479,-260.398712,-50.463131,43.163826,-303.087036,-51.003040,-127.025246,-222.166199,-54.518951,-209.426575,12.916883,-54.350208,-127.298233,181.866470,-53.462284,272.312988,183.296173,-46.104092,356.972595,-50.501846,-46.929649,69.549271,14.014162,-54.877251,81.532692,497.309082,-10.971152
1035,5.175000,105.284767,263.137634,-49.428017,225.883606,-260.398010,-50.460815,43.152554,-303.080322,-51.003334,-127.031029,-222.161148,-54.509388,-209.423126,12.928539,-54.329880,-127.289192,181.874588,-53.458576,272.314148,183.294128,-46.107742,356.975372,-50.507965,-46.934895,69.552002,14.017809,-54.877361,81.529007,497.306915,-10.961898
1036,5.180000,105.284874,263.136871,-49.427589,225.888245,-260.392029,-50.469772,43.159615,-303.079285,-51.002689,-127.027931,-222.156906,-54.509621,-209.426697,12.933140,-54.335400,-127.284973,181.874878,-53.457138,272.316833,183.293625,-46.107159,356.979706,-50.502666,-46.942162,69.549522,14.019530,-54.873081,81.530289,497.310547,-10.963152
1037,5.185000,105.280762,263.137177,-49.433468,225.890701,-260.381409,-50.449383,43.166779,-303.074677,-51.000748,-127.027481,-222.159119,-54.511078,-209.423126,12.925064,-54.337002,-127.292473,181.878021,-53.449650,272.312378,183.302032,-46.096558,356.977234,-50.495964,-46.941017,69.551743,14.013949,-54.872536,81.528603,497.308777,-10.964117
1038,5.190000,105.274689,263.144135,-49.427269,225.899078,-260.366730,-50.437721,43.169643,-303.075348,-51.009239,-127.023521,-222.156250,-54.515488,-209.421021,12.922424,-54.339287,-127.294731,181.873596,-53.445534,272.309082,183.308472,-46.096844,356.979553,-50.485863,-46.930004,69.550674,14.010484,-54.882103,81.532745,497.311157,-10.945580
1039,5.195000,105.267250,263.144775,-49.428738,225.900970,-260.360413,-50.437908,43.175037,-303.072144,-50.996513,-127.015915,-222.161484,-54.513199,-209.426407,12.921347,-54.331993,-127.293510,181.870575,-53.445267,272.301910,183.317505,-46.083809,356.980988,-50.475391,-46.915516,69.543106,14.019453,-54.878105,81.532898,497.315430,-10.952348
1040,5.200000,105.269524,263.144409,-49.429745,225.897736,-260.367126,-50.441364,43.175858,-303.071289,-50.998848,-127.019676,-222.155548,-54.512753,-209.427719,12.916204,-54.338608,-127.299011,181.875595,-53.453079,272.302979,183.316086,-46.091599,356.975647,-50.478073,-46.923378,69.549232,14.018796,-54.878910,81.533150,497.312531,-10.950755
1041,5.205000,105.274452,263.141083,-49.434929,225.894073,-260.373352,-50.445293,43.171165,-303.074921,-51.000343,-127.022072,-222.156494,-54.508942,-209.424942,12.924233,-54.343685,-127.295525,181.877029,-53.447586,272.305084,183.305893,-46.100933,356.975830,-50.488537,-46.934601,69.547630,14.013077,-54.879860,81.528549,497.311432,-10.958802
1042,5.210000,105.278473,263.141754,-49.432518,225.884796,-260.387024,-50.471027,43.160469,-303.074860,-50.997044,-127.025337,-222.151016,-54.505760,-209.428131,12.927382,-54.340595,-127.297340,181.879822,-53.453270,272.310883,183.299240,-46.105434,356.973328,-50.500641,-46.937630,69.547379,14.019061,-54.878830,81.526619,497.313263,-10.953171
1043,5.215000,105.282967,263.132416,-49.431786,225.879959,-260.393738,-50.467880,43.160908,-303.080017,-51.004234,-127.026421,-222.152252,-54.509727,-209.432220,12.932296,-54.346359,-127.296295,181.872726,-53.468140,272.311768,183.295547,-46.112820,356.969666,-50.499149,-46.940849,69.555122,14.019320,-54.882607,81.528542,497.312775,-10.958861
1044,5.220000,105.276527,263.135498,-49.434536,225.882370,-260.392029,-50.470795,43.165039,-303.082336,-51.006699,-127.031311,-222.162354,-54.517612,-209.431381,12.924531,-54.355434,-127.294136,181.874374,-53.477829,272.309875,183.296005,-46.107849,356.975708,-50.499718,-46.938004,69.548660,14.028811,-54.878090,81.528000,497.307770,-10.967315
1045,5.225000,105.271172,263.133942,-49.433899,225.883835,-260.394043,-50.479080,43.165459,-303.087494,-51.008984,-127.026749,-222.165436,-54.513966,-209.435730,12.920466,-54.366100,-127.305237,181.863708,-53.477749,272.306427,183.300308,-46.110046,356.973206,-50.492397,-46.942200,69.541595,14.027024,-54.882095,81.528709,497.307648,-10.970066
1046,5.230000,105.260239,263.136261,-49.435005,225.885071,-260.388855,-50.482494,43.177132,-303.097504,-51.004040,-127.022606,-222.167816,-54.518749,-209.431488,12.905458,-54.354439,-127.309593,181.864517,-53.465633,272.295471,183.305206,-46.111645,356.970581,-50.485104,-46.938316,69.545105,14.018808,-54.884563,81.526695,497.305725,-10.967704
1047,5.235000,105.264175,263.137482,-49.429508,225.891113,-260.383179,-50.483139,43.176083,-303.089355,-51.002586,-127.022652,-222.172897,-54.521648,-209.434128,12.915722,-54.345364,-127.313461,181.867661,-53.473934,272.296387,183.306747,-46.107784,356.971191,-50.487438,-46.944851,69.541565,14.025439,-54.884708,81.526695,497.311066,-10.964989
1048,5.240000,105.269882,263.134583,-49.432117,225.884018,-260.382477,-50.473537,43.168499,-303.078094,-50.998486,-127.025711,-222.159393,-54.517452,-209.431244,12.926107,-54.349552,-127.301125,181.873367,-53.464069,272.302277,183.310196,-46.100594,356.972107,-50.490467,-46.939583,69.546539,14.023161,-54.878254,81.532051,497.313812,-10.959654
1049,5.245000,105.276535,263.144043,-49.427608,225.887604,-260.380035,-50.460419,43.164703,-303.078552,-51.014954,-127.032059,-222.150055,-54.513111,-209.426224,12.936353,-54.347321,-127.292526,181.879059,-53.464985,272.313446,183.309311,-46.096905,356.972900,-50.489784,-46.928955,69.551414,14.018147,-54.889359,81.528969,497.313354,-10.959860
1050,5.250000,105.285782,263.142090,-49.419529,225.883942,-260.377319,-50.452106,43.158394,-303.075897,-51.006554,-127.030670,-222.149933,-54.517216,-209.423355,12.940652,-54.338749,-127.286850,181.891861,-53.458611,272.317535,183.302658,-46.100368,356.974243,-50.497051,-46.938686,69.546280,14.023537,-54.884892,81.531067,497.313751,-10.958317
1051,5.255000,105.286758,263.142365,-49.416817,225.890518,-260.368408,-50.452045,43.163696,-303.065369,-51.000763,-127.024757,-222.142441,-54.509422,-209.424652,12.936290,-54.338112,-127.285332,181.884140,-53.456875,272.321289,183.301529,-46.096256,356.978607,-50.490162,-46.932037,69.551888,14.024252,-54.882462,81.531242,497.317749,-10.958547
1052,5.260000,105.277443,263.146973,-49.424786,225.898651,-260.367157,-50.437134,43.172382,-303.068970,-50.998306,-127.022369,-222.155930,-54.504608,-209.427261,12.927286,-54.329685,-127.292725,181.880951,-53.451820,272.309448,183.308029,-46.101643,356.980621,-50.491222,-46.930710,69.552505,14.018323,-54.876999,81.535912,497.311493,-10.952744
1053,5.265000,105.274834,263.138000,-49.424393,225.898926,-260.373260,-50.452469,43.172192,-303.076660,-50.999233,-127.017738,-222.159332,-54.512009,-209.430573,12.924748,-54.334503,-127.299416,181.873856,-53.451241,272.302734,183.307343,-46.101944,356.979889,-50.483292,-46.935860,69.547401,14.013865,-54.876335,81.534790,497.313232,-10.954512
1054,5.270000,105.271400,263.138245,-49.425835,225.898819,-260.376770,-50.456062,43.176937,-303.080322,-50.999592,-127.019974,-222.166550,-54.512253,-209.430359,12.914221,-54.342411,-127.300217,181.861450,-53.455120,272.304657,183.301376,-46.094833,356.973602,-50.485115,-46.929245,69.547394,14.016113,-54.883957,81.533905,497.304840,-10.960292
1055,5.275000,105.271606,263.133392,-49.432980,225.891663,-260.388367,-50.452950,43.167614,-303.089233,-51.002831,-127.026604,-222.167709,-54.518700,-209.428909,12.909126,-54.341335,-127.301559,181.862488,-53.454483,272.300781,183.295944,-46.099197,356.976929,-50.493160,-46.937607,69.549980,14.016505,-54.882442,81.528641,497.309052,-10.966655
1056,5.280000,105.274460,263.130676,-49.431599,225.893631,-260.394745,-50.460167,43.160042,-303.085846,-51.001431,-127.026680,-222.168686,-54.514748,-209.424667,12.919106,-54.340858,-127.294662,181.866470,-53.455845,272.307831,183.289841,-46.110531,356.973846,-50.496861,-46.936859,69.550339,14.016166,-54.887497,81.532623,497.303772,-10.963211
1057,5.285000,105.283852,263.132294,-49.435322,225.884491,-260.401520,-50.473267,43.155182,-303.086853,-51.000408,-127.029854,-222.160721,-54.519382,-209.429352,12.923281,-54.348022,-127.292160,181.867020,-53.459652,272.312897,183.289948,-46.112049,356.978180,-50.510197,-46.944752,69.552818,14.016258,-54.878311,81.525887,497.302338,-10.970034
1058,5.290000,105.279427,263.135864,-49.437439,225.882477,-260.398895,-50.456207,43.159618,-303.086060,-51.005894,-127.030510,-222.162796,-54.517227,-209.418182,12.915772,-54.340820,-127.291504,181.869385,-53.463985,272.317474,183.293396,-46.113850,356.980743,-50.504906,-46.940632,69.557266,14.012975,-54.885674,81.530708,497.300049,-10.967283
1059,5.295000,105.273956,263.133331,-49.429077,225.893387,-260.390015,-50.462807,43.164318,-303.078796,-51.002769,-127.024162,-222.162537,-54.514366,-209.424515,12.918870,-54.339500,-127.292809,181.865936,-53.467361,272.310547,183.294571,-46.107475,356.975830,-50.503502,-46.942196,69.554184,14.015668,-54.887581,81.528244,497.307526,-10.967257
1060,5.300000,105.271423,263.138611,-49.427143,225.891052,-260.386505,-50.464119,43.170399,-303.078339,-51.005016,-127.028168,-222.163284,-54.514713,-209.427185,12.917969,-54.343750,-127.300682,181.867279,-53.455273,272.302765,183.302628,-46.095585,356.972290,-50.491081,-46.932129,69.546036,14.016680,-54.875019,81.531784,497.306183,-10.961737
1061,5.305000,105.268562,263.140503,-49.432518,225.891525,-260.371552,-50.453682,43.173393,-303.079498,-51.004646,-127.018288,-222.159851,-54.516632,-209.429169,12.916876,-54.348900,-127.308708,181.870239,-53.456051,272.297974,183.309036,-46.094398,356.975494,-50.482887,-46.931213,69.548210,14.019723,-54.872906,81.530075,497.319519,-10.960036
1062,5.310000,105.266670,263.149200,-49.427921,225.893951,-260.372375,-50.457932,43.172615,-303.072235,-50.997944,-127.025246,-222.153107,-54.515980,-209.427521,12.926950,-54.338051,-127.301666,181.871460,-53.449318,272.301239,183.310776,-46.100273,356.973572,-50.477753,-46.935726,69.548340,14.016869,-54.878040,81.532578,497.316925,-10.956810
1063,5.315000,105.273659,263.145294,-49.428692,225.891861,-260.377167,-50.457611,43.168575,-303.073242,-51.005951,-127.032013,-222.150818,-54.514091,-209.431885,12.934536,-54.347378,-127.290146,181.881668,-53.453190,272.307220,183.306915,-46.103622,356.973450,-50.486019,-46.937481,69.539688,14.017195,-54.879166,81.528862,497.316620,-10.959720
1064,5.320000,105.279778,263.141174,-49.425426,225.879669,-260.379761,-50.465244,43.162998,-303.072083,-50.998917,-127.027023,-222.141693,-54.516926,-209.432816,12.943784,-54.355011,-127.296539,181.887848,-53.459843,272.312958,183.306366,-46.099663,356.978973,-50.493000,-46.936272,69.542244,14.018221,-54.885014,81.529129,497.316589,-10.957680
1065,5.325000,105.285416,263.142334,-49.425453,225.884644,-260.376160,-50.459438,43.164028,-303.075592,-50.999989,-127.030701,-222.145477,-54.518932,-209.429794,12.942121,-54.357014,-127.293976,181.882843,-53.463814,272.311951,183.302765,-46.096401,356.971649,-50.493549,-46.931580,69.546974,14.021962,-54.881866,81.532616,497.316772,-10.953764
1066,5.330000,105.287270,263.145142,-49.430573,225.878510,-260.381104,-50.467468,43.162655,-303.079651,-50.995640,-127.026840,-222.159012,-54.516426,-209.434357,12.930380,-54.340508,-127.295746,181.878555,-53.464348,272.307373,183.302826,-46.105873,356.976471,-50.492470,-46.939465,69.545563,14.023097,-54.880089,81.530891,497.314697,-10.960605
1067,5.335000,105.273346,263.138458,-49.430649,225.888229,-260.386841,-50.473488,43.170135,-303.084778,-50.998287,-127.023262,-222.163315,-54.519314,-209.428680,12.921008,-54.343525,-127.305748,181.875031,-53.468037,272.308990,183.306915,-46.100700,356.972015,-50.491928,-46.946777,69.547676,14.022601,-54.886307,81.528656,497.312714,-10.968077
1068,5.340000,105.265533,263.137451,-49.433094,225.883698,-260.390503,-50.474979,43.172600,-303.088531,-51.004852,-127.026306,-222.169983,-54.519268,-209.430145,12.913544,-54.340954,-127.307533,181.861374,-53.468876,272.300903,183.305344,-46.109543,356.975983,-50.484985,-46.938614,69.546295,14.024324,-54.883896,81.530197,497.309235,-10.963900
1069,5.345000,105.266098,263.135925,-49.429432,225.888733,-260.389557,-50.478424,43.179028,-303.090393,-51.007072,-127.025764,-222.169968,-54.517899,-209.432373,12.911539,-54.349720,-127.306282,181.864975,-53.473675,272.301819,183.303848,-46.104347,356.972992,-50.490536,-46.933372,69.538925,14.021297,-54.879101,81.527084,497.307983,-10.960999
1070,5.350000,105.271423,263.135101,-49.438190,225.882660,-260.388672,-50.466034,43.166252,-303.087036,-51.004787,-127.026794,-222.165878,-54.516842,-209.432922,12.919282,-54.351948,-127.304688,181.863983,-53.478924,272.306976,183.301468,-46.103664,356.977020,-50.493382,-46.935310,69.550186,14.017866,-54.885185,81.527008,497.310272,-10.962358
1071,5.355000,105.284447,263.134247,-49.432880,225.883499,-260.398346,-50.472393,43.166260,-303.084015,-51.006199,-127.025452,-222.164200,-54.518059,-209.427444,12.925624,-54.348476,-127.300056,181.874725,-53.464363,272.314423,183.297501,-46.111858,356.972321,-50.501003,-46.938705,69.548065,14.017484,-54.881737,81.529411,497.308411,-10.963710
1072,5.360000,105.282356,263.135406,-49.421677,225.881790,-260.392181,-50.469101,43.159218,-303.084839,-51.006393,-127.030167,-222.156219,-54.514072,-209.418304,12.934726,-54.329414,-127.291443,181.876678,-53.459232,272.306458,183.297562,-46.105991,356.973724,-50.501591,-46.942562,69.551941,14.014860,-54.883121,81.528694,497.308685,-10.962745
1073,5.365000,105.280823,263.139679,-49.425667,225.887741,-260.384430,-50.456921,43.165604,-303.080048,-50.998280,-127.025230,-222.152176,-54.505226,-209.425095,12.926722,-54.342377,-127.288864,181.875336,-53.452896,272.316864,183.301147,-46.106838,356.978363,-50.497612,-46.940102,69.551521,14.023451,-54.883400,81.534401,497.309967,-10.960475
1074,5.370000,105.280037,263.141296,-49.416996,225.894455,-260.380402,-50.454582,43.167839,-303.079437,-51.001545,-127.021400,-222.155273,-54.512890,-209.428452,12.923122,-54.346756,-127.293678,181.874878,-53.462345,272.308929,183.302887,-46.094845,356.977814,-50.488758,-46.928051,69.547211,14.014560,-54.882481,81.535202,497.311157,-10.954995
1075,5.375000,105.273003,263.143341,-49.429466,225.895584,-260.369568,-50.453613,43.173794,-303.079834,-51.001110,-127.026306,-222.159653,-54.520397,-209.425812,12.924376,-54.332680,-127.293648,181.873138,-53.450157,272.303192,183.304611,-46.094658,356.979309,-50.487888,-46.928417,69.545235,14.011143,-54.878586,81.533592,497.311737,-10.958726
1076,5.380000,105.271744,263.140747,-49.424976,225.905609,-260.374664,-50.444134,43.173702,-303.075256,-50.999168,-127.019363,-222.160019,-54.516079,-209.424500,12.917981,-54.330750,-127.294991,181.872101,-53.451134,272.303467,183.311737,-46.099457,356.978729,-50.488171,-46.923290,69.550224,14.009010,-54.881813,81.533005,497.313293,-10.950664
1077,5.385000,105.276154,263.144928,-49.424335,225.899750,-260.374603,-50.450249,43.174427,-303.074860,-51.003571,-127.022430,-222.155777,-54.515308,-209.425476,12.926399,-54.332829,-127.295334,181.872467,-53.451927,272.304016,183.306213,-46.095398,356.977478,-50.486755,-46.935257,69.548943,14.017499,-54.879345,81.533379,497.310516,-10.951354
1078,5.390000,105.279129,263.141022,-49.427933,225.888794,-260.383514,-50.459866,43.165154,-303.075226,-51.001640,-127.025711,-222.151321,-54.503487,-209.424713,12.925081,-54.338375,-127.294182,181.877121,-53.448112,272.311798,183.305328,-46.111401,356.977081,-50.489899,-46.931278,69.546776,14.019802,-54.885250,81.533173,497.315308,-10.950550
1079,5.395000,105.282951,263.134583,-49.432274,225.884552,-260.388885,-50.455509,43.162762,-303.077911,-51.008152,-127.026993,-222.155487,-54.511108,-209.424728,12.928752,-54.337555,-127.290161,181.874100,-53.464382,272.314636,183.299255,-46.104607,356.977539,-50.494736,-46.933479,69.551880,14.019436,-54.878265,81.525276,497.305511,-10.955603
1080,5.400000,105.279869,263.135315,-49.431789,225.880951,-260.391083,-50.468063,43.161507,-303.084656,-51.007515,-127.027321,-222.155350,-54.512291,-209.430725,12.921968,-54.352596,-127.290932,181.870255,-53.465469,272.311707,183.292084,-46.115582,356.975403,-50.499084,-46.932938,69.551529,14.018414,-54.885044,81.530945,497.307892,-10.962203
1081,5.405000,105.269829,263.131866,-49.431259,225.885590,-260.396179,-50.462093,43.160679,-303.087219,-51.009048,-127.022995,-222.165558,-54.518223,-209.424210,12.918602,-54.351097,-127.300499,181.870285,-53.469357,272.305725,183.298309,-46.103786,356.974884,-50.493275,-46.931698,69.544067,14.017804,-54.883362,81.529366,497.307587,-10.966245
1082,5.410000,105.262230,263.135223,-49.431824,225.885605,-260.392090,-50.479668,43.174641,-303.086243,-50.998852,-127.028290,-222.169144,-54.514500,-209.428909,12.911364,-54.350983,-127.305496,181.865829,-53.464531,272.303406,183.297211,-46.110870,356.970520,-50.496231,-46.938389,69.539246,14.017082,-54.874638,81.527603,497.303436,-10.963349
1083,5.415000,105.261978,263.133301,-49.432468,225.885574,-260.388580,-50.466499,43.173710,-303.087921,-51.004467,-127.026215,-222.174850,-54.520660,-209.434280,12.912350,-54.346718,-127.313110,181.868942,-53.469246,272.294159,183.309570,-46.099575,356.966797,-50.490387,-46.936222,69.544174,14.024093,-54.877178,81.528679,497.308502,-10.966462
1084,5.420000,105.269196,263.133484,-49.431072,225.887589,-260.381927,-50.470154,43.169418,-303.084564,-50.997604,-127.027420,-222.163589,-54.517689,-209.432129,12.920324,-54.344799,-127.305405,181.871155,-53.458904,272.302338,183.303467,-46.107391,356.970978,-50.490162,-46.940464,69.546967,14.020451,-54.879543,81.527763,497.309021,-10.964513
1085,5.425000,105.271652,263.138672,-49.426899,225.886841,-260.377106,-50.462288,43.164928,-303.080811,-50.997425,-127.027885,-222.153671,-54.517471,-209.434372,12.929200,-54.354134,-127.297417,181.878540,-53.472973,272.311340,183.302002,-46.101444,356.972992,-50.492035,-46.936756,69.548096,14.022723,-54.881023,81.530487,497.312042,-10.960896
1086,5.430000,105.283516,263.142303,-49.427750,225.883667,-260.380493,-50.465759,43.162949,-303.075378,-51.006237,-127.028625,-222.146942,-54.519379,-209.425613,12.933835,-54.344398,-127.292824,181.884018,-53.458992,272.311859,183.304382,-46.109188,356.974823,-50.496414,-46.934010,69.543777,14.021662,-54.883560,81.534584,497.314087,-10.956218
1087,5.435000,105.279823,263.145844,-49.431168,225.888947,-260.378479,-50.462765,43.160027,-303.070953,-51.006367,-127.029869,-222.144958,-54.507965,-209.429123,12.939440,-54.342972,-127.286346,181.890854,-53.459583,272.312378,183.303040,-46.106556,356.981812,-50.493320,-46.931190,69.547333,14.023417,-54.881638,81.530434,497.316864,-10.955548
1088,5.440000,105.277740,263.141083,-49.425877,225.891495,-260.371643,-50.455082,43.171562,-303.076324,-50.990017,-127.029312,-222.149109,-54.506275,-209.423416,12.934234,-54.340927,-127.297058,181.884689,-53.454750,272.313110,183.306915,-46.103695,356.978638,-50.492157,-46.941372,69.548691,14.021393,-54.876717,81.531807,497.315430,-10.955943
1089,5.445000,105.270470,263.141754,-49.426647,225.893982,-260.373901,-50.454041,43.169647,-303.070862,-50.992828,-127.024101,-222.154678,-54.513512,-209.433090,12.924939,-54.346062,-127.300964,181.875061,-53.460495,272.304657,183.310852,-46.098534,356.973877,-50.485981,-46.932987,69.548569,14.016079,-54.883484,81.531570,497.311340,-10.951522
1090,5.450000,105.269966,263.139191,-49.426399,225.891479,-260.374023,-50.460407,43.177864,-303.080261,-51.003956,-127.021942,-222.162384,-54.514389,-209.431198,12.919457,-54.347984,-127.301453,181.868393,-53.460125,272.303162,183.306366,-46.099365,356.969269,-50.487450,-46.932209,69.544632,14.018781,-54.883297,81.533180,497.310089,-10.958061
1091,5.455000,105.275452,263.135315,-49.426426,225.890900,-260.385864,-50.461674,43.177174,-303.083954,-50.998096,-127.021698,-222.163467,-54.515690,-209.431503,12.918224,-54.344093,-127.302139,181.865799,-53.467609,272.303436,183.307846,-46.102489,356.978638,-50.489384,-46.935593,69.549042,14.021361,-54.884335,81.529022,497.306030,-10.955919
1092,5.460000,105.274071,263.136871,-49.434361,225.888367,-260.391693,-50.459316,43.162842,-303.087067,-51.003075,-127.029953,-222.163010,-54.515663,-209.427429,12.916676,-54.340916,-127.298920,181.869003,-53.470078,272.303436,183.298752,-46.103619,356.969421,-50.497147,-46.933552,69.551056,14.016169,-54.878757,81.530678,497.308319,-10.969810
1093,5.465000,105.280930,263.130890,-49.436821,225.886536,-260.394684,-50.462132,43.158443,-303.086395,-51.004498,-127.031281,-222.162842,-54.512547,-209.423233,12.918196,-54.338951,-127.291519,181.867523,-53.467590,272.312042,183.294357,-46.107155,356.978180,-50.502758,-46.940113,69.548080,14.013420,-54.880669,81.527802,497.305145,-10.959584
1094,5.470000,105.282234,263.133545,-49.436146,225.884354,-260.402222,-50.464436,43.165451,-303.086823,-50.996643,-127.023621,-222.165680,-54.516815,-209.425156,12.924934,-54.342426,-127.290039,181.866547,-53.465881,272.310913,183.291962,-46.104229,356.972382,-50.504608,-46.938049,69.553146,14.015769,-54.878033,81.531631,497.303528,-10.964467
1095,5.475000,105.276649,263.134705,-49.430874,225.888367,-260.392151,-50.458019,43.168640,-303.081024,-51.000626,-127.026733,-222.164688,-54.513420,-209.428253,12.926658,-54.342453,-127.291649,181.868057,-53.457336,272.312469,183.295792,-46.102303,356.976776,-50.504063,-46.932728,69.551392,14.021355,-54.879398,81.528976,497.304810,-10.962827
1096,5.480000,105.269928,263.136475,-49.423000,225.888794,-260.384521,-50.448231,43.165691,-303.085052,-51.005951,-127.024696,-222.162476,-54.512886,-209.420853,12.916816,-54.339710,-127.296211,181.862991,-53.453941,272.310547,183.299057,-46.095364,356.973633,-50.493607,-46.928204,69.553139,14.018335,-54.883205,81.527451,497.305481,-10.959332
1097,5.485000,105.267181,263.142029,-49.434055,225.898117,-260.375458,-50.450138,43.172203,-303.079956,-51.002556,-127.021255,-222.160172,-54.512245,-209.434937,12.918392,-54.342457,-127.298447,181.867447,-53.455856,272.302490,183.306213,-46.101334,356.973450,-50.488663,-46.933533,69.548004,14.017825,-54.876705,81.527519,497.306183,-10.959890
1098,5.490000,105.271835,263.142273,-49.429657,225.898880,-260.369904,-50.441963,43.171017,-303.075470,-51.002678,-127.022385,-222.156372,-54.510201,-209.427750,12.916977,-54.348763,-127.301842,181.874298,-53.455170,272.300110,183.308685,-46.100151,356.973450,-50.485023,-46.935684,69.547623,14.019607,-54.876865,81.535500,497.308899,-10.956329
1099,5.495000,105.274147,263.146271,-49.422123,225.887115,-260.374268,-50.452190,43.173569,-303.071136,-50.998962,-127.024681,-222.153641,-54.513191,-209.432495,12.932517,-54.340359,-127.297997,181.876602,-53.457233,272.306641,183.305161,-46.103024,356.975708,-50.487961,-46.936367,69.550453,14.023157,-54.877037,81.534431,497.315460,-10.954933
1100,5.500000,105.275665,263.141968,-49.420094,225.885284,-260.374695,-50.460709,43.163258,-303.076569,-51.006279,-127.025696,-222.142853,-54.510670,-209.423920,12.933295,-54.341816,-127.289055,181.880051,-53.457050,272.310425,183.310471,-46.104397,356.980865,-50.488792,-46.930984,69.556641,14.020135,-54.886951,81.531586,497.313019,-10.953497
1101,5.505000,105.280685,263.135834,-49.430450,225.890732,-260.377502,-50.461288,43.162327,-303.072052,-51.008682,-127.026558,-222.147156,-54.508259,-209.428833,12.932737,-54.341564,-127.289978,181.882477,-53.454830,272.312225,183.298843,-46.103069,356.979279,-50.498180,-46.936451,69.550171,14.021633,-54.877396,81.533104,497.316315,-10.957846
1102,5.510000,105.276360,263.141113,-49.422127,225.884583,-260.381836,-50.462967,43.162910,-303.079010,-51.003017,-127.031151,-222.151169,-54.519199,-209.429199,12.931887,-54.351753,-127.293602,181.878326,-53.456520,272.311066,183.297455,-46.105984,356.972534,-50.502640,-46.939781,69.553345,14.022497,-54.885456,81.536736,497.307831,-10.949490
1103,5.515000,105.274643,263.139404,-49.434422,225.884979,-260.391418,-50.465496,43.170368,-303.083313,-50.999836,-127.025291,-222.159592,-54.518490,-209.430496,12.927242,-54.347988,-127.299789,181.874115,-53.461205,272.307281,183.302444,-46.106838,356.977936,-50.493858,-46.932621,69.545479,14.025004,-54.882175,81.535858,497.312347,-10.955153
1104,5.520000,105.273209,263.137207,-49.432182,225.887802,-260.386108,-50.470890,43.172619,-303.079742,-51.001076,-127.024414,-222.159134,-54.513683,-209.430878,12.918363,-54.346519,-127.306580,181.873550,-53.470337,272.301971,183.299133,-46.113937,356.969604,-50.487877,-46.943707,69.551941,14.021536,-54.880917,81.523384,497.311127,-10.970118
1105,5.525000,105.266052,263.134949,-49.440445,225.886322,-260.387787,-50.475857,43.172287,-303.087738,-51.007149,-127.026588,-222.167252,-54.521805,-209.433990,12.918137,-54.348980,-127.312286,181.868729,-53.464485,272.301239,183.301544,-46.109917,356.976074,-50.486233,-46.936832,69.547012,14.019008,-54.884357,81.525772,497.305847,-10.973358
1106,5.530000,105.265068,263.138550,-49.435501,225.885208,-260.394684,-50.472668,43.174870,-303.090454,-51.002972,-127.026215,-222.162186,-54.520584,-209.432816,12.917590,-54.355759,-127.308235,181.869186,-53.469131,272.303406,183.300339,-46.106533,356.973053,-50.496738,-46.939598,69.548035,14.023511,-54.882915,81.527893,497.303802,-10.963823
1107,5.535000,105.271507,263.136078,-49.430973,225.883224,-260.391174,-50.467964,43.172035,-303.085114,-50.999229,-127.024055,-222.162186,-54.509094,-209.431793,12.920775,-54.356823,-127.304451,181.870026,-53.467487,272.306915,183.299210,-46.105412,356.978729,-50.489544,-46.942009,69.548523,14.020750,-54.882622,81.526642,497.305573,-10.963594
1108,5.540000,105.279198,263.136688,-49.430275,225.880951,-260.393555,-50.473156,43.159088,-303.079529,-51.006458,-127.029282,-222.155014,-54.515919,-209.429367,12.928663,-54.344917,-127.300201,181.874054,-53.460018,272.312653,183.297668,-46.108494,356.977325,-50.499992,-46.939423,69.547783,14.018586,-54.879654,81.529137,497.311310,-10.958323
1109,5.545000,105.283241,263.136261,-49.437328,225.886978,-260.388733,-50.454334,43.164383,-303.082397,-51.004597,-127.032516,-222.155228,-54.520092,-209.430557,12.927019,-54.343380,-127.292709,181.875900,-53.461903,272.313446,183.300171,-46.104652,356.981018,-50.496639,-46.938652,69.548210,14.015972,-54.886074,81.530197,497.312927,-10.965725
1110,5.550000,105.273224,263.139313,-49.420452,225.893112,-260.377258,-50.457027,43.167938,-303.078156,-51.000870,-127.026527,-222.152573,-54.513489,-209.423492,12.926122,-54.338165,-127.296341,181.876175,-53.458759,272.307190,183.303284,-46.102695,356.976929,-50.492382,-46.925278,69.551758,14.015189,-54.877552,81.534180,497.309479,-10.958366
1111,5.555000,105.273880,263.143585,-49.421234,225.896347,-260.379669,-50.453617,43.169224,-303.078156,-51.001053,-127.022820,-222.154449,-54.508942,-209.424347,12.926771,-54.339836,-127.291901,181.871552,-53.449181,272.307587,183.310989,-46.102100,356.973450,-50.487164,-46.931496,69.546158,14.013948,-54.881390,81.536018,497.311432,-10.952837
1112,5.560000,105.267761,263.147888,-49.428715,225.896194,-260.369171,-50.444500,43.173992,-303.074097,-50.999275,-127.025841,-222.159378,-54.512493,-209.426498,12.921374,-54.333561,-127.296570,181.875351,-53.451878,272.305176,183.308746,-46.098660,356.974854,-50.484848,-46.926998,69.548119,14.011842,-54.887409,81.534737,497.312775,-10.950406
1113,5.565000,105.275772,263.138947,-49.426071,225.894943,-260.372467,-50.443417,43.173820,-303.074677,-51.000854,-127.021614,-222.157120,-54.509651,-209.428543,12.924067,-54.338600,-127.297951,181.873123,-53.460548,272.302490,183.309937,-46.091724,356.979889,-50.480503,-46.927410,69.545433,14.015402,-54.879868,81.532784,497.307373,-10.954208
1114,5.570000,105.271713,263.143433,-49.427605,225.896286,-260.374023,-50.444050,43.171181,-303.081543,-51.007126,-127.027779,-222.156128,-54.511070,-209.427231,12.928902,-54.338310,-127.294273,181.875992,-53.443241,272.312012,183.307175,-46.101681,356.976257,-50.489841,-46.933727,69.548592,14.015095,-54.881592,81.530548,497.311798,-10.960933
1115,5.575000,105.281822,263.133362,-49.423256,225.889755,-260.382355,-50.456688,43.164291,-303.074493,-50.998611,-127.025620,-222.151398,-54.510464,-209.423096,12.926375,-54.331623,-127.293434,181.873703,-53.462990,272.311676,183.300842,-46.105652,356.977722,-50.494778,-46.927975,69.553024,14.015153,-54.883400,81.528633,497.309998,-10.956181
1116,5.580000,105.281456,263.138580,-49.435432,225.890640,-260.386444,-50.455620,43.158295,-303.081360,-51.003159,-127.026634,-222.162048,-54.512100,-209.425705,12.927122,-54.339756,-127.288162,181.875244,-53.456314,272.312286,183.301987,-46.103874,356.978119,-50.494511,-46.929844,69.549957,14.018208,-54.877407,81.533501,497.311523,-10.955977
1117,5.585000,105.281044,263.131744,-49.426762,225.882858,-260.393036,-50.467411,43.166492,-303.082672,-51.005989,-127.024727,-222.167023,-54.527069,-209.426376,12.921917,-54.344368,-127.300354,181.868332,-53.464741,272.311340,183.296814,-46.104660,356.974945,-50.497765,-46.932861,69.556007,14.016058,-54.889359,81.529366,497.302338,-10.956879
1118,5.590000,105.270752,263.132660,-49.429840,225.888412,-260.389832,-50.464119,43.169300,-303.088684,-50.999355,-127.026649,-222.166519,-54.517883,-209.430527,12.919977,-54.340919,-127.303574,181.868179,-53.462749,272.302704,183.300735,-46.102634,356.973206,-50.498436,-46.931221,69.546692,14.025343,-54.879856,81.530128,497.303772,-10.965440
1119,5.595000,105.269669,263.133575,-49.435776,225.887558,-260.392395,-50.472279,43.170551,-303.085754,-51.006660,-127.023117,-222.165756,-54.514736,-209.432281,12.913360,-54.352222,-127.308220,181.864700,-53.469837,272.303986,183.298752,-46.110611,356.976746,-50.490078,-46.935234,69.544090,14.022079,-54.879208,81.531387,497.310059,-10.964182
1120,5.600000,105.273766,263.136475,-49.427235,225.886505,-260.389435,-50.473911,43.176174,-303.086548,-51.003727,-127.021538,-222.163849,-54.512791,-209.431915,12.917165,-54.339378,-127.305046,181.874146,-53.460979,272.304626,183.306992,-46.108955,356.970123,-50.484196,-46.938263,69.538605,14.021908,-54.881016,81.526039,497.307495,-10.961599
1121,5.605000,105.273712,263.140625,-49.430256,225.888794,-260.381775,-50.472404,43.165916,-303.079956,-51.005238,-127.024872,-222.159546,-54.519894,-209.429108,12.924541,-54.341793,-127.296997,181.875000,-53.463898,272.303986,183.305008,-46.104225,356.978333,-50.491096,-46.941803,69.553146,14.019271,-54.875874,81.527855,497.315308,-10.963764
1122,5.610000,105.277611,263.139679,-49.427822,225.884995,-260.378693,-50.460983,43.162781,-303.078339,-51.003998,-127.029137,-222.156067,-54.519112,-209.427094,12.931810,-54.349171,-127.297432,181.876358,-53.463455,272.312408,183.305405,-46.109367,356.976929,-50.496582,-46.936390,69.552261,14.023750,-54.877251,81.532326,497.313293,-10.955626
1123,5.615000,105.277145,263.147003,-49.427910,225.880783,-260.383789,-50.471733,43.165462,-303.075104,-50.996323,-127.024712,-222.149994,-54.508404,-209.432327,12.935193,-54.348064,-127.289864,181.884262,-53.459969,272.314301,183.303558,-46.107010,356.977112,-50.497498,-46.938007,69.553467,14.022072,-54.884117,81.534004,497.316101,-10.958030
1124,5.620000,105.279816,263.144806,-49.430511,225.890167,-260.376038,-50.465034,43.164097,-303.072998,-50.997387,-127.030838,-222.150314,-54.513741,-209.430191,12.937503,-54.344494,-127.289566,181.881165,-53.456497,272.314484,183.307800,-46.102955,356.978912,-50.491035,-46.938076,69.545952,14.018087,-54.879471,81.536575,497.315857,-10.953156
1125,5.625000,105.276077,263.143585,-49.423672,225.887192,-260.373718,-50.463970,43.169743,-303.074585,-50.995888,-127.023491,-222.152451,-54.511780,-209.426895,12.928927,-54.342346,-127.298683,181.882065,-53.459183,272.307770,183.306076,-46.100224,356.974609,-50.492844,-46.938763,69.550194,14.025063,-54.884228,81.531746,497.313080,-10.959543
1126,5.630000,105.273697,263.142120,-49.429543,225.888321,-260.374695,-50.464668,43.167686,-303.075592,-50.996830,-127.026260,-222.155518,-54.520279,-209.429474,12.928787,-54.340141,-127.304581,181.874771,-53.463127,272.304443,183.312851,-46.104027,356.974854,-50.487991,-46.936531,69.544975,14.019760,-54.880436,81.532784,497.314972,-10.957779
1127,5.635000,105.272217,263.139008,-49.427593,225.893982,-260.386017,-50.454430,43.169342,-303.081757,-51.002121,-127.027794,-222.163773,-54.515278,-209.428131,12.920808,-54.336479,-127.303299,181.872803,-53.460117,272.301025,183.304459,-46.102966,356.977264,-50.487415,-46.936359,69.547318,14.012096,-54.887749,81.533600,497.309845,-10.955091
1128,5.640000,105.271095,263.135620,-49.437523,225.889099,-260.381195,-50.458664,43.172707,-303.081207,-51.003723,-127.023537,-222.159180,-54.512085,-209.433472,12.918318,-54.344170,-127.302124,181.866638,-53.463089,272.303650,183.300995,-46.105202,356.975708,-50.492973,-46.943123,69.557358,14.017817,-54.889908,81.529167,497.306030,-10.963588
1129,5.645000,105.276741,263.136078,-49.434349,225.887619,-260.390259,-50.454899,43.163490,-303.090485,-51.008492,-127.028030,-222.161804,-54.515957,-209.434570,12.920916,-54.341679,-127.304062,181.873337,-53.463718,272.306793,183.302612,-46.104538,356.971741,-50.497501,-46.939274,69.552261,14.029170,-54.878380,81.535004,497.306580,-10.956308
1130,5.650000,105.281044,263.131256,-49.435329,225.880646,-260.399963,-50.475662,43.166832,-303.084534,-50.996914,-127.028122,-222.163925,-54.516968,-209.426834,12.923111,-54.343281,-127.295929,181.866516,-53.461311,272.306915,183.295074,-46.107109,356.976227,-50.501560,-46.935688,69.545753,14.018807,-54.878880,81.524567,497.306305,-10.963720
1131,5.655000,105.275269,263.130035,-49.430611,225.879395,-260.396515,-50.471138,43.168343,-303.083588,-51.004284,-127.029266,-222.162674,-54.513008,-209.424927,12.926337,-54.343597,-127.297821,181.869919,-53.469532,272.309570,183.294800,-46.113503,356.971405,-50.501366,-46.942425,69.549904,14.014737,-54.883934,81.523201,497.302612,-10.965399
1132,5.660000,105.275208,263.132080,-49.435825,225.890442,-260.396973,-50.465679,43.168961,-303.081177,-51.002964,-127.023026,-222.166153,-54.514584,-209.425323,12.919534,-54.343536,-127.302330,181.871796,-53.468449,272.308990,183.300797,-46.108944,356.979248,-50.495361,-46.936077,69.551590,14.015290,-54.876205,81.528168,497.308258,-10.962153
1133,5.665000,105.270523,263.136871,-49.433804,225.891861,-260.386780,-50.463902,43.170418,-303.078796,-51.009365,-127.020599,-222.159119,-54.517376,-209.430664,12.917912,-54.346344,-127.297340,181.871353,-53.458187,272.305542,183.305405,-46.105030,356.977386,-50.492390,-46.936844,69.554535,14.017940,-54.876465,81.531929,497.307922,-10.956910
1134,5.670000,105.266258,263.136780,-49.434189,225.898178,-260.373077,-50.445133,43.171146,-303.078979,-51.004066,-127.022118,-222.160690,-54.507942,-209.426178,12.920790,-54.339233,-127.300468,181.871674,-53.454002,272.304810,183.309021,-46.105434,356.974274,-50.486252,-46.940033,69.550194,14.017999,-54.879128,81.530151,497.311371,-10.965287
1135,5.675000,105.270126,263.146149,-49.426792,225.893341,-260.370026,-50.449409,43.169704,-303.076477,-51.001572,-127.024010,-222.155869,-54.511482,-209.426376,12.925944,-54.335461,-127.299355,181.878387,-53.451942,272.301910,183.305832,-46.102581,356.970917,-50.491154,-46.932590,69.541023,14.014733,-54.876797,81.528648,497.314331,-10.952722
1136,5.680000,105.278450,263.139252,-49.429527,225.894440,-260.375427,-50.452606,43.169449,-303.075897,-51.003277,-127.025917,-222.154114,-54.514908,-209.421738,12.927631,-54.342190,-127.295227,181.877640,-53.456715,272.310242,183.306763,-46.106236,356.974823,-50.492470,-46.933887,69.554451,14.012846,-54.884190,81.530724,497.313354,-10.957112
1137,5.685000,105.281837,263.140839,-49.429367,225.887451,-260.378998,-50.456753,43.166889,-303.069153,-50.990807,-127.027702,-222.147797,-54.510918,-209.427246,12.930608,-54.342190,-127.294052,181.883255,-53.455585,272.316956,183.302322,-46.098797,356.975983,-50.494102,-46.937794,69.547142,14.020952,-54.883495,81.534721,497.311066,-10.958076
1138,5.690000,105.281113,263.143036,-49.427814,225.885925,-260.380493,-50.458355,43.159904,-303.075928,-51.005005,-127.031860,-222.148575,-54.515289,-209.424667,12.935192,-54.346123,-127.297279,181.880447,-53.461926,272.317413,183.306778,-46.105804,356.980377,-50.495541,-46.944439,69.550041,14.023637,-54.880901,81.528259,497.311676,-10.960225
1139,5.695000,105.276817,263.141357,-49.428013,225.888260,-260.382782,-50.458202,43.166035,-303.075562,-51.003017,-127.027275,-222.157455,-54.519569,-209.426636,12.925635,-54.345673,-127.299149,181.874115,-53.463310,272.311310,183.301804,-46.104473,356.975464,-50.494228,-46.935333,69.548592,14.023545,-54.881557,81.533905,497.310669,-10.960581
1140,5.700000,105.267548,263.134430,-49.433250,225.886658,-260.387726,-50.474796,43.171329,-303.081177,-51.005814,-127.027824,-222.160812,-54.517223,-209.435486,12.922928,-54.343433,-127.308365,181.872726,-53.465294,272.306519,183.306458,-46.102001,356.973633,-50.490276,-46.935425,69.550346,14.020542,-54.890850,81.530907,497.309052,-10.953629
1141,5.705000,105.268944,263.137115,-49.432404,225.888306,-260.387543,-50.471149,43.171909,-303.083221,-51.005859,-127.022964,-222.165604,-54.526791,-209.434189,12.915438,-54.349327,-127.302322,181.870407,-53.462818,272.299316,183.303879,-46.110825,356.981903,-50.489738,-46.928780,69.547340,14.018465,-54.880920,81.529243,497.309479,-10.957557
1142,5.710000,105.274193,263.129852,-49.434574,225.882706,-260.389374,-50.472919,43.173458,-303.082764,-50.999550,-127.024826,-222.158691,-54.518707,-209.430649,12.917428,-54.344780,-127.302605,181.871445,-53.466820,272.304993,183.299820,-46.108131,356.973297,-50.490273,-46.937767,69.547127,14.016503,-54.881332,81.530312,497.305176,-10.959897
1143,5.715000,105.269539,263.134216,-49.431522,225.888153,-260.392883,-50.473259,43.167286,-303.090912,-51.003448,-127.025444,-222.163803,-54.519573,-209.434158,12.919140,-54.353588,-127.300766,181.871124,-53.468208,272.305115,183.296082,-46.102596,356.976562,-50.495064,-46.935062,69.549767,14.017390,-54.883984,81.526871,497.303986,-10.963081
1144,5.720000,105.276848,263.137421,-49.436222,225.885529,-260.386932,-50.475079,43.163921,-303.080627,-51.005951,-127.025963,-222.161667,-54.514122,-209.430664,12.927757,-54.342831,-127.301498,181.875168,-53.465408,272.308044,183.303391,-46.112354,356.975983,-50.498108,-46.936497,69.547905,14.018775,-54.879890,81.530899,497.307281,-10.952255
1145,5.725000,105.280983,263.135132,-49.436836,225.891403,-260.386627,-50.457653,43.166332,-303.078369,-51.003342,-127.032501,-222.156357,-54.518063,-209.430405,12.923492,-54.332897,-127.295601,181.876678,-53.463284,272.315002,183.298599,-46.099445,356.972198,-50.495209,-46.931332,69.544724,14.028967,-54.882427,81.533272,497.308655,-10.963658
1146,5.730000,105.274117,263.140106,-49.430611,225.884628,-260.379089,-50.461994,43.165279,-303.081665,-51.008892,-127.028091,-222.150360,-54.509079,-209.428207,12.932914,-54.343124,-127.293228,181.877686,-53.455429,272.308807,183.299301,-46.103981,356.979431,-50.497032,-46.937557,69.553123,14.018899,-54.880600,81.532021,497.310028,-10.959687
1147,5.735000,105.275749,263.140015,-49.426006,225.892166,-260.380096,-50.454632,43.168995,-303.077332,-51.009552,-127.025497,-222.159225,-54.509987,-209.426025,12.930246,-54.342697,-127.298775,181.879044,-53.456524,272.308655,183.306168,-46.114697,356.977173,-50.491253,-46.933308,69.552925,14.023733,-54.882702,81.530113,497.313599,-10.956403
1148,5.740000,105.272408,263.140656,-49.429203,225.890640,-260.375031,-50.453957,43.169910,-303.076324,-51.000072,-127.025291,-222.155334,-54.513279,-209.425766,12.922344,-54.333042,-127.294075,181.876358,-53.457424,272.308472,183.307388,-46.101837,356.971252,-50.488892,-46.928177,69.547363,14.015565,-54.880863,81.531212,497.311798,-10.951287
1149,5.745000,105.267876,263.145020,-49.423294,225.896942,-260.368561,-50.453339,43.173111,-303.073029,-50.995392,-127.019989,-222.160568,-54.512413,-209.425034,12.922875,-54.337040,-127.295586,181.875961,-53.448719,272.303619,183.311310,-46.101158,356.975220,-50.486095,-46.929863,69.550598,14.014851,-54.879509,81.532616,497.311554,-10.956230
1150,5.750000,105.277184,263.147308,-49.434834,225.892029,-260.376770,-50.456234,43.165043,-303.074402,-50.998569,-127.022934,-222.158417,-54.514816,-209.424408,12.932250,-54.344421,-127.295959,181.877945,-53.456291,272.307953,183.307114,-46.101521,356.976746,-50.490238,-46.936405,69.546867,14.020802,-54.874416,81.529205,497.312561,-10.955472
1151,5.755000,105.280914,263.136627,-49.425709,225.888092,-260.385193,-50.462738,43.170513,-303.078033,-50.997562,-127.025764,-222.153259,-54.508980,-209.427109,12.929841,-54.336472,-127.290352,181.872635,-53.458115,272.311066,183.302719,-46.105572,356.980682,-50.494465,-46.934727,69.547516,14.014674,-54.887772,81.534409,497.310608,-10.958492
1152,5.760000,105.284729,263.139221,-49.419594,225.890442,-260.387360,-50.466801,43.161388,-303.081818,-51.008202,-127.032761,-222.154526,-54.510048,-209.426468,12.929541,-54.336109,-127.292068,181.872375,-53.460838,272.312042,183.302933,-46.104961,356.979584,-50.499809,-46.936829,69.557678,14.017688,-54.878967,81.529755,497.306458,-10.960711
1153,5.765000,105.279686,263.137054,-49.431950,225.883438,-260.393860,-50.468853,43.163757,-303.082825,-51.000351,-127.027748,-222.156479,-54.517136,-209.428711,12.918193,-54.338924,-127.300903,181.870590,-53.462582,272.307037,183.298569,-46.115253,356.974609,-50.494568,-46.933285,69.554085,14.021882,-54.874702,81.532028,497.308899,-10.962621
1154,5.770000,105.272865,263.131439,-49.435001,225.885300,-260.391602,-50.467815,43.167728,-303.079590,-51.000858,-127.020599,-222.162811,-54.519482,-209.430176,12.921917,-54.340614,-127.298561,181.866714,-53.455986,272.305176,183.300415,-46.110821,356.972351,-50.495895,-46.939293,69.549667,14.016635,-54.879910,81.530899,497.307068,-10.961246
1155,5.775000,105.271721,263.137024,-49.430897,225.883499,-260.391113,-50.477932,43.164993,-303.085327,-50.999252,-127.023743,-222.171097,-54.517223,-209.429138,12.915992,-54.345028,-127.301422,181.865753,-53.466553,272.302124,183.299454,-46.109657,356.973022,-50.494789,-46.938839,69.546326,14.018121,-54.886578,81.527245,497.306122,-10.966741
1156,5.780000,105.270569,263.137543,-49.430130,225.890976,-260.390198,-50.476231,43.174679,-303.084686,-50.999470,-127.026054,-222.166260,-54.513298,-209.430801,12.916013,-54.341949,-127.299263,181.867599,-53.465122,272.305420,183.298508,-46.107704,356.974670,-50.488708,-46.938328,69.551628,14.017674,-54.883537,81.527519,497.307434,-10.964349
1157,5.785000,105.265587,263.138458,-49.426739,225.888229,-260.383514,-50.461884,43.170612,-303.085144,-51.006191,-127.024681,-222.161301,-54.513062,-209.428329,12.921469,-54.349693,-127.306389,181.870438,-53.464306,272.304688,183.296738,-46.107159,356.974609,-50.493122,-46.940788,69.551682,14.022788,-54.880749,81.532440,497.303833,-10.958541
1158,5.790000,105.274361,263.136261,-49.434006,225.892365,-260.383240,-50.462715,43.171543,-303.079254,-50.995064,-127.027214,-222.153915,-54.510273,-209.427155,12.929372,-54.341213,-127.297699,181.875443,-53.456314,272.310150,183.301117,-46.108360,356.974548,-50.493916,-46.936943,69.548058,14.024813,-54.876621,81.530586,497.308167,-10.959637
1159,5.795000,105.276566,263.142609,-49.424385,225.885834,-260.383240,-50.456612,43.164162,-303.077637,-51.006649,-127.028374,-222.147934,-54.510895,-209.428360,12.929098,-54.336262,-127.299469,181.878525,-53.460659,272.310150,183.302719,-46.110725,356.974854,-50.492489,-46.938339,69.548386,14.021008,-54.881359,81.532547,497.312134,-10.954106
1160,5.800000,105.276901,263.138184,-49.426491,225.882721,-260.374054,-50.462708,43.166004,-303.077240,-51.001312,-127.025963,-222.150223,-54.511715,-209.428040,12.937611,-54.338657,-127.294991,181.881424,-53.458397,272.312347,183.301498,-46.100563,356.978882,-50.490097,-46.928364,69.550369,14.022709,-54.881172,81.532234,497.316864,-10.962175
1161,5.805000,105.276741,263.139008,-49.430767,225.888123,-260.377258,-50.457035,43.167210,-303.074280,-50.995808,-127.028603,-222.150223,-54.511417,-209.428650,12.929759,-54.348427,-127.297043,181.882385,-53.459591,272.312317,183.308945,-46.098228,356.976898,-50.490501,-46.940414,69.549171,14.016710,-54.886585,81.532860,497.314819,-10.960365
1162,5.810000,105.273170,263.149170,-49.439465,225.890793,-260.373749,-50.459038,43.167820,-303.072723,-50.999355,-127.026436,-222.158112,-54.508308,-209.427902,12.929619,-54.344231,-127.294434,181.879257,-53.454510,272.307648,183.300964,-46.100533,356.976166,-50.491158,-46.929516,69.548447,14.014730,-54.893669,81.531715,497.314850,-10.957365
1163,5.815000,105.269417,263.141357,-49.422062,225.889740,-260.380310,-50.457294,43.174328,-303.077911,-50.998718,-127.024147,-222.156479,-54.513824,-209.430771,12.924863,-54.340412,-127.297371,181.868591,-53.458332,272.301605,183.307343,-46.099522,356.976868,-50.486794,-46.926464,69.547020,14.019630,-54.876125,81.533005,497.309143,-10.958727
1164,5.820000,105.270325,263.139587,-49.432442,225.886444,-260.382843,-50.469635,43.172413,-303.083130,-51.005379,-127.022476,-222.164551,-54.523838,-209.430878,12.918746,-54.355286,-127.299309,181.870544,-53.457977,272.305634,183.307098,-46.101429,356.972046,-50.487938,-46.929268,69.549927,14.020204,-54.884686,81.527351,497.310913,-10.957792
1165,5.825000,105.270050,263.135925,-49.432499,225.885880,-260.384064,-50.458984,43.165810,-303.085999,-51.006752,-127.020821,-222.161240,-54.517002,-209.429276,12.921144,-54.344677,-127.299995,181.872787,-53.454914,272.306854,183.302032,-46.098843,356.975922,-50.487839,-46.934093,69.553802,14.019943,-54.882881,81.530029,497.308289,-10.955626
1166,5.830000,105.280197,263.131805,-49.431389,225.882996,-260.389191,-50.463039,43.171425,-303.085632,-50.999413,-127.027168,-222.157135,-54.509819,-209.424622,12.920762,-54.347263,-127.295242,181.866928,-53.462227,272.304321,183.297348,-46.102150,356.977570,-50.496639,-46.933361,69.549294,14.025474,-54.877216,81.530739,497.307312,-10.964617
1167,5.835000,105.280365,263.135925,-49.439377,225.889343,-260.389832,-50.460590,43.166447,-303.085632,-51.001335,-127.026558,-222.161713,-54.512253,-209.425949,12.920549,-54.344734,-127.298203,181.872818,-53.462967,272.309845,183.295761,-46.106750,356.976135,-50.500172,-46.934364,69.554825,14.020129,-54.880825,81.527809,497.305847,-10.959358
1168,5.840000,105.271667,263.131378,-49.431110,225.882782,-260.394073,-50.466591,43.169079,-303.085266,-51.002293,-127.025444,-222.158508,-54.512741,-209.425156,12.921354,-54.346401,-127.297935,181.869858,-53.454037,272.306885,183.297989,-46.108196,356.976257,-50.499889,-46.934402,69.547699,14.011090,-54.880360,81.532715,497.305573,-10.965384
1169,5.845000,105.277573,263.133789,-49.443367,225.894516,-260.385284,-50.460770,43.165211,-303.084290,-51.006908,-127.025383,-222.158997,-54.513565,-209.432693,12.920732,-54.342232,-127.295540,181.869827,-53.456673,272.307098,183.297607,-46.097252,356.977295,-50.496975,-46.940033,69.550919,14.016726,-54.878990,81.531143,497.306519,-10.957059
1170,5.850000,105.271225,263.138733,-49.429558,225.890625,-260.384338,-50.457859,43.170025,-303.079926,-51.000477,-127.023788,-222.162323,-54.515793,-209.430817,12.920490,-54.341000,-127.300110,181.867371,-53.455349,272.307983,183.305817,-46.097412,356.970642,-50.493290,-46.930531,69.552017,14.016291,-54.876896,81.529541,497.311676,-10.952335
1171,5.855000,105.266647,263.140930,-49.424675,225.894119,-260.375610,-50.449032,43.172241,-303.079224,-50.998703,-127.020103,-222.161285,-54.509621,-209.424530,12.922471,-54.335300,-127.294418,181.869293,-53.451416,272.303162,183.310242,-46.100224,356.977997,-50.487408,-46.932762,69.550232,14.016271,-54.889645,81.531441,497.312469,-10.954282
1172,5.860000,105.278069,263.142731,-49.426167,225.894150,-260.371582,-50.457829,43.169632,-303.075684,-51.002541,-127.024651,-222.151398,-54.506863,-209.425842,12.926306,-54.337696,-127.290901,181.874771,-53.451138,272.306671,183.303192,-46.101906,356.975220,-50.489586,-46.936871,69.547752,14.023191,-54.874981,81.528625,497.310455,-10.956382
1173,5.865000,105.277534,263.140381,-49.429817,225.894333,-260.371521,-50.451546,43.171970,-303.071136,-50.996880,-127.027618,-222.156662,-54.515507,-209.428650,12.930169,-54.340260,-127.295944,181.878265,-53.460960,272.315552,183.302170,-46.101326,356.976990,-50.496731,-46.931732,69.551376,14.021615,-54.880859,81.529335,497.315491,-10.961629
1174,5.870000,105.281860,263.143677,-49.428703,225.887604,-260.377686,-50.460594,43.161289,-303.077057,-51.004654,-127.026512,-222.148941,-54.511051,-209.423248,12.933320,-54.334400,-127.293022,181.879074,-53.457619,272.310303,183.302109,-46.103722,356.973969,-50.498226,-46.937798,69.546028,14.019048,-54.886421,81.528580,497.313629,-10.960619
1175,5.875000,105.277802,263.141418,-49.428837,225.887741,-260.379608,-50.452305,43.165234,-303.075928,-51.000988,-127.028122,-222.151245,-54.508419,-209.429153,12.929169,-54.341110,-127.293961,181.878632,-53.457424,272.309784,183.306107,-46.099911,356.974304,-50.488106,-46.930214,69.541771,14.026051,-54.880978,81.531403,497.316101,-10.960869
1176,5.880000,105.275902,263.137054,-49.426758,225.885376,-260.382874,-50.465034,43.169334,-303.074341,-51.002373,-127.026405,-222.156128,-54.511250,-209.434937,12.926314,-54.342003,-127.298042,181.868317,-53.462093,272.308228,183.308044,-46.110386,356.979614,-50.494701,-46.944599,69.545074,14.020502,-54.884762,81.529999,497.308197,-10.963222
1177,5.885000,105.270660,263.139923,-49.433205,225.885117,-260.386993,-50.470177,43.167156,-303.084167,-51.000481,-127.024712,-222.158981,-54.520218,-209.433487,12.921002,-54.346951,-127.303886,181.872055,-53.462196,272.305939,183.303024,-46.111324,356.975525,-50.493992,-46.934971,69.544189,14.024601,-54.876606,81.529099,497.305908,-10.965024
1178,5.890000,105.266212,263.132843,-49.439388,225.886154,-260.388153,-50.472450,43.172981,-303.084656,-51.001766,-127.026199,-222.165176,-54.521446,-209.432510,12.920650,-54.344833,-127.308533,181.871490,-53.460575,272.302704,183.302811,-46.107872,356.973785,-50.491154,-46.941166,69.544739,14.023465,-54.879761,81.533035,497.307709,-10.954967
1179,5.895000,105.269501,263.135529,-49.439640,225.884689,-260.390747,-50.472946,43.169968,-303.086731,-51.001888,-127.024490,-222.164978,-54.521717,-209.435852,12.919378,-54.351559,-127.300125,181.867798,-53.465023,272.304565,183.303970,-46.104134,356.977692,-50.494209,-46.935772,69.544273,14.018786,-54.881676,81.526649,497.311096,-10.966985
1180,5.900000,105.271873,263.131378,-49.435745,225.886810,-260.395142,-50.472198,43.165909,-303.085205,-51.001896,-127.026634,-222.163986,-54.513058,-209.429199,12.921079,-54.359211,-127.299667,181.876266,-53.462009,272.306946,183.301849,-46.107174,356.975891,-50.497021,-46.940907,69.547150,14.018729,-54.886650,81.532181,497.306732,-10.962942
1181,5.905000,105.278236,263.135315,-49.434895,225.886902,-260.392151,-50.464520,43.165024,-303.080719,-50.999233,-127.024185,-222.163116,-54.518719,-209.426834,12.928219,-54.350014,-127.294807,181.871109,-53.460442,272.311554,183.294022,-46.096184,356.973999,-50.500927,-46.927929,69.550835,14.017789,-54.880772,81.525475,497.306793,-10.960133
1182,5.910000,105.277512,263.137756,-49.432602,225.886047,-260.388306,-50.463642,43.162090,-303.079132,-50.998974,-127.021851,-222.152847,-54.514500,-209.429794,12.931700,-54.337601,-127.295166,181.873474,-53.460854,272.310913,183.301498,-46.107483,356.974457,-50.496571,-46.935867,69.553215,14.016624,-54.880577,81.536179,497.308105,-10.955030
1183,5.915000,105.277161,263.136475,-49.432377,225.886063,-260.385315,-50.460831,43.165443,-303.078491,-50.999748,-127.025414,-222.156021,-54.517361,-209.424316,12.929543,-54.347275,-127.295120,181.873199,-53.452091,272.310181,183.305756,-46.108627,356.974152,-50.495491,-46.937214,69.546127,14.020510,-54.884499,81.535446,497.308136,-10.957285
1184,5.920000,105.270576,263.140228,-49.432621,225.892868,-260.375458,-50.456985,43.170856,-303.073853,-50.996971,-127.021210,-222.156967,-54.511597,-209.432434,12.931590,-54.338764,-127.300919,181.873978,-53.455616,272.305847,183.307098,-46.101971,356.974152,-50.489975,-46.927101,69.546593,14.020103,-54.882774,81.528183,497.314178,-10.961581
1185,5.925000,105.269012,263.138672,-49.433937,225.894089,-260.375183,-50.443829,43.172451,-303.076355,-51.000065,-127.022667,-222.155396,-54.509575,-209.429214,12.927654,-54.338646,-127.302437,181.872726,-53.460060,272.299469,183.308594,-46.101917,356.978882,-50.486881,-46.924305,69.543915,14.020266,-54.885784,81.532448,497.311523,-10.959241
1186,5.930000,105.271095,263.138977,-49.433060,225.892822,-260.378784,-50.453819,43.168320,-303.078583,-51.001472,-127.017380,-222.154343,-54.509041,-209.425766,12.921057,-54.339806,-127.302155,181.874420,-53.457966,272.306396,183.308655,-46.099365,356.974731,-50.489162,-46.935314,69.546379,14.012358,-54.884304,81.537521,497.310364,-10.957861
1187,5.935000,105.277168,263.137817,-49.426640,225.890594,-260.383606,-50.457809,43.168049,-303.077209,-51.000412,-127.026138,-222.156570,-54.518539,-209.426514,12.929656,-54.339596,-127.298515,181.874664,-53.451721,272.312744,183.299393,-46.098217,356.974701,-50.493080,-46.939770,69.553604,14.019212,-54.880939,81.535477,497.311188,-10.961070
1188,5.940000,105.280006,263.136414,-49.427444,225.886841,-260.384308,-50.464931,43.162785,-303.077759,-51.003242,-127.028000,-222.157791,-54.512028,-209.427261,12.927365,-54.339245,-127.293449,181.876450,-53.454220,272.310760,183.298904,-46.098991,356.976776,-50.497017,-46.932514,69.552399,14.017790,-54.882565,81.532890,497.308014,-10.961967
1189,5.945000,105.283020,263.136505,-49.434299,225.884201,-260.391663,-50.468681,43.168575,-303.082245,-51.004795,-127.023010,-222.161987,-54.515072,-209.422226,12.921710,-54.342190,-127.287628,181.874939,-53.457241,272.314270,183.299561,-46.105541,356.979279,-50.499599,-46.930435,69.556236,14.021215,-54.879417,81.531807,497.303802,-10.960968
1190,5.950000,105.277313,263.134216,-49.432720,225.887604,-260.388519,-50.453075,43.165264,-303.087250,-51.002190,-127.026070,-222.158936,-54.512989,-209.429016,12.923579,-54.347431,-127.297386,181.869354,-53.455933,272.309265,183.301224,-46.106525,356.979584,-50.499081,-46.936596,69.556671,14.017406,-54.877937,81.533073,497.307526,-10.965988
1191,5.955000,105.272087,263.138611,-49.432064,225.887863,-260.392822,-50.466293,43.168961,-303.085693,-51.000492,-127.021980,-222.163559,-54.517265,-209.431061,12.919364,-54.340908,-127.299728,181.868622,-53.460056,272.305603,183.303513,-46.104076,356.976379,-50.496605,-46.927586,69.549683,14.017878,-54.879864,81.529198,497.308350,-10.961337
1192,5.960000,105.272888,263.138458,-49.432045,225.888977,-260.386261,-50.464214,43.172131,-303.083130,-51.008831,-127.023087,-222.164703,-54.513985,-209.423508,12.913523,-54.347095,-127.304611,181.866364,-53.464962,272.307159,183.304291,-46.106365,356.974335,-50.488457,-46.932896,69.550873,14.016587,-54.885914,81.528954,497.304443,-10.957180
1193,5.965000,105.268951,263.139160,-49.434357,225.891068,-260.385406,-50.468456,43.167538,-303.084625,-51.006134,-127.025169,-222.160995,-54.517365,-209.431015,12.919528,-54.340652,-127.298073,181.866333,-53.456478,272.306946,183.301453,-46.103260,356.978607,-50.490883,-46.935680,69.543274,14.026561,-54.880455,81.530190,497.306519,-10.954773
1194,5.970000,105.269669,263.137543,-49.433258,225.887680,-260.388214,-50.467758,43.170010,-303.080627,-51.008926,-127.025650,-222.160339,-54.516689,-209.429550,12.926968,-54.351662,-127.302376,181.873627,-53.462730,272.308014,183.303909,-46.104424,356.975189,-50.489136,-46.930134,69.548233,14.022422,-54.882683,81.525101,497.310822,-10.963452
1195,5.975000,105.271614,263.140869,-49.426758,225.889740,-260.389130,-50.471966,43.170113,-303.079712,-51.006252,-127.022881,-222.156784,-54.519363,-209.429169,12.927199,-54.352406,-127.296951,181.875931,-53.460602,272.310059,183.301956,-46.104153,356.976288,-50.495407,-46.934719,69.549339,14.021390,-54.883453,81.532875,497.309357,-10.969038
1196,5.980000,105.278801,263.137329,-49.427551,225.880920,-260.382355,-50.468624,43.168270,-303.076508,-51.002502,-127.026123,-222.151794,-54.518974,-209.428574,12.929132,-54.334915,-127.294991,181.881897,-53.461926,272.314362,183.304260,-46.101242,356.977478,-50.493484,-46.938919,69.548225,14.021237,-54.883987,81.528503,497.312286,-10.964637
1197,5.985000,105.276222,263.138031,-49.432011,225.886963,-260.381439,-50.465611,43.164490,-303.079590,-50.997364,-127.031151,-222.152008,-54.515282,-209.426758,12.933139,-54.348122,-127.296104,181.878372,-53.458836,272.313721,183.304398,-46.105736,356.972717,-50.493168,-46.932598,69.539001,14.015345,-54.888584,81.530739,497.316254,-10.960245
1198,5.990000,105.273033,263.141083,-49.433777,225.890472,-260.377167,-50.458275,43.167992,-303.078888,-50.996105,-127.027557,-222.151306,-54.517727,-209.428894,12.935095,-54.338970,-127.295357,181.880508,-53.457787,272.311005,183.309845,-46.102890,356.977356,-50.488899,-46.938736,69.548111,14.018303,-54.889702,81.532562,497.312866,-10.960349
1199,5.995000,105.270256,263.139404,-49.431934,225.893478,-260.378754,-50.460289,43.170696,-303.079071,-50.996120,-127.025620,-222.158539,-54.510670,-209.430862,12.928351,-54.350060,-127.303703,181.876495,-53.458015,272.306213,183.304520,-46.109528,356.973877,-50.486748,-46.932880,69.552567,14.022732,-54.888386,81.535828,497.310852,-10.964885
1200,6.000000,105.268990,263.139984,-49.437328,225.890121,-260.379059,-50.460373,43.171864,-303.077301,-51.002808,-127.021416,-222.159058,-54.516991,-209.427765,12.926403,-54.341702,-127.302559,181.871887,-53.458885,272.298279,183.307755,-46.101044,356.978333,-50.486794,-46.930286,69.547256,14.021159,-54.884201,81.531784,497.312927,-10.959362
1201,6.005000,105.272934,263.139526,-49.429932,225.886871,-260.383698,-50.456509,43.168678,-303.082581,-51.005421,-127.027702,-222.161423,-54.517799,-209.430817,12.922447,-54.342937,-127.300514,181.872742,-53.458561,272.303192,183.305542,-46.102962,356.972229,-50.492161,-46.932369,69.544632,14.016693,-54.885410,81.527847,497.312439,-10.960603
1202,6.010000,105.273293,263.134430,-49.432022,225.884109,-260.387604,-50.454857,43.167881,-303.082184,-50.997311,-127.025497,-222.161377,-54.511547,-209.425293,12.920735,-54.340057,-127.300575,181.873016,-53.461617,272.310242,183.300171,-46.108833,356.975830,-50.497093,-46.937473,69.544258,14.015272,-54.883381,81.530159,497.311005,-10.956976
1203,6.015000,105.278168,263.134857,-49.430027,225.879974,-260.392273,-50.461998,43.165165,-303.089264,-51.004238,-127.027466,-222.162643,-54.517410,-209.426636,12.923466,-54.347363,-127.294899,181.872849,-53.456322,272.314056,183.298370,-46.105862,356.977631,-50.501705,-46.935043,69.551033,14.012726,-54.886726,81.529335,497.302124,-10.966125
1204,6.020000,105.275841,263.135315,-49.424915,225.885468,-260.394867,-50.470371,43.162167,-303.084930,-50.998848,-127.023537,-222.162430,-54.513912,-209.431519,12.920776,-54.345158,-127.293762,181.871017,-53.458401,272.311859,183.296860,-46.109177,356.973877,-50.500797,-46.938271,69.553017,14.018114,-54.887798,81.529160,497.301697,-10.959965
1205,6.025000,105.278557,263.135101,-49.431427,225.893250,-260.387115,-50.455570,43.165127,-303.080994,-51.005703,-127.022102,-222.165115,-54.518047,-209.423737,12.918509,-54.340630,-127.298248,181.867691,-53.459179,272.305450,183.302383,-46.104904,356.975159,-50.496872,-46.935165,69.543686,14.019506,-54.869747,81.526672,497.304749,-10.963489
1206,6.030000,105.275383,263.136383,-49.427330,225.890671,-260.388702,-50.461086,43.168098,-303.083496,-51.008659,-127.022011,-222.161667,-54.518421,-209.426971,12.921687,-54.339363,-127.297493,181.868591,-53.450409,272.307037,183.304504,-46.105167,356.973419,-50.496941,-46.936131,69.546890,14.023141,-54.880791,81.532158,497.309540,-10.963636
1207,6.035000,105.267632,263.135345,-49.429771,225.892731,-260.380463,-50.455288,43.165550,-303.082336,-51.005001,-127.018646,-222.159698,-54.509064,-209.430756,12.919517,-54.338356,-127.299072,181.870758,-53.458172,272.308685,183.299759,-46.103283,356.978638,-50.487648,-46.929379,69.544456,14.016807,-54.880478,81.530792,497.305634,-10.955198
1208,6.040000,105.270706,263.139801,-49.434402,225.892502,-260.376617,-50.458965,43.169743,-303.075806,-50.992218,-127.025528,-222.157303,-54.505726,-209.429626,12.923277,-54.343613,-127.298340,181.871292,-53.453537,272.309113,183.305328,-46.097397,356.978760,-50.494244,-46.935089,69.544952,14.012880,-54.875172,81.531235,497.313385,-10.954533
1209,6.045000,105.280167,263.141663,-49.432011,225.896317,-260.374786,-50.458782,43.166988,-303.072876,-51.001236,-127.023491,-222.155701,-54.515278,-209.426132,12.927442,-54.342709,-127.293228,181.874344,-53.450390,272.309174,183.307236,-46.099651,356.977814,-50.491993,-46.933125,69.553200,14.016339,-54.884285,81.533905,497.313538,-10.958778
1210,6.050000,105.282364,263.138397,-49.425739,225.889923,-260.377838,-50.449955,43.169296,-303.072113,-50.999271,-127.022163,-222.153137,-54.509113,-209.428482,12.930184,-54.343235,-127.291519,181.874924,-53.453907,272.309357,183.304733,-46.101189,356.975861,-50.496838,-46.937645,69.551292,14.022042,-54.879494,81.529434,497.313507,-10.958564
1211,6.055000,105.277100,263.140442,-49.428394,225.889282,-260.376007,-50.456333,43.166317,-303.078827,-51.003086,-127.025528,-222.152863,-54.518223,-209.427155,12.928573,-54.343361,-127.297325,181.878510,-53.458981,272.310638,183.308746,-46.100925,356.976929,-50.490616,-46.932991,69.554276,14.017057,-54.883236,81.531609,497.310547,-10.959682
1212,6.060000,105.279572,263.140015,-49.432060,225.891693,-260.381714,-50.467621,43.160198,-303.075806,-50.997879,-127.022774,-222.156372,-54.520073,-209.427704,12.926116,-54.337532,-127.297386,181.877457,-53.464725,272.309174,183.301849,-46.102955,356.978668,-50.491577,-46.939449,69.547203,14.021128,-54.877216,81.530846,497.308868,-10.955167
1213,6.065000,105.270546,263.138794,-49.425285,225.890091,-260.386108,-50.465176,43.167770,-303.080933,-51.003128,-127.028603,-222.159607,-54.515049,-209.429672,12.926710,-54.346642,-127.300842,181.869858,-53.459347,272.307373,183.304306,-46.100430,356.979645,-50.493378,-46.934952,69.551888,14.019608,-54.879589,81.531319,497.309265,-10.957763
1214,6.070000,105.262230,263.137512,-49.433865,225.885818,-260.378296,-50.456547,43.168533,-303.084686,-51.007771,-127.020569,-222.162598,-54.515671,-209.429001,12.922629,-54.344124,-127.301994,181.866638,-53.467743,272.304382,183.302231,-46.098721,356.975830,-50.493141,-46.941883,69.545074,14.024899,-54.883373,81.537842,497.304230,-10.960673
1215,6.075000,105.271500,263.142761,-49.432682,225.885727,-260.388214,-50.467388,43.169590,-303.085846,-51.009418,-127.021820,-222.165466,-54.520630,-209.429993,12.919894,-54.332932,-127.305000,181.871918,-53.461117,272.305908,183.304367,-46.105816,356.974518,-50.495632,-46.934734,69.548592,14.021836,-54.883244,81.528152,497.305420,-10.965154
1216,6.080000,105.270279,263.136810,-49.432121,225.887268,-260.383148,-50.455910,43.166801,-303.083252,-51.000656,-127.023651,-222.158356,-54.518219,-209.431213,12.920948,-54.350136,-127.303154,181.868759,-53.472057,272.304443,183.301498,-46.113327,356.970886,-50.496193,-46.939743,69.553215,14.020460,-54.889233,81.526947,497.307861,-10.961951
1217,6.085000,105.275581,263.133331,-49.431511,225.883575,-260.387878,-50.467587,43.166512,-303.083313,-51.006878,-127.027306,-222.158218,-54.518253,-209.431427,12.928302,-54.344124,-127.298431,181.876816,-53.462513,272.311249,183.297653,-46.109447,356.979034,-50.498028,-46.941944,69.544708,14.022036,-54.884499,81.527534,497.311584,-10.964126
1218,6.090000,105.280609,263.135223,-49.428055,225.886353,-260.389557,-50.470482,43.163498,-303.079285,-51.000828,-127.028435,-222.156631,-54.518291,-209.429642,12.925009,-54.346893,-127.293541,181.878555,-53.466053,272.308838,183.298416,-46.101460,356.977203,-50.496914,-46.932777,69.549629,14.018718,-54.888855,81.530823,497.313293,-10.956230
1219,6.095000,105.276100,263.139008,-49.428722,225.888657,-260.387268,-50.458782,43.163803,-303.076630,-51.001221,-127.033325,-222.156754,-54.512363,-209.429077,12.927156,-54.348526,-127.295464,181.880020,-53.461697,272.303986,183.299942,-46.112030,356.975433,-50.490524,-46.937485,69.548958,14.017972,-54.888336,81.531555,497.310760,-10.959203
1220,6.100000,105.275246,263.137268,-49.424198,225.894363,-260.374573,-50.457569,43.167477,-303.078491,-50.998833,-127.025131,-222.156906,-54.518677,-209.433945,12.928040,-54.345734,-127.298828,181.874680,-53.465443,272.310455,183.309830,-46.100742,356.972778,-50.491535,-46.934887,69.548187,14.018897,-54.885944,81.531494,497.311279,-10.957929
1221,6.105000,105.274620,263.144623,-49.427353,225.893539,-260.375977,-50.454529,43.168308,-303.077972,-51.004967,-127.022507,-222.155136,-54.507542,-209.434250,12.925080,-54.337086,-127.298248,181.873947,-53.449726,272.310364,183.307037,-46.103413,356.975372,-50.481537,-46.924980,69.547218,14.017035,-54.880486,81.536491,497.307678,-10.958615
1222,6.110000,105.267464,263.140869,-49.427124,225.890320,-260.374603,-50.452839,43.172096,-303.077972,-51.000443,-127.017128,-222.156082,-54.515617,-209.434479,12.926199,-54.331985,-127.302811,181.870956,-53.450405,272.302246,183.308182,-46.106258,356.977997,-50.486832,-46.929443,69.550056,14.019574,-54.880962,81.533546,497.314667,-10.956198
1223,6.115000,105.274742,263.139008,-49.436935,225.886093,-260.377197,-50.455463,43.165112,-303.078278,-51.006351,-127.019958,-222.152893,-54.509491,-209.427719,12.930893,-54.349678,-127.297279,181.876114,-53.453773,272.305847,183.304474,-46.103874,356.978943,-50.492386,-46.937634,69.548431,14.016315,-54.885208,81.529701,497.308716,-10.963325
1224,6.120000,105.278740,263.139740,-49.433235,225.890366,-260.381134,-50.453953,43.162285,-303.078247,-51.006710,-127.024162,-222.161179,-54.514221,-209.427704,12.929721,-54.343513,-127.294022,181.874084,-53.456413,272.311554,183.305756,-46.102505,356.977783,-50.494186,-46.927780,69.548073,14.013133,-54.887878,81.529305,497.307709,-10.959942
1225,6.125000,105.284241,263.137634,-49.425037,225.890106,-260.387207,-50.458233,43.166039,-303.080658,-51.000187,-127.024788,-222.155640,-54.515919,-209.427780,12.928588,-54.341022,-127.295998,181.866211,-53.456635,272.309174,183.304337,-46.097443,356.977081,-50.497944,-46.931412,69.550629,14.015954,-54.884224,81.530739,497.306885,-10.960642
1226,6.130000,105.277016,263.136597,-49.429974,225.889008,-260.389801,-50.460812,43.165874,-303.078369,-51.001625,-127.022041,-222.153946,-54.511398,-209.428467,12.929225,-54.351620,-127.293152,181.870468,-53.459698,272.312927,183.295883,-46.103973,356.976379,-50.494179,-46.936989,69.548378,14.023554,-54.876854,81.534882,497.304962,-10.957383
1227,6.135000,105.271645,263.135468,-49.431610,225.888794,-260.388611,-50.471859,43.167828,-303.078827,-51.003078,-127.028229,-222.159943,-54.514240,-209.430298,12.919238,-54.343296,-127.301811,181.867340,-53.462940,272.304993,183.299225,-46.104523,356.978088,-50.495880,-46.936359,69.548180,14.019538,-54.875771,81.531982,497.307739,-10.961354
1228,6.140000,105.270691,263.133881,-49.431931,225.886871,-260.391174,-50.466946,43.165352,-303.085144,-51.001419,-127.022636,-222.166168,-54.517189,-209.425598,12.920113,-54.339378,-127.303604,181.866333,-53.461205,272.304535,183.300827,-46.099258,356.978210,-50.496937,-46.939499,69.547562,14.020968,-54.881126,81.526901,497.308502,-10.967754
1229,6.145000,105.268715,263.137970,-49.434013,225.891296,-260.386200,-50.453701,43.171906,-303.079498,-50.996700,-127.021629,-222.161224,-54.510197,-209.430054,12.916636,-54.341930,-127.300621,181.865173,-53.458981,272.303284,183.302246,-46.110863,356.976532,-50.487972,-46.931705,69.543114,14.020185,-54.881062,81.533981,497.302032,-10.971725
1230,6.150000,105.275490,263.136658,-49.434498,225.887680,-260.390167,-50.460815,43.162189,-303.081360,-51.001629,-127.026352,-222.165680,-54.518948,-209.429611,12.925344,-54.338303,-127.296822,181.869064,-53.460487,272.312622,183.302429,-46.107986,356.976776,-50.491405,-46.940460,69.545143,14.021717,-54.875210,81.529099,497.308716,-10.958787
1231,6.155000,105.277451,263.137207,-49.433605,225.891129,-260.387177,-50.463802,43.162418,-303.083405,-51.002472,-127.025665,-222.164291,-54.522179,-209.426376,12.928982,-54.345352,-127.301514,181.873260,-53.459076,272.310333,183.306564,-46.110378,356.979065,-50.497154,-46.927887,69.548836,14.021434,-54.880997,81.529343,497.310974,-10.963848
1232,6.160000,105.282623,263.137787,-49.430698,225.885574,-260.383270,-50.466537,43.163197,-303.079559,-51.008839,-127.026604,-222.154007,-54.518787,-209.427719,12.928949,-54.345680,-127.297371,181.878662,-53.452774,272.313782,183.302795,-46.101967,356.978180,-50.498505,-46.936024,69.545021,14.020235,-54.877918,81.529411,497.311981,-10.960644
1233,6.165000,105.281441,263.141174,-49.436642,225.885590,-260.383087,-50.464382,43.165932,-303.079010,-50.998661,-127.021553,-222.157120,-54.512741,-209.424179,12.927773,-54.337009,-127.289322,181.878708,-53.455151,272.310211,183.305099,-46.107891,356.979370,-50.495605,-46.936245,69.551941,14.020814,-54.882259,81.528572,497.314789,-10.957971
1234,6.170000,105.275803,263.140015,-49.426376,225.889297,-260.381805,-50.465317,43.173313,-303.077026,-51.002113,-127.022148,-222.153275,-54.517227,-209.424911,12.933002,-54.339054,-127.293335,181.880402,-53.454636,272.308594,183.304108,-46.100117,356.976196,-50.491085,-46.936123,69.547897,14.022350,-54.885120,81.533661,497.314697,-10.957912
1235,6.175000,105.273445,263.143372,-49.431053,225.889053,-260.375885,-50.462528,43.163883,-303.075775,-50.997620,-127.025826,-222.153900,-54.511169,-209.431732,12.927418,-54.342720,-127.296608,181.873276,-53.461678,272.305664,183.309540,-46.102646,356.975098,-50.490185,-46.930149,69.555931,14.022901,-54.883934,81.530457,497.313110,-10.953918
1236,6.180000,105.270515,263.138458,-49.425583,225.889557,-260.378601,-50.471172,43.169323,-303.079010,-51.004017,-127.023163,-222.156219,-54.510593,-209.435440,12.920058,-54.352730,-127.298790,181.876678,-53.445644,272.298370,183.306778,-46.104504,356.972473,-50.490047,-46.932758,69.545982,14.017606,-54.886360,81.530983,497.312469,-10.955738
1237,6.185000,105.270355,263.136627,-49.434193,225.889359,-260.382843,-50.465725,43.167622,-303.079987,-51.004807,-127.029572,-222.154434,-54.517620,-209.429855,12.923061,-54.343498,-127.303154,181.880051,-53.454987,272.303619,183.303009,-46.105183,356.975739,-50.487724,-46.931320,69.547096,14.019101,-54.879688,81.531250,497.312134,-10.954806
1238,6.190000,105.278030,263.138977,-49.425415,225.889771,-260.380890,-50.468967,43.170063,-303.081421,-51.007820,-127.024353,-222.154892,-54.515034,-209.428223,12.920874,-54.341511,-127.300201,181.876663,-53.469696,272.306213,183.302414,-46.105289,356.974091,-50.491859,-46.938625,69.548233,14.025900,-54.880028,81.533463,497.311554,-10.960639
1239,6.195000,105.276855,263.141602,-49.429504,225.887222,-260.391449,-50.468803,43.165924,-303.078613,-51.002697,-127.027321,-222.157562,-54.512047,-209.430817,12.925285,-54.345234,-127.301407,181.875656,-53.459724,272.309937,183.296127,-46.114426,356.975403,-50.492729,-46.928833,69.549736,14.022366,-54.878460,81.530174,497.305573,-10.956034
1240,6.200000,105.280174,263.136505,-49.431622,225.888763,-260.394684,-50.461842,43.170692,-303.078888,-51.003387,-127.023323,-222.163147,-54.517086,-209.430496,12.919425,-54.347797,-127.294945,181.872726,-53.457684,272.309052,183.297729,-46.106503,356.973816,-50.496304,-46.942791,69.548416,14.018655,-54.883656,81.528404,497.305573,-10.961586
1241,6.205000,105.276794,263.132202,-49.431053,225.885818,-260.393036,-50.471256,43.171371,-303.082916,-50.998833,-127.023232,-222.159760,-54.517189,-209.427856,12.920583,-54.338692,-127.295982,181.871582,-53.466717,272.307068,183.298676,-46.104183,356.977234,-50.498901,-46.933800,69.546669,14.016315,-54.882336,81.528938,497.304443,-10.963527
1242,6.210000,105.272720,263.135406,-49.435146,225.886414,-260.387238,-50.466309,43.166870,-303.080933,-51.003906,-127.026436,-222.162491,-54.509190,-209.427521,12.922260,-54.344040,-127.295044,181.871735,-53.460133,272.309906,183.300613,-46.096756,356.975311,-50.493858,-46.937485,69.551392,14.019015,-54.891045,81.532532,497.306305,-10.965561
1243,6.215000,105.273727,263.138123,-49.438992,225.887939,-260.381073,-50.461018,43.167690,-303.079407,-50.998417,-127.019836,-222.161057,-54.508072,-209.428864,12.920365,-54.338734,-127.306313,181.874634,-53.452454,272.307556,183.301804,-46.102615,356.973175,-50.492672,-46.929634,69.550163,14.017803,-54.877888,81.525772,497.308624,-10.958220
1244,6.220000,105.271996,263.137573,-49.429203,225.890289,-260.385834,-50.455975,43.168392,-303.078156,-50.993580,-127.026680,-222.160660,-54.513771,-209.429138,12.919754,-54.346165,-127.295555,181.871338,-53.459522,272.307404,183.301926,-46.105671,356.976593,-50.485996,-46.932178,69.545601,14.015392,-54.885704,81.530792,497.308807,-10.956500
1245,6.225000,105.276947,263.143158,-49.428394,225.892227,-260.377319,-50.460850,43.167603,-303.079742,-50.996670,-127.023773,-222.157837,-54.503468,-209.426071,12.924653,-54.337612,-127.299232,181.873703,-53.452522,272.307587,183.302780,-46.101818,356.977295,-50.491776,-46.932281,69.549706,14.015052,-54.877205,81.530540,497.308685,-10.949285
1246,6.230000,105.277855,263.135864,-49.424305,225.892059,-260.377869,-50.458950,43.168781,-303.077728,-50.999603,-127.026794,-222.154999,-54.510242,-209.430176,12.932190,-54.337379,-127.293571,181.872360,-53.454041,272.306488,183.304245,-46.107143,356.979828,-50.491833,-46.928493,69.551620,14.017538,-54.877571,81.532555,497.308563,-10.959089
1247,6.235000,105.277969,263.142853,-49.424923,225.891037,-260.380066,-50.450844,43.166565,-303.074005,-50.994179,-127.025154,-222.151230,-54.508518,-209.428101,12.931771,-54.338509,-127.293007,181.876465,-53.457710,272.309662,183.302307,-46.104130,356.977448,-50.491276,-46.928944,69.552185,14.016983,-54.885536,81.527763,497.313782,-10.957014
1248,6.240000,105.274796,263.136932,-49.426205,225.892731,-260.378479,-50.452549,43.167034,-303.081055,-50.999401,-127.023193,-222.154648,-54.511883,-209.426392,12.924996,-54.344078,-127.293869,181.877426,-53.457359,272.311279,183.302902,-46.105007,356.975281,-50.494064,-46.934231,69.551956,14.018832,-54.883194,81.533516,497.311127,-10.958614
1249,6.245000,105.276817,263.144562,-49.429302,225.883438,-260.382080,-50.464176,43.163277,-303.083069,-51.009148,-127.022758,-222.154633,-54.509418,-209.427612,12.931169,-54.336166,-127.297340,181.872864,-53.458466,272.311584,183.304779,-46.106716,356.981476,-50.492302,-46.932007,69.549477,14.016547,-54.882694,81.531075,497.311890,-10.958915
1250,6.250000,105.272209,263.137085,-49.432011,225.889282,-260.384277,-50.459530,43.168980,-303.081573,-51.004128,-127.023560,-222.159653,-54.510220,-209.434158,12.918127,-54.349525,-127.302528,181.874176,-53.455750,272.305634,183.302261,-46.103588,356.968689,-50.487080,-46.932735,69.542175,14.020352,-54.877640,81.528168,497.309143,-10.958835
1251,6.255000,105.269638,263.135712,-49.434288,225.893524,-260.385681,-50.464867,43.177525,-303.076202,-51.002708,-127.021240,-222.161118,-54.517921,-209.434952,12.923727,-54.351273,-127.306236,181.875992,-53.464867,272.307526,183.305344,-46.109894,356.977905,-50.488441,-46.929337,69.545471,14.018531,-54.885468,81.529167,497.308380,-10.959598
1252,6.260000,105.272865,263.134735,-49.426571,225.886261,-260.389709,-50.481541,43.169464,-303.079742,-51.002724,-127.022667,-222.160370,-54.513367,-209.428284,12.923933,-54.351986,-127.303558,181.868530,-53.460552,272.305145,183.301819,-46.109493,356.975800,-50.496517,-46.938370,69.545662,14.017382,-54.882774,81.528343,497.313354,-10.968597
1253,6.265000,105.272522,263.135864,-49.431412,225.886154,-260.390198,-50.461491,43.168495,-303.079742,-50.999878,-127.027321,-222.159210,-54.517929,-209.429749,12.925159,-54.352673,-127.301605,181.872055,-53.468197,272.310669,183.299500,-46.111645,356.978088,-50.497074,-46.934326,69.549728,14.018392,-54.886532,81.528450,497.305176,-10.965487
1254,6.270000,105.277130,263.134888,-49.435471,225.879730,-260.388458,-50.474316,43.167553,-303.081757,-51.004013,-127.026855,-222.156113,-54.519077,-209.428497,12.920357,-54.346031,-127.298515,181.874542,-53.463337,272.310638,183.298950,-46.110756,356.975403,-50.495846,-46.940258,69.552719,14.022968,-54.884026,81.530869,497.308777,-10.958825
1255,6.275000,105.274391,263.140137,-49.428661,225.884552,-260.387665,-50.471321,43.166370,-303.082031,-51.005608,-127.027824,-222.156616,-54.515881,-209.430481,12.932040,-54.346889,-127.294350,181.874771,-53.456573,272.308289,183.300110,-46.108116,356.977386,-50.494087,-46.938057,69.548134,14.018587,-54.881504,81.532028,497.313171,-10.965372
1256,6.280000,105.271637,263.134064,-49.434525,225.891968,-260.381714,-50.458099,43.168762,-303.072540,-50.999645,-127.022255,-222.161240,-54.520706,-209.428543,12.925220,-54.343941,-127.296089,181.874802,-53.457321,272.308075,183.305023,-46.101757,356.973206,-50.489918,-46.938751,69.546600,14.019434,-54.881886,81.531296,497.312927,-10.968353
1257,6.285000,105.274857,263.139893,-49.432076,225.886368,-260.380432,-50.469334,43.167484,-303.083405,-51.004433,-127.025261,-222.154892,-54.514473,-209.434906,12.925965,-54.347752,-127.301216,181.875336,-53.456501,272.306305,183.303986,-46.103882,356.972046,-50.489742,-46.937626,69.551872,14.019889,-54.878994,81.531563,497.312256,-10.956437
1258,6.290000,105.271088,263.141510,-49.427734,225.888611,-260.375336,-50.457405,43.169735,-303.077728,-50.994606,-127.019600,-222.155319,-54.511189,-209.424255,12.922615,-54.337387,-127.303543,181.873672,-53.454334,272.306519,183.310074,-46.098099,356.978882,-50.489452,-46.933617,69.548149,14.018638,-54.882797,81.533913,497.309937,-10.967289
1259,6.295000,105.274544,263.141510,-49.433315,225.885956,-260.379822,-50.464947,43.172565,-303.075897,-51.004421,-127.016556,-222.155106,-54.509361,-209.429779,12.928647,-54.341183,-127.298027,181.874924,-53.456123,272.305206,183.309906,-46.098701,356.974396,-50.490566,-46.937500,69.551971,14.017512,-54.883072,81.531242,497.308624,-10.951939
1260,6.300000,105.276634,263.140198,-49.422939,225.889633,-260.375671,-50.460232,43.171871,-303.081146,-51.004177,-127.024811,-222.155411,-54.513012,-209.427765,12.930526,-54.344875,-127.296837,181.872574,-53.458656,272.308533,183.304092,-46.102406,356.972534,-50.491009,-46.934769,69.546906,14.015700,-54.870758,81.532639,497.309143,-10.957162
1261,6.305000,105.279442,263.135742,-49.427761,225.883392,-260.383545,-50.470116,43.164303,-303.081329,-50.999413,-127.025795,-222.155350,-54.506104,-209.430939,12.927460,-54.342308,-127.297623,181.874008,-53.460674,272.311218,183.304764,-46.097237,356.973969,-50.491455,-46.936131,69.549965,14.016388,-54.883568,81.530182,497.311401,-10.955993
1262,6.310000,105.274033,263.133972,-49.433414,225.886734,-260.390320,-50.467094,43.163376,-303.082672,-51.003448,-127.024788,-222.156479,-54.512383,-209.429138,12.922790,-54.338493,-127.295715,181.874405,-53.449711,272.310272,183.302887,-46.104549,356.973053,-50.499493,-46.939739,69.551315,14.018167,-54.877499,81.531624,497.307678,-10.964883
1263,6.315000,105.269691,263.136536,-49.434925,225.891342,-260.388275,-50.476540,43.165062,-303.083466,-51.007164,-127.023178,-222.161484,-54.512268,-209.424423,12.923329,-54.345943,-127.295258,181.872040,-53.457554,272.310303,183.299576,-46.105404,356.974976,-50.494591,-46.936134,69.549812,14.019153,-54.880928,81.531326,497.308258,-10.956968
1264,6.320000,105.277672,263.133057,-49.434151,225.883255,-260.391571,-50.470501,43.167404,-303.085144,-51.002419,-127.026466,-222.164017,-54.520161,-209.429230,12.921756,-54.346851,-127.298622,181.871063,-53.468529,272.304138,183.298279,-46.109009,356.976013,-50.490059,-46.936882,69.547951,14.019015,-54.881542,81.531364,497.304962,-10.956984
1265,6.325000,105.270348,263.130829,-49.428284,225.886612,-260.390747,-50.465542,43.162731,-303.083344,-51.007946,-127.027390,-222.163544,-54.518013,-209.424194,12.919024,-54.342709,-127.300499,181.867157,-53.465111,272.303558,183.303680,-46.105118,356.975037,-50.489189,-46.934868,69.550117,14.014215,-54.877316,81.528419,497.307983,-10.965314
1266,6.330000,105.274712,263.137817,-49.434208,225.892807,-260.386047,-50.452801,43.170235,-303.078949,-50.995342,-127.022491,-222.166412,-54.521881,-209.429077,12.916585,-54.346699,-127.304283,181.867706,-53.469212,272.305023,183.302994,-46.106388,356.972595,-50.496273,-46.932396,69.548828,14.018808,-54.877419,81.527008,497.304901,-10.962644
1267,6.335000,105.269913,263.140717,-49.432316,225.890884,-260.381226,-50.453587,43.168850,-303.083740,-51.004105,-127.023087,-222.154755,-54.508881,-209.428284,12.918793,-54.348343,-127.298889,181.870880,-53.463634,272.306335,183.303085,-46.101963,356.979126,-50.491299,-46.935764,69.549820,14.014088,-54.878933,81.531372,497.311523,-10.961774
1268,6.340000,105.278519,263.137299,-49.430489,225.882156,-260.386688,-50.465889,43.166843,-303.077179,-50.997974,-127.028229,-222.153152,-54.509293,-209.425079,12.928565,-54.342331,-127.299446,181.870590,-53.459087,272.309509,183.307999,-46.103424,356.978241,-50.493496,-46.930763,69.551086,14.023735,-54.880974,81.527756,497.311432,-10.958242
1269,6.345000,105.272430,263.140320,-49.432281,225.889389,-260.380859,-50.450638,43.170364,-303.077881,-51.003777,-127.028305,-222.154846,-54.511852,-209.435898,12.933805,-54.344101,-127.290771,181.873291,-53.462303,272.310699,183.308212,-46.105675,356.976959,-50.490364,-46.930321,69.539833,14.021785,-54.880840,81.529366,497.311249,-10.957959
1270,6.350000,105.281830,263.139526,-49.433228,225.884689,-260.380768,-50.459599,43.168930,-303.078552,-50.994690,-127.027748,-222.156967,-54.515579,-209.430634,12.923995,-54.349056,-127.295654,181.873550,-53.460995,272.310211,183.303360,-46.098099,356.978760,-50.493740,-46.933872,69.546967,14.014448,-54.882664,81.529228,497.313721,-10.960773
1271,6.355000,105.272972,263.140991,-49.425991,225.888245,-260.377930,-50.462898,43.165928,-303.076172,-50.997921,-127.027634,-222.153061,-54.513153,-209.424057,12.932157,-54.347321,-127.300201,181.870239,-53.458858,272.307770,183.304092,-46.094223,356.975677,-50.492901,-46.936077,69.551277,14.021740,-54.885735,81.529755,497.311401,-10.958890
1272,6.360000,105.274338,263.138062,-49.435364,225.890137,-260.384644,-50.463291,43.159836,-303.076263,-51.002422,-127.023026,-222.161148,-54.509792,-209.428848,12.922380,-54.342960,-127.302010,181.871262,-53.454456,272.302704,183.302475,-46.101898,356.972626,-50.486221,-46.933174,69.551712,14.026713,-54.879951,81.533844,497.312469,-10.963485
1273,6.365000,105.271873,263.137604,-49.432388,225.892746,-260.377777,-50.463047,43.163906,-303.079529,-50.998287,-127.022697,-222.165054,-54.518448,-209.425125,12.922698,-54.336670,-127.300171,181.874435,-53.457546,272.302887,183.311417,-46.105804,356.976440,-50.485252,-46.938232,69.546600,14.021681,-54.875309,81.530495,497.314453,-10.958251
1274,6.370000,105.274780,263.135895,-49.426250,225.890900,-260.387665,-50.470837,43.166401,-303.076843,-50.998608,-127.019005,-222.162842,-54.513317,-209.429886,12.922778,-54.344280,-127.297241,181.878586,-53.458340,272.304840,183.301483,-46.108994,356.976959,-50.493958,-46.932152,69.547516,14.017051,-54.888329,81.529648,497.311676,-10.950898
1275,6.375000,105.272797,263.137421,-49.428043,225.884598,-260.384247,-50.472282,43.167198,-303.083435,-51.001038,-127.030251,-222.157974,-54.509285,-209.429779,12.927417,-54.336945,-127.299530,181.871170,-53.465923,272.306183,183.300140,-46.111439,356.976959,-50.497158,-46.934364,69.545586,14.014395,-54.882999,81.530525,497.310760,-10.962103
1276,6.380000,105.279434,263.137848,-49.432163,225.890091,-260.389160,-50.466007,43.164333,-303.084229,-51.005169,-127.026321,-222.154419,-54.514420,-209.429443,12.925275,-54.341244,-127.300339,181.874756,-53.467422,272.312042,183.306396,-46.122036,356.977112,-50.499310,-46.938305,69.547035,14.026177,-54.877586,81.528366,497.308014,-10.961490
1277,6.385000,105.275063,263.138824,-49.434235,225.885651,-260.388641,-50.466503,43.163517,-303.083038,-51.001274,-127.031517,-222.160141,-54.518944,-209.425613,12.924745,-54.343136,-127.295570,181.868866,-53.464901,272.310303,183.300079,-46.105415,356.979248,-50.499550,-46.940079,69.543953,14.026154,-54.876434,81.527687,497.309845,-10.961409
1278,6.390000,105.275284,263.140991,-49.426434,225.884842,-260.383759,-50.458664,43.168709,-303.078766,-51.005356,-127.024826,-222.161301,-54.519234,-209.427322,12.919516,-54.347733,-127.301056,181.874313,-53.453590,272.308899,183.300583,-46.108673,356.974335,-50.496384,-46.937153,69.544388,14.019176,-54.880558,81.530090,497.307220,-10.960278
1279,6.395000,105.274635,263.135468,-49.427540,225.890701,-260.383942,-50.465778,43.168858,-303.076721,-50.998291,-127.022537,-222.160492,-54.511917,-209.424164,12.920434,-54.343430,-127.299248,181.864868,-53.456932,272.308411,183.304504,-46.110756,356.974609,-50.491596,-46.931095,69.549828,14.020709,-54.876980,81.527550,497.313080,-10.964190
1280,6.400000,105.275894,263.142609,-49.431709,225.888474,-260.387695,-50.456825,43.171165,-303.081482,-51.002026,-127.030762,-222.163452,-54.510880,-209.431992,12.923174,-54.341393,-127.299980,181.865112,-53.460426,272.307526,183.306915,-46.107040,356.976227,-50.495270,-46.941616,69.550346,14.015040,-54.878426,81.528435,497.305969,-10.966379
1281,6.405000,105.273270,263.140167,-49.436848,225.892639,-260.378021,-50.448215,43.166084,-303.080780,-51.006596,-127.023506,-222.158737,-54.515472,-209.423859,12.924809,-54.336712,-127.302277,181.873917,-53.459209,272.303528,183.302353,-46.102917,356.978180,-50.491318,-46.935112,69.550797,14.016290,-54.883781,81.526733,497.304565,-10.966770
1282,6.410000,105.276855,263.138611,-49.435917,225.894608,-260.381683,-50.451630,43.160305,-303.080017,-51.004002,-127.031761,-222.158447,-54.513287,-209.423386,12.922071,-54.339836,-127.293869,181.874008,-53.454662,272.310272,183.303177,-46.094906,356.977875,-50.494709,-46.940826,69.545525,14.016208,-54.890163,81.532120,497.307922,-10.956058
1283,6.415000,105.274918,263.140106,-49.425320,225.892746,-260.381714,-50.452362,43.166348,-303.079102,-51.005405,-127.025131,-222.154984,-54.510624,-209.422333,12.929311,-54.339504,-127.290237,181.871887,-53.451168,272.316254,183.303772,-46.104156,356.978882,-50.492928,-46.931187,69.552017,14.015498,-54.881863,81.530243,497.312469,-10.956666
1284,6.420000,105.279556,263.141632,-49.431644,225.885147,-260.377106,-50.453922,43.164707,-303.074310,-50.993679,-127.021851,-222.155090,-54.503811,-209.428589,12.930378,-54.338505,-127.294525,181.878540,-53.456913,272.310364,183.306259,-46.104115,356.979645,-50.495476,-46.924885,69.548286,14.023294,-54.879162,81.529907,497.309235,-10.957194
1285,6.425000,105.273491,263.138184,-49.434185,225.890640,-260.378265,-50.457733,43.170311,-303.072510,-51.003532,-127.026886,-222.152527,-54.509846,-209.426636,12.921916,-54.338253,-127.298386,181.873917,-53.463223,272.311798,183.305634,-46.110558,356.973175,-50.491203,-46.939240,69.548042,14.020081,-54.886101,81.533493,497.310852,-10.959656
1286,6.430000,105.276207,263.137268,-49.429184,225.887970,-260.386932,-50.466084,43.167370,-303.081482,-51.001274,-127.020882,-222.157471,-54.511471,-209.427811,12.924069,-54.340725,-127.301231,181.871460,-53.451603,272.306000,183.302567,-46.107552,356.975494,-50.495083,-46.947594,69.548943,14.020245,-54.881222,81.525490,497.305481,-10.960778
1287,6.435000,105.270798,263.139038,-49.426498,225.893616,-260.382538,-50.458370,43.170799,-303.078644,-51.003841,-127.024475,-222.161575,-54.514256,-209.431458,12.920051,-54.333820,-127.298622,181.868149,-53.452511,272.308777,183.302200,-46.097973,356.975861,-50.493420,-46.932350,69.550446,14.016879,-54.883781,81.530289,497.308228,-10.960176
1288,6.440000,105.272598,263.140350,-49.434299,225.882141,-260.384674,-50.456604,43.170082,-303.088104,-50.997219,-127.021996,-222.164932,-54.516678,-209.428268,12.925783,-54.342705,-127.301247,181.871094,-53.460213,272.307526,183.300339,-46.106899,356.974854,-50.496006,-46.937710,69.546875,14.022651,-54.883686,81.534683,497.306000,-10.961158
1289,6.445000,105.274445,263.134766,-49.425961,225.886154,-260.395386,-50.463642,43.167942,-303.081329,-50.996742,-127.032433,-222.158554,-54.516716,-209.428513,12.924158,-54.342037,-127.295685,181.874710,-53.457596,272.302948,183.303268,-46.107136,356.973694,-50.501335,-46.941666,69.547211,14.021200,-54.881699,81.529770,497.306976,-10.965633
1290,6.450000,105.274017,263.132477,-49.430431,225.888214,-260.386047,-50.466358,43.167858,-303.082672,-51.004509,-127.027122,-222.161499,-54.519623,-209.424530,12.929472,-54.340824,-127.300682,181.870819,-53.466305,272.309021,183.296997,-46.111259,356.974792,-50.495785,-46.947582,69.550682,14.018855,-54.886406,81.526497,497.311218,-10.959911
1291,6.455000,105.275673,263.134430,-49.438793,225.887039,-260.393494,-50.464485,43.171429,-303.079529,-50.998936,-127.027260,-222.162964,-54.518593,-209.425491,12.931396,-54.351887,-127.295509,181.875900,-53.459499,272.307617,183.298584,-46.105858,356.978424,-50.496376,-46.934277,69.547050,14.021177,-54.875099,81.527542,497.308929,-10.965384
1292,6.460000,105.276184,263.142090,-49.425343,225.886444,-260.380646,-50.453888,43.163555,-303.081665,-51.001583,-127.026855,-222.155823,-54.517803,-209.426620,12.926014,-54.345795,-127.297241,181.877853,-53.467651,272.308594,183.302155,-46.111053,356.976501,-50.494980,-46.936512,69.548836,14.027073,-54.879898,81.532005,497.311157,-10.962416
1293,6.465000,105.273613,263.141357,-49.427139,225.885849,-260.379517,-50.462204,43.164223,-303.081146,-51.000191,-127.028717,-222.158646,-54.515057,-209.431091,12.929041,-54.336662,-127.297577,181.875443,-53.452431,272.304108,183.305984,-46.107815,356.973083,-50.488079,-46.940948,69.547127,14.020169,-54.882244,81.531052,497.313477,-10.959116
1294,6.470000,105.272179,263.137543,-49.425137,225.889114,-260.383026,-50.466599,43.166908,-303.073181,-51.002602,-127.022568,-222.157486,-54.513569,-209.425430,12.928471,-54.342094,-127.300995,181.871017,-53.461651,272.309753,183.309875,-46.104103,356.976532,-50.490482,-46.936771,69.547028,14.019228,-54.882767,81.524841,497.312805,-10.964704
1295,6.475000,105.268898,263.137848,-49.430977,225.892197,-260.378296,-50.461315,43.171211,-303.075684,-51.003498,-127.025497,-222.154648,-54.512829,-209.426773,12.926015,-54.352081,-127.296745,181.878647,-53.452980,272.306671,183.305161,-46.105118,356.974030,-50.491917,-46.940189,69.547424,14.020024,-54.883652,81.534668,497.310730,-10.962136
1296,6.480000,105.272919,263.136810,-49.430996,225.892227,-260.374207,-50.451363,43.164234,-303.075836,-50.999146,-127.027573,-222.156677,-54.519615,-209.425064,12.928838,-54.337654,-127.301544,181.877548,-53.452950,272.310364,183.302200,-46.103302,356.975952,-50.493984,-46.935493,69.551346,14.019629,-54.881985,81.528244,497.308655,-10.967718
1297,6.485000,105.272301,263.140350,-49.434963,225.888916,-260.385498,-50.458858,43.166740,-303.077301,-51.001057,-127.026810,-222.155914,-54.511600,-209.429718,12.926556,-54.344662,-127.295212,181.876266,-53.458626,272.304108,183.301346,-46.104137,356.977417,-50.489189,-46.941429,69.549446,14.018930,-54.887325,81.533867,497.307800,-10.956871
1298,6.490000,105.281868,263.138275,-49.430721,225.887848,-260.386414,-50.462406,43.170467,-303.080139,-50.998638,-127.028183,-222.158173,-54.518311,-209.426117,12.924884,-54.343033,-127.300995,181.875000,-53.456192,272.307922,183.303101,-46.105328,356.974396,-50.493340,-46.935371,69.548767,14.021453,-54.874508,81.527817,497.309021,-10.956551
1299,6.495000,105.273949,263.138672,-49.425491,225.889740,-260.385590,-50.463585,43.169586,-303.079620,-51.005932,-127.029625,-222.158600,-54.513966,-209.428879,12.923924,-54.336983,-127.293381,181.871628,-53.460411,272.309784,183.297195,-46.107140,356.976227,-50.494164,-46.933334,69.554268,14.019962,-54.880535,81.533401,497.308411,-10.962306
1300,6.500000,105.277306,263.133270,-49.430767,225.894012,-260.387115,-50.459198,43.169540,-303.083038,-50.998241,-127.023788,-222.161469,-54.519108,-209.430496,12.922151,-54.337353,-127.294884,181.868042,-53.466282,272.307556,183.298019,-46.107361,356.975342,-50.495113,-46.936394,69.549149,14.016894,-54.877087,81.527885,497.307770,-10.957339
1301,6.505000,105.268410,263.137177,-49.430920,225.891571,-260.390808,-50.461246,43.169460,-303.081238,-50.997864,-127.025085,-222.161942,-54.511940,-209.430664,12.919101,-54.348946,-127.299385,181.871262,-53.459152,272.301544,183.303497,-46.111595,356.976471,-50.495300,-46.935066,69.550262,14.017229,-54.886932,81.534760,497.305542,-10.959572
1302,6.510000,105.270866,263.138062,-49.434010,225.888199,-260.386719,-50.465149,43.173676,-303.082062,-51.002365,-127.026009,-222.160858,-54.513939,-209.425446,12.918096,-54.336884,-127.302048,181.870041,-53.460365,272.308075,183.306946,-46.103851,356.977905,-50.491669,-46.935169,69.549088,14.023447,-54.883373,81.527649,497.310272,-10.963573
1303,6.515000,105.274620,263.138611,-49.432571,225.887207,-260.388123,-50.465652,43.167629,-303.078857,-50.996765,-127.019775,-222.161407,-54.515858,-209.429398,12.924982,-54.334881,-127.297653,181.865875,-53.455975,272.309753,183.303726,-46.107140,356.970947,-50.496796,-46.938564,69.549095,14.017604,-54.877121,81.531448,497.306946,-10.962943
1304,6.520000,105.277504,263.134308,-49.428551,225.892502,-260.383179,-50.455078,43.163929,-303.076965,-51.000568,-127.025681,-222.156998,-54.512241,-209.427399,12.921944,-54.341621,-127.298088,181.872681,-53.456879,272.307739,183.301407,-46.104961,356.976318,-50.496338,-46.937206,69.549088,14.020339,-54.882553,81.529289,497.307892,-10.958165
1305,6.525000,105.283028,263.135925,-49.426422,225.890533,-260.380280,-50.450058,43.167213,-303.074585,-51.008881,-127.028259,-222.156082,-54.511917,-209.432343,12.923767,-54.339737,-127.296356,181.874863,-53.456543,272.308075,183.304581,-46.103603,356.973358,-50.493526,-46.936951,69.550095,14.019156,-54.881271,81.530411,497.309601,-10.955219
1306,6.530000,105.277534,263.138855,-49.424103,225.889862,-260.378998,-50.455513,43.165398,-303.076141,-50.997105,-127.021599,-222.157837,-54.515850,-209.425873,12.927955,-54.338463,-127.299088,181.871399,-53.460415,272.311859,183.304749,-46.104801,356.976807,-50.495083,-46.933361,69.546822,14.020046,-54.877968,81.530472,497.305634,-10.959119
1307,6.535000,105.275970,263.143188,-49.421925,225.890610,-260.383362,-50.453987,43.161388,-303.078217,-51.001579,-127.026947,-222.149918,-54.511105,-209.424332,12.927914,-54.340111,-127.297852,181.871460,-53.462765,272.308685,183.304733,-46.107388,356.976532,-50.493988,-46.941566,69.547707,14.020175,-54.877918,81.532410,497.311920,-10.963265
1308,6.540000,105.273895,263.142700,-49.426788,225.891678,-260.376648,-50.454517,43.173141,-303.078400,-51.002106,-127.026871,-222.155136,-54.512177,-209.427917,12.931277,-54.342743,-127.296730,181.872772,-53.457561,272.307343,183.300247,-46.103580,356.974426,-50.490795,-46.938030,69.550575,14.019089,-54.880997,81.530708,497.312592,-10.954278
1309,6.545000,105.276405,263.139069,-49.431244,225.885544,-260.378296,-50.459572,43.167816,-303.078857,-51.000046,-127.020416,-222.155487,-54.517685,-209.428024,12.925765,-54.342995,-127.299667,181.876404,-53.463291,272.303894,183.306534,-46.104038,356.972809,-50.486263,-46.932953,69.547203,14.023486,-54.881905,81.530464,497.313416,-10.967082
1310,6.550000,105.278175,263.138031,-49.428722,225.889801,-260.380157,-50.467644,43.167145,-303.084412,-51.001717,-127.025215,-222.162048,-54.512398,-209.428436,12.923394,-54.343506,-127.296921,181.870956,-53.455238,272.308319,183.307755,-46.100441,356.977295,-50.489819,-46.935081,69.548691,14.022088,-54.877548,81.528656,497.309143,-10.963222
1311,6.555000,105.275864,263.138885,-49.432774,225.884827,-260.384186,-50.466145,43.167370,-303.082611,-51.003277,-127.026886,-222.160690,-54.520645,-209.431381,12.927585,-54.344219,-127.298859,181.877899,-53.466995,272.305420,183.304611,-46.108070,356.975922,-50.493385,-46.942894,69.546692,14.021853,-54.881748,81.531090,497.308563,-10.957629
1312,6.560000,105.278992,263.135406,-49.436234,225.885818,-260.391022,-50.468422,43.164715,-303.082886,-51.006653,-127.031166,-222.159271,-54.515991,-209.430481,12.922760,-54.349552,-127.295998,181.872925,-53.465286,272.309265,183.298035,-46.108143,356.969971,-50.495243,-46.942051,69.546402,14.022747,-54.877140,81.530174,497.310181,-10.956509
1313,6.565000,105.273262,263.135925,-49.439575,225.886215,-260.391876,-50.469002,43.166424,-303.081970,-51.000553,-127.024086,-222.159439,-54.509773,-209.427612,12.929392,-54.348240,-127.301590,181.869583,-53.460861,272.308746,183.302048,-46.111908,356.971344,-50.495205,-46.937065,69.549538,14.022225,-54.878719,81.529915,497.307495,-10.961679
1314,6.570000,105.280312,263.134857,-49.428951,225.882385,-260.390564,-50.466045,43.165600,-303.076050,-51.004402,-127.024902,-222.156616,-54.510826,-209.433441,12.923504,-54.336105,-127.300873,181.873535,-53.462891,272.307007,183.302597,-46.109928,356.973999,-50.494457,-46.940483,69.541985,14.020262,-54.882015,81.534157,497.309509,-10.958536
1315,6.575000,105.269165,263.136383,-49.434189,225.892410,-260.382660,-50.463959,43.167461,-303.076935,-50.995590,-127.020554,-222.159561,-54.516521,-209.427704,12.923298,-54.344383,-127.302971,181.867767,-53.466251,272.308594,183.307785,-46.103004,356.974976,-50.491497,-46.940414,69.554779,14.019862,-54.883778,81.532974,497.311859,-10.960099
1316,6.580000,105.274399,263.142548,-49.433842,225.882828,-260.380890,-50.461197,43.165802,-303.078094,-51.005737,-127.032799,-222.161041,-54.514576,-209.430664,12.919347,-54.344551,-127.298233,181.876190,-53.461708,272.306763,183.308807,-46.099613,356.976166,-50.490185,-46.943211,69.550278,14.021377,-54.879456,81.530983,497.307709,-10.954756
1317,6.585000,105.278000,263.139343,-49.430069,225.884613,-260.380157,-50.467705,43.169159,-303.082458,-51.006390,-127.028946,-222.161636,-54.518089,-209.431168,12.924279,-54.339115,-127.297638,181.866653,-53.456821,272.303864,183.301773,-46.102444,356.976929,-50.489899,-46.936356,69.546104,14.019261,-54.882904,81.531097,497.312103,-10.961246
1318,6.590000,105.276825,263.137787,-49.428734,225.893692,-260.383575,-50.466576,43.169331,-303.079559,-50.994900,-127.021103,-222.157913,-54.518360,-209.428345,12.924778,-54.341904,-127.298233,181.872055,-53.456745,272.308105,183.305420,-46.103840,356.972443,-50.490246,-46.939602,69.554848,14.021481,-54.883354,81.531219,497.310638,-10.959901
1319,6.595000,105.277321,263.136200,-49.431030,225.887299,-260.380371,-50.467297,43.165726,-303.074066,-51.005680,-127.025116,-222.157928,-54.513523,-209.430176,12.928909,-54.340191,-127.293915,181.876053,-53.453983,272.314819,183.304764,-46.110390,356.976532,-50.494789,-46.941463,69.551361,14.022922,-54.874924,81.534302,497.313751,-10.964146
1320,6.600000,105.275757,263.139496,-49.430099,225.891922,-260.382233,-50.465485,43.163620,-303.077942,-50.999439,-127.024872,-222.153351,-54.508598,-209.427521,12.923418,-54.341297,-127.295837,181.873779,-53.456127,272.306274,183.301987,-46.097393,356.980011,-50.494846,-46.937241,69.544609,14.022696,-54.876877,81.532913,497.314911,-10.958080
1321,6.605000,105.279022,263.138672,-49.429817,225.885651,-260.385742,-50.464012,43.163124,-303.075348,-50.999321,-127.027077,-222.154373,-54.511185,-209.430405,12.926867,-54.333286,-127.301468,181.872620,-53.455433,272.311829,183.305542,-46.102642,356.975800,-50.494164,-46.934708,69.549942,14.017569,-54.882637,81.534782,497.307281,-10.953067
1322,6.610000,105.276176,263.139648,-49.431786,225.891815,-260.374786,-50.450584,43.170990,-303.080536,-51.003403,-127.021194,-222.158005,-54.511154,-209.427689,12.920623,-54.344837,-127.291527,181.872787,-53.450485,272.303406,183.305405,-46.099373,356.973602,-50.490063,-46.933262,69.549324,14.015652,-54.883530,81.529816,497.307312,-10.957147
1323,6.615000,105.271751,263.141541,-49.430305,225.893234,-260.380646,-50.456032,43.169003,-303.081329,-50.995434,-127.024445,-222.156006,-54.511494,-209.419876,12.924455,-54.339092,-127.296936,181.871033,-53.449490,272.306366,183.301514,-46.108414,356.979706,-50.490578,-46.931187,69.548798,14.015890,-54.881371,81.530800,497.310089,-10.959594
1324,6.620000,105.269852,263.134460,-49.431583,225.885208,-260.388428,-50.468124,43.168633,-303.082092,-50.997791,-127.025200,-222.163773,-54.512039,-209.430145,12.922781,-54.343018,-127.295166,181.871521,-53.449883,272.303711,183.303055,-46.107384,356.971344,-50.492939,-46.938179,69.553261,14.022698,-54.882015,81.530060,497.303345,-10.963724
1325,6.625000,105.277275,263.141022,-49.426174,225.889053,-260.384094,-50.464481,43.167831,-303.081207,-51.002670,-127.019600,-222.161896,-54.512421,-209.427704,12.916501,-54.338917,-127.298920,181.870850,-53.466717,272.306427,183.302505,-46.106293,356.976044,-50.491356,-46.937019,69.547958,14.020676,-54.876301,81.527435,497.308197,-10.957843
1326,6.630000,105.269753,263.133698,-49.430481,225.886871,-260.389771,-50.467575,43.167130,-303.082184,-51.001144,-127.024979,-222.163437,-54.520695,-209.428329,12.923102,-54.343639,-127.296059,181.871368,-53.460766,272.305695,183.295822,-46.102818,356.975220,-50.495426,-46.930763,69.544312,14.016631,-54.878117,81.532936,497.305267,-10.963916
1327,6.635000,105.277351,263.138947,-49.436893,225.891907,-260.381927,-50.458775,43.170364,-303.080505,-51.003910,-127.026367,-222.157761,-54.509480,-209.431076,12.925165,-54.348045,-127.302078,181.878265,-53.457680,272.310150,183.302048,-46.101849,356.975555,-50.494419,-46.934559,69.544312,14.015290,-54.882084,81.527237,497.311401,-10.962457
1328,6.640000,105.268448,263.140045,-49.437611,225.889114,-260.385895,-50.465092,43.163067,-303.079010,-51.002453,-127.025665,-222.162552,-54.518135,-209.424728,12.923487,-54.340294,-127.296463,181.874557,-53.459152,272.306488,183.302032,-46.103706,356.977631,-50.496258,-46.938042,69.546906,14.016557,-54.883091,81.530731,497.308228,-10.961587
1329,6.645000,105.277985,263.137512,-49.432751,225.888870,-260.381317,-50.463799,43.164608,-303.082428,-51.000019,-127.021568,-222.156677,-54.515987,-209.425842,12.927863,-54.339375,-127.298622,181.876846,-53.462318,272.304352,183.302383,-46.100624,356.978760,-50.492992,-46.936939,69.541382,14.022711,-54.881664,81.529106,497.311462,-10.964235
1330,6.650000,105.270432,263.140137,-49.428349,225.884552,-260.381073,-50.468269,43.168201,-303.078033,-50.996593,-127.021225,-222.155624,-54.516197,-209.433609,12.931211,-54.348995,-127.296326,181.873932,-53.455784,272.309479,183.303589,-46.102886,356.974091,-50.488701,-46.939758,69.550011,14.022372,-54.882893,81.526917,497.311310,-10.957913
1331,6.655000,105.276024,263.143036,-49.427048,225.890839,-260.376007,-50.457024,43.171310,-303.077484,-50.999950,-127.024368,-222.154129,-54.509220,-209.428238,12.922344,-54.351471,-127.302620,181.877579,-53.462143,272.306915,183.310852,-46.103207,356.977661,-50.489140,-46.935955,69.555107,14.022745,-54.877209,81.528275,497.312866,-10.957962
1332,6.660000,105.274818,263.139587,-49.424171,225.893433,-260.373352,-50.452831,43.166489,-303.077301,-51.001053,-127.027870,-222.156342,-54.520672,-209.429932,12.925900,-54.340176,-127.296371,181.880310,-53.448109,272.307861,183.306992,-46.104908,356.975250,-50.490158,-46.935905,69.547783,14.025108,-54.883163,81.527504,497.312866,-10.960106
1333,6.665000,105.276375,263.136444,-49.429047,225.893738,-260.376740,-50.454155,43.166496,-303.074005,-51.006065,-127.024574,-222.152710,-54.510399,-209.428101,12.929718,-54.342854,-127.299530,181.872162,-53.458721,272.311340,183.305984,-46.108448,356.977112,-50.490593,-46.932320,69.552444,14.020143,-54.879223,81.532463,497.310883,-10.957584
1334,6.670000,105.272400,263.138702,-49.430977,225.887039,-260.380920,-50.457973,43.169418,-303.076447,-51.005562,-127.027885,-222.157333,-54.511787,-209.429138,12.926154,-54.347019,-127.295959,181.874313,-53.452148,272.307098,183.300034,-46.107517,356.979523,-50.492496,-46.934624,69.552338,14.020274,-54.878128,81.530640,497.308441,-10.962054
1335,6.675000,105.274216,263.136993,-49.428234,225.887375,-260.390106,-50.463219,43.168835,-303.083008,-50.995083,-127.021072,-222.155914,-54.508011,-209.426987,12.929320,-54.348503,-127.296402,181.873627,-53.456745,272.309570,183.301300,-46.105339,356.976044,-50.491444,-46.935490,69.554596,14.020244,-54.882893,81.528526,497.309113,-10.963863
1336,6.680000,105.274170,263.136047,-49.430611,225.893265,-260.382812,-50.461723,43.163742,-303.082611,-51.003914,-127.023087,-222.162827,-54.521301,-209.427505,12.920766,-54.343327,-127.302887,181.872543,-53.464558,272.307159,183.302673,-46.109566,356.977783,-50.496834,-46.934990,69.549431,14.020799,-54.876972,81.531418,497.308563,-10.964171
1337,6.685000,105.280083,263.138397,-49.432629,225.891266,-260.388306,-50.461353,43.168785,-303.084930,-51.003304,-127.028244,-222.163025,-54.519596,-209.433426,12.914860,-54.351624,-127.302094,181.871735,-53.461056,272.309540,183.299637,-46.100098,356.975311,-50.496151,-46.937431,69.553520,14.019414,-54.882202,81.526375,497.307373,-10.960523
1338,6.690000,105.272339,263.137604,-49.429337,225.887421,-260.390472,-50.464844,43.169857,-303.082367,-51.008347,-127.019569,-222.164551,-54.514183,-209.433563,12.926008,-54.341904,-127.302422,181.866440,-53.459366,272.308655,183.299942,-46.112663,356.976501,-50.491646,-46.936954,69.549652,14.017497,-54.874958,81.527855,497.308136,-10.960398
1339,6.695000,105.269745,263.137695,-49.429543,225.891815,-260.380127,-50.457943,43.170063,-303.084106,-51.003834,-127.024681,-222.163803,-54.517166,-209.427505,12.924358,-54.342232,-127.300468,181.871719,-53.454662,272.307953,183.302231,-46.107052,356.973938,-50.491596,-46.941074,69.551659,14.020134,-54.871147,81.531364,497.309387,-10.964411
1340,6.700000,105.273338,263.143707,-49.430565,225.894348,-260.381989,-50.455383,43.165085,-303.075073,-51.002438,-127.020714,-222.160049,-54.512436,-209.427505,12.925507,-54.333130,-127.298828,181.869400,-53.460781,272.308807,183.306534,-46.104492,356.976532,-50.492321,-46.939991,69.554688,14.018615,-54.880608,81.531372,497.306915,-10.960864
1341,6.705000,105.277596,263.139557,-49.425259,225.887863,-260.382568,-50.456429,43.166130,-303.078033,-50.998516,-127.028618,-222.160751,-54.507721,-209.429977,12.924771,-54.335133,-127.295013,181.874268,-53.456207,272.313080,183.301620,-46.106827,356.975983,-50.493362,-46.935555,69.550659,14.021671,-54.877491,81.531052,497.307983,-10.964021
1342,6.710000,105.276459,263.139435,-49.427166,225.883179,-260.381317,-50.460453,43.166695,-303.078156,-51.000401,-127.025276,-222.154449,-54.509579,-209.423141,12.927637,-54.340919,-127.294434,181.872879,-53.454823,272.311584,183.296890,-46.105278,356.976105,-50.491096,-46.928799,69.554031,14.018732,-54.881432,81.531990,497.310394,-10.961864
1343,6.715000,105.275932,263.143341,-49.426353,225.892548,-260.381531,-50.450222,43.168797,-303.076965,-50.999847,-127.024353,-222.152634,-54.508144,-209.430969,12.927965,-54.345917,-127.293808,181.875443,-53.460197,272.307129,183.302216,-46.105194,356.973999,-50.493759,-46.939625,69.545898,14.018952,-54.876537,81.537750,497.312256,-10.956176
1344,6.720000,105.270882,263.141205,-49.438995,225.889648,-260.379120,-50.453632,43.165997,-303.071991,-51.001915,-127.030281,-222.155579,-54.514473,-209.427017,12.923528,-54.342625,-127.299713,181.873093,-53.454182,272.305023,183.309784,-46.099346,356.976410,-50.493160,-46.932102,69.546539,14.015062,-54.879292,81.529778,497.309784,-10.958714
1345,6.725000,105.272125,263.139465,-49.432133,225.887527,-260.381042,-50.456890,43.170830,-303.079468,-50.999889,-127.023888,-222.159302,-54.515118,-209.424988,12.927187,-54.340412,-127.302963,181.872421,-53.460602,272.308807,183.306747,-46.101711,356.971191,-50.487965,-46.936398,69.549797,14.022390,-54.879154,81.532715,497.312775,-10.957045
1346,6.730000,105.274277,263.140198,-49.429012,225.889114,-260.377533,-50.464741,43.162727,-303.077911,-50.996933,-127.025383,-222.158646,-54.507263,-209.429825,12.925067,-54.340485,-127.299683,181.875107,-53.452435,272.307281,183.302353,-46.110493,356.974457,-50.490086,-46.933197,69.547020,14.020066,-54.879227,81.525444,497.305725,-10.955428
1347,6.735000,105.274994,263.133148,-49.431961,225.885361,-260.383636,-50.464306,43.168892,-303.079346,-51.006893,-127.025932,-222.158371,-54.510483,-209.428574,12.920657,-54.344044,-127.302589,181.875320,-53.457039,272.306213,183.297195,-46.102547,356.975677,-50.492153,-46.932190,69.546852,14.017859,-54.885746,81.534332,497.308075,-10.965590
1348,6.740000,105.275932,263.134033,-49.436634,225.886902,-260.381561,-50.457386,43.170071,-303.081421,-51.000458,-127.027359,-222.151733,-54.508926,-209.427414,12.922071,-54.343842,-127.295433,181.876755,-53.455715,272.303894,183.301804,-46.105339,356.978729,-50.491344,-46.940430,69.544632,14.021706,-54.883881,81.526047,497.303894,-10.966719
1349,6.745000,105.276207,263.138885,-49.427170,225.889633,-260.385498,-50.462852,43.163750,-303.076660,-51.001019,-127.025810,-222.158829,-54.513355,-209.428162,12.924845,-54.347492,-127.297981,181.874268,-53.459312,272.307281,183.303696,-46.103134,356.974213,-50.493507,-46.933369,69.552147,14.022747,-54.880276,81.531372,497.310455,-10.961123
1350,6.750000,105.270859,263.137115,-49.430992,225.891251,-260.385468,-50.464394,43.163891,-303.085266,-51.008457,-127.026276,-222.159821,-54.514500,-209.430786,12.919801,-54.345646,-127.300026,181.872177,-53.465519,272.309967,183.303284,-46.110188,356.979523,-50.495918,-46.935040,69.549202,14.019943,-54.891830,81.530327,497.305084,-10.965983
1351,6.755000,105.271378,263.137756,-49.424820,225.886368,-260.385223,-50.467888,43.170113,-303.080780,-50.997459,-127.027138,-222.159988,-54.516979,-209.430191,12.926107,-54.340397,-127.295982,181.878571,-53.455502,272.305084,183.301727,-46.105942,356.974762,-50.491703,-46.932423,69.549599,14.022165,-54.880795,81.528351,497.308838,-10.960292
1352,6.760000,105.275558,263.137604,-49.428398,225.889603,-260.385254,-50.463459,43.167084,-303.083832,-51.004921,-127.024490,-222.156845,-54.511772,-209.432739,12.926069,-54.347366,-127.298515,181.873566,-53.459808,272.302521,183.305115,-46.102695,356.979126,-50.493248,-46.940918,69.547234,14.023542,-54.884533,81.531883,497.306885,-10.961062
1353,6.765000,105.273575,263.135986,-49.434490,225.889343,-260.386597,-50.467274,43.170261,-303.080505,-51.006615,-127.027946,-222.160172,-54.513931,-209.433014,12.923253,-54.349548,-127.296600,181.871613,-53.463261,272.301849,183.307343,-46.103348,356.974915,-50.489658,-46.934654,69.549149,14.017817,-54.873146,81.532013,497.311951,-10.962163
1354,6.770000,105.271606,263.140472,-49.421032,225.891068,-260.384857,-50.465618,43.169579,-303.083557,-51.003159,-127.023148,-222.154938,-54.515274,-209.429214,12.925776,-54.345711,-127.302376,181.875549,-53.460815,272.303833,183.306915,-46.103985,356.976501,-50.493248,-46.936802,69.545769,14.020591,-54.880775,81.530388,497.309753,-10.963387
1355,6.775000,105.273499,263.140015,-49.423504,225.893570,-260.379944,-50.455593,43.164364,-303.083160,-51.003471,-127.027901,-222.159729,-54.511669,-209.426559,12.928926,-54.336128,-127.293068,181.876053,-53.455940,272.310455,183.302399,-46.099903,356.977814,-50.493690,-46.938953,69.550255,14.018614,-54.881378,81.529305,497.313263,-10.958921
1356,6.780000,105.277771,263.137024,-49.426998,225.885483,-260.382080,-50.464489,43.170502,-303.074677,-50.999496,-127.027168,-222.155167,-54.511364,-209.421066,12.932308,-54.349510,-127.300125,181.880051,-53.453934,272.308868,183.299606,-46.099545,356.975952,-50.492561,-46.940495,69.548721,14.019593,-54.881100,81.529457,497.307739,-10.961450
1357,6.785000,105.276398,263.139435,-49.426800,225.889465,-260.376892,-50.457214,43.169487,-303.078583,-51.011524,-127.024811,-222.156433,-54.512211,-209.423615,12.930822,-54.336193,-127.296555,181.876968,-53.451885,272.307739,183.304825,-46.106709,356.981445,-50.493050,-46.937931,69.541748,14.016841,-54.879505,81.531952,497.308228,-10.962160
1358,6.790000,105.276443,263.141632,-49.426678,225.891586,-260.381165,-50.458874,43.168736,-303.079742,-51.002884,-127.024887,-222.154770,-54.504276,-209.430267,12.924082,-54.337650,-127.289833,181.873688,-53.458134,272.310974,183.306458,-46.110474,356.971436,-50.487625,-46.937279,69.546318,14.016063,-54.880482,81.536766,497.304779,-10.960697
1359,6.795000,105.275269,263.137238,-49.434994,225.889618,-260.378265,-50.465645,43.168537,-303.082581,-51.002243,-127.025009,-222.162506,-54.510803,-209.428009,12.927458,-54.344917,-127.302605,181.874115,-53.457390,272.309418,183.304291,-46.101799,356.974731,-50.491619,-46.930408,69.549553,14.013824,-54.876595,81.533195,497.312012,-10.966884
1360,6.800000,105.273788,263.136719,-49.432419,225.894470,-260.380432,-50.459782,43.170166,-303.078278,-51.003357,-127.025101,-222.158035,-54.510078,-209.429764,12.919540,-54.345795,-127.297180,181.872894,-53.456379,272.303131,183.306290,-46.100548,356.973633,-50.491714,-46.941486,69.550499,14.014090,-54.886356,81.532280,497.308380,-10.965614
1361,6.805000,105.271088,263.136841,-49.426235,225.887207,-260.388184,-50.469883,43.167606,-303.081512,-51.005955,-127.023979,-222.161453,-54.515858,-209.425446,12.925393,-54.339668,-127.297981,181.868042,-53.464550,272.306549,183.303757,-46.105125,356.977112,-50.493011,-46.940548,69.546577,14.018262,-54.883064,81.529373,497.309723,-10.961040
1362,6.810000,105.274605,263.137909,-49.429016,225.888245,-260.384949,-50.466839,43.167934,-303.077911,-50.997639,-127.019821,-222.159332,-54.509945,-209.426804,12.919077,-54.337280,-127.299202,181.874695,-53.459179,272.307556,183.299438,-46.108925,356.974487,-50.492031,-46.936577,69.547173,14.019154,-54.880310,81.531181,497.308044,-10.962056
1363,6.815000,105.277855,263.141388,-49.436146,225.888123,-260.392456,-50.469185,43.164867,-303.080566,-51.004639,-127.024338,-222.155090,-54.511715,-209.427673,12.921474,-54.358044,-127.296921,181.868561,-53.463203,272.310028,183.304016,-46.106922,356.971313,-50.493595,-46.940716,69.548271,14.018176,-54.890316,81.528351,497.308472,-10.962954
1364,6.820000,105.276192,263.135925,-49.428345,225.888489,-260.380890,-50.458454,43.166035,-303.081940,-50.999836,-127.020149,-222.159302,-54.516563,-209.429840,12.925715,-54.347031,-127.297821,181.874146,-53.471962,272.311005,183.302246,-46.103256,356.975281,-50.494278,-46.936089,69.547554,14.019958,-54.882336,81.528931,497.310974,-10.961946
1365,6.825000,105.276436,263.140808,-49.426933,225.890900,-260.381989,-50.459217,43.167934,-303.078979,-50.996490,-127.025902,-222.156784,-54.520557,-209.428314,12.925721,-54.341560,-127.299416,181.875565,-53.467342,272.308136,183.303223,-46.099102,356.975830,-50.493294,-46.936024,69.553589,14.019551,-54.886852,81.533798,497.309082,-10.965455
1366,6.830000,105.272621,263.137726,-49.434757,225.892166,-260.382965,-50.459560,43.175396,-303.077393,-51.002468,-127.025368,-222.156204,-54.516251,-209.428482,12.926497,-54.338135,-127.295403,181.877945,-53.457241,272.305847,183.304367,-46.109608,356.974854,-50.490295,-46.936832,69.555565,14.020953,-54.878220,81.533089,497.307800,-10.957392
1367,6.835000,105.269478,263.132751,-49.429264,225.893341,-260.383789,-50.465359,43.167610,-303.080170,-51.002731,-127.022804,-222.159927,-54.513027,-209.426392,12.924897,-54.352127,-127.300323,181.882172,-53.463615,272.307007,183.309097,-46.108257,356.975739,-50.490372,-46.933201,69.548843,14.024015,-54.885094,81.530220,497.310699,-10.959311
1368,6.840000,105.271660,263.137207,-49.436935,225.883469,-260.380127,-50.462528,43.174152,-303.076630,-51.004978,-127.023415,-222.158844,-54.509789,-209.425613,12.928322,-54.341396,-127.304214,181.874680,-53.457500,272.303711,183.306549,-46.110401,356.981079,-50.487770,-46.932446,69.543098,14.022521,-54.879822,81.526199,497.311615,-10.958482
1369,6.845000,105.274399,263.142120,-49.426586,225.887817,-260.379120,-50.459629,43.170673,-303.071960,-50.994747,-127.027649,-222.150650,-54.505695,-209.428177,12.924680,-54.339413,-127.293602,181.877411,-53.451740,272.309723,183.305786,-46.109245,356.976501,-50.490677,-46.939884,69.547844,14.020661,-54.877281,81.530487,497.309021,-10.961373
1370,6.850000,105.279022,263.139313,-49.422989,225.887039,-260.384125,-50.469181,43.169170,-303.080444,-51.002392,-127.024055,-222.155396,-54.511238,-209.429230,12.930326,-54.339436,-127.295044,181.875046,-53.456867,272.310944,183.302490,-46.107262,356.975861,-50.492706,-46.940842,69.545395,14.021170,-54.874184,81.530693,497.307465,-10.951320
1371,6.855000,105.272743,263.139313,-49.427509,225.885773,-260.386078,-50.474957,43.170277,-303.079681,-50.998608,-127.027718,-222.156815,-54.508545,-209.423965,12.926261,-54.342133,-127.295120,181.880692,-53.459991,272.306946,183.301346,-46.097374,356.975403,-50.490112,-46.940292,69.550003,14.016794,-54.881550,81.531319,497.304321,-10.962960
1372,6.860000,105.275925,263.138977,-49.428978,225.886002,-260.384766,-50.461754,43.163197,-303.082886,-51.004311,-127.023224,-222.160873,-54.513649,-209.429474,12.928239,-54.348694,-127.298355,181.877350,-53.455700,272.310150,183.303055,-46.102741,356.976685,-50.491634,-46.941566,69.551949,14.016944,-54.879532,81.527733,497.308746,-10.960445
1373,6.865000,105.273705,263.135712,-49.428291,225.887909,-260.382935,-50.464451,43.173191,-303.079926,-51.002102,-127.032120,-222.158524,-54.513588,-209.425674,12.926285,-54.340252,-127.302048,181.869568,-53.452568,272.307343,183.306503,-46.108009,356.977478,-50.490345,-46.944580,69.550797,14.017229,-54.883385,81.524544,497.308655,-10.962938
1374,6.870000,105.270943,263.141357,-49.428326,225.889893,-260.386414,-50.459122,43.166737,-303.079041,-51.000710,-127.025993,-222.160324,-54.520485,-209.424820,12.921020,-54.345280,-127.301308,181.870560,-53.460724,272.307678,183.298767,-46.107536,356.976562,-50.494175,-46.933651,69.548065,14.015689,-54.882477,81.532005,497.306305,-10.955286
1375,6.875000,105.271805,263.139496,-49.421501,225.891434,-260.387085,-50.461563,43.168755,-303.088531,-51.007828,-127.026405,-222.160141,-54.509186,-209.427124,12.922297,-54.347191,-127.299759,181.873413,-53.456768,272.307709,183.303528,-46.106750,356.971680,-50.493984,-46.936703,69.548424,14.018914,-54.881664,81.528023,497.305023,-10.957243
1376,6.880000,105.274086,263.134766,-49.425617,225.886353,-260.385071,-50.458344,43.170071,-303.083862,-51.002914,-127.022446,-222.162720,-54.518814,-209.428040,12.924744,-54.336586,-127.299416,181.873962,-53.467018,272.305969,183.301315,-46.106850,356.973206,-50.492821,-46.929092,69.550323,14.013624,-54.884048,81.530525,497.306427,-10.959804
1377,6.885000,105.278923,263.137970,-49.429523,225.889847,-260.382111,-50.463566,43.166138,-303.083374,-50.992241,-127.025398,-222.156982,-54.518158,-209.428833,12.923737,-54.341091,-127.295837,181.872711,-53.457615,272.309082,183.305389,-46.104664,356.979065,-50.490150,-46.938679,69.548317,14.021663,-54.877911,81.529350,497.307892,-10.960905
1378,6.890000,105.282059,263.137878,-49.434952,225.886978,-260.381836,-50.460037,43.163025,-303.075287,-51.009293,-127.021324,-222.157333,-54.518833,-209.429871,12.932074,-54.344135,-127.298592,181.878098,-53.459827,272.306427,183.304871,-46.104683,356.972626,-50.494740,-46.941246,69.546341,14.021132,-54.879852,81.531410,497.311768,-10.957268
1379,6.895000,105.279549,263.141907,-49.428875,225.887146,-260.380524,-50.466164,43.164417,-303.077606,-51.000431,-127.027374,-222.154694,-54.507751,-209.430954,12.924133,-54.351200,-127.290276,181.876404,-53.458179,272.307343,183.302658,-46.092602,356.971771,-50.495689,-46.937923,69.553963,14.018333,-54.881092,81.531433,497.311157,-10.958132
1380,6.900000,105.274307,263.143219,-49.433056,225.892242,-260.379578,-50.462208,43.168312,-303.078735,-51.007622,-127.026695,-222.154800,-54.504913,-209.428604,12.926864,-54.344559,-127.300140,181.876251,-53.463833,272.310272,183.305893,-46.103760,356.976196,-50.491783,-46.936176,69.551331,14.019111,-54.884361,81.529480,497.307404,-10.956263
1381,6.905000,105.275444,263.144958,-49.434101,225.893005,-260.378906,-50.463280,43.166756,-303.078064,-51.003334,-127.024170,-222.155991,-54.507149,-209.429138,12.921535,-54.338135,-127.295944,181.872681,-53.458347,272.306946,183.305923,-46.105556,356.978760,-50.490841,-46.934738,69.548233,14.018511,-54.875061,81.526840,497.306976,-10.956534
1382,6.910000,105.272064,263.136841,-49.430161,225.886841,-260.377594,-50.468182,43.167206,-303.077667,-51.005478,-127.025764,-222.154419,-54.510555,-209.423615,12.929730,-54.344902,-127.300591,181.874084,-53.457123,272.307831,183.308670,-46.106918,356.977478,-50.490051,-46.932526,69.549667,14.022170,-54.890179,81.530853,497.306824,-10.958624
1383,6.915000,105.271629,263.138428,-49.429710,225.891678,-260.383026,-50.458172,43.163391,-303.079010,-50.997139,-127.027977,-222.161636,-54.515400,-209.429535,12.922450,-54.341625,-127.299652,181.878662,-53.457123,272.306427,183.301178,-46.112026,356.970306,-50.496635,-46.927753,69.544113,14.019569,-54.879864,81.527550,497.311615,-10.962783
1384,6.920000,105.278290,263.139221,-49.425156,225.893509,-260.378845,-50.454422,43.170773,-303.076935,-50.998657,-127.030594,-222.160858,-54.519329,-209.430893,12.917047,-54.347260,-127.295853,181.873932,-53.461185,272.307220,183.305374,-46.098721,356.973480,-50.492054,-46.934513,69.545601,14.019423,-54.882790,81.529381,497.306000,-10.961155
1385,6.925000,105.273842,263.141937,-49.429394,225.884674,-260.388275,-50.470856,43.166016,-303.080963,-51.003353,-127.028305,-222.154282,-54.515129,-209.430511,12.925573,-54.343781,-127.302376,181.878006,-53.462894,272.307892,183.303299,-46.103649,356.975708,-50.496315,-46.943600,69.550179,14.023404,-54.881252,81.527885,497.309326,-10.963240
1386,6.930000,105.274399,263.139099,-49.436939,225.886856,-260.382690,-50.462765,43.169773,-303.081665,-51.003002,-127.022446,-222.157532,-54.510536,-209.425476,12.923141,-54.340565,-127.293259,181.871689,-53.460358,272.307953,183.303513,-46.109066,356.972534,-50.500305,-46.938332,69.551979,14.022612,-54.884155,81.526878,497.310608,-10.961361
1387,6.935000,105.272606,263.134674,-49.435829,225.886642,-260.384125,-50.465931,43.166100,-303.083130,-51.007717,-127.028618,-222.158035,-54.514744,-209.427673,12.922660,-54.347301,-127.302139,181.872543,-53.453732,272.308777,183.300980,-46.109867,356.972961,-50.491783,-46.936180,69.547012,14.022632,-54.879509,81.530754,497.304718,-10.955924
1388,6.940000,105.269409,263.132843,-49.430477,225.881012,-260.384888,-50.471313,43.165218,-303.084045,-51.011784,-127.030151,-222.159912,-54.511314,-209.429947,12.921935,-54.338737,-127.302170,181.868408,-53.453419,272.306641,183.301956,-46.105835,356.973694,-50.494778,-46.934177,69.551933,14.018478,-54.888840,81.532837,497.305847,-10.958631
1389,6.945000,105.271019,263.140259,-49.429111,225.887085,-260.383362,-50.467720,43.164864,-303.078339,-51.003029,-127.023979,-222.163757,-54.516918,-209.432892,12.924393,-54.342407,-127.300415,181.872513,-53.465183,272.309418,183.300949,-46.101334,356.978455,-50.490910,-46.932426,69.548805,14.020863,-54.873997,81.527496,497.306732,-10.960941
1390,6.950000,105.275810,263.136871,-49.433788,225.886200,-260.380829,-50.453526,43.168369,-303.082581,-51.002895,-127.024559,-222.154984,-54.509377,-209.424332,12.927697,-54.333927,-127.295166,181.866226,-53.457127,272.309265,183.301331,-46.118389,356.972717,-50.492805,-46.936813,69.555374,14.022426,-54.873661,81.530624,497.313080,-10.956040
1391,6.955000,105.272179,263.139008,-49.430428,225.886490,-260.387207,-50.466713,43.164604,-303.080872,-51.003254,-127.027374,-222.160172,-54.513557,-209.421997,12.926600,-54.343826,-127.296211,181.874008,-53.452450,272.308319,183.302963,-46.105087,356.975372,-50.494331,-46.935638,69.547440,14.021482,-54.879738,81.533104,497.314819,-10.957419
1392,6.960000,105.278694,263.140808,-49.438599,225.885803,-260.379730,-50.455036,43.167511,-303.078491,-50.998695,-127.025368,-222.153732,-54.514660,-209.425415,12.930312,-54.339039,-127.295761,181.871262,-53.459522,272.308014,183.302582,-46.099590,356.977112,-50.491096,-46.930168,69.547401,14.023720,-54.881161,81.531891,497.308380,-10.957678
1393,6.965000,105.278809,263.134857,-49.427090,225.888916,-260.380829,-50.467728,43.166016,-303.076355,-50.999722,-127.022774,-222.157379,-54.511951,-209.428635,12.927334,-54.349545,-127.297371,181.879745,-53.466152,272.316650,183.306564,-46.098179,356.971069,-50.494034,-46.942024,69.550171,14.016155,-54.884674,81.531281,497.308014,-10.956141
1394,6.970000,105.282776,263.138031,-49.431843,225.886581,-260.382996,-50.468040,43.162560,-303.078369,-51.001205,-127.028954,-222.153870,-54.512074,-209.429825,12.922471,-54.344261,-127.297867,181.874756,-53.468781,272.308868,183.302322,-46.107391,356.981689,-50.491238,-46.929920,69.548668,14.020355,-54.876598,81.524506,497.311859,-10.963363
1395,6.975000,105.273933,263.138458,-49.425972,225.887527,-260.380554,-50.459217,43.176083,-303.079742,-50.999195,-127.028465,-222.151978,-54.511917,-209.426819,12.925186,-54.338642,-127.295731,181.874680,-53.460518,272.302612,183.304825,-46.113789,356.973480,-50.492374,-46.939823,69.552032,14.023434,-54.872761,81.530228,497.307678,-10.958760
1396,6.980000,105.273628,263.137512,-49.429176,225.883636,-260.389160,-50.467945,43.170055,-303.080811,-51.005234,-127.029343,-222.161270,-54.506901,-209.431427,12.924984,-54.336502,-127.301277,181.871933,-53.461113,272.298859,183.306931,-46.099876,356.975861,-50.490387,-46.934795,69.551079,14.016210,-54.881279,81.528206,497.310547,-10.954590
1397,6.985000,105.276344,263.136780,-49.427597,225.894669,-260.383362,-50.454506,43.172455,-303.085754,-51.000729,-127.019882,-222.159943,-54.513313,-209.424988,12.926546,-54.342850,-127.303673,181.875748,-53.459309,272.310150,183.302704,-46.104240,356.977478,-50.492207,-46.938496,69.547554,14.017709,-54.880100,81.529640,497.306915,-10.962583
1398,6.990000,105.274155,263.140442,-49.432262,225.887497,-260.388306,-50.468292,43.160980,-303.077148,-50.996788,-127.021683,-222.162445,-54.515205,-209.428558,12.926630,-54.338005,-127.301338,181.871521,-53.463245,272.305145,183.307465,-46.106522,356.975830,-50.490700,-46.930420,69.544052,14.018714,-54.883587,81.525597,497.306427,-10.966140
1399,6.995000,105.276466,263.144287,-49.423714,225.884735,-260.385834,-50.461414,43.165730,-303.078796,-51.009907,-127.030327,-222.157410,-54.510891,-209.429153,12.928055,-54.343040,-127.298714,181.877136,-53.460163,272.303375,183.303894,-46.109547,356.973175,-50.489338,-46.932133,69.552582,14.023092,-54.882881,81.529457,497.306030,-10.960481
1400,7.000000,105.275932,263.135651,-49.431450,225.882843,-260.386200,-50.462440,43.172310,-303.080658,-51.009914,-127.025780,-222.158173,-54.510891,-209.425217,12.923958,-54.346096,-127.300072,181.872482,-53.462151,272.311859,183.302368,-46.107067,356.979340,-50.494911,-46.939198,69.553925,14.018469,-54.882668,81.531044,497.304413,-10.961818
1401,7.005000,105.278198,263.135986,-49.429699,225.882156,-260.384857,-50.468052,43.164043,-303.081177,-51.004742,-127.030327,-222.159988,-54.511147,-209.431580,12.922643,-54.341293,-127.304451,181.872055,-53.457718,272.305511,183.306961,-46.106449,356.977661,-50.492306,-46.926849,69.550346,14.019037,-54.875961,81.529953,497.305328,-10.959804
1402,7.010000,105.274307,263.138611,-49.427792,225.892242,-260.385864,-50.458431,43.168678,-303.079193,-50.989609,-127.028915,-222.161301,-54.518486,-209.422104,12.928169,-54.342278,-127.303001,181.876648,-53.460140,272.309387,183.301422,-46.109100,356.978363,-50.491367,-46.931816,69.550606,14.024522,-54.878128,81.527359,497.305298,-10.959700
1403,7.015000,105.273201,263.140167,-49.440144,225.889114,-260.385864,-50.471088,43.168552,-303.081970,-51.003170,-127.032372,-222.158188,-54.514412,-209.425781,12.925941,-54.345524,-127.302658,181.877274,-53.455906,272.310181,183.306015,-46.099155,356.976532,-50.490070,-46.932652,69.547440,14.019714,-54.884373,81.530373,497.313019,-10.959939
1404,7.020000,105.273743,263.140442,-49.422485,225.890274,-260.381042,-50.466637,43.167545,-303.078186,-51.000980,-127.027557,-222.156845,-54.510284,-209.428024,12.928202,-54.334969,-127.303360,181.878265,-53.455956,272.307343,183.304337,-46.108875,356.978363,-50.491207,-46.933205,69.546364,14.021948,-54.881016,81.525307,497.309296,-10.963002
1405,7.025000,105.276550,263.138519,-49.432304,225.892410,-260.378510,-50.461201,43.166847,-303.077484,-51.005222,-127.022507,-222.151764,-54.509682,-209.426651,12.923334,-54.333912,-127.295464,181.878479,-53.450787,272.308960,183.302200,-46.096264,356.976074,-50.493698,-46.945217,69.547668,14.018458,-54.885357,81.533295,497.310120,-10.953141
1406,7.030000,105.277260,263.139923,-49.427757,225.891541,-260.383789,-50.458954,43.169415,-303.079285,-51.000240,-127.025696,-222.155518,-54.505753,-209.422272,12.925220,-54.343235,-127.295181,181.880951,-53.454475,272.308899,183.307785,-46.098988,356.974091,-50.494690,-46.943054,69.550247,14.017721,-54.878586,81.533592,497.308746,-10.959900
1407,7.035000,105.277084,263.142395,-49.427753,225.885300,-260.385193,-50.473877,43.166855,-303.077728,-51.000969,-127.027229,-222.158569,-54.512367,-209.426575,12.928727,-54.341396,-127.297562,181.873459,-53.454521,272.309052,183.304092,-46.103283,356.979004,-50.486996,-46.930882,69.540123,14.018294,-54.876289,81.526726,497.309570,-10.958245
1408,7.040000,105.274719,263.144043,-49.433929,225.882324,-260.383545,-50.464375,43.158005,-303.078186,-51.008305,-127.029182,-222.157761,-54.514008,-209.432327,12.926092,-54.347519,-127.296730,181.874191,-53.457649,272.309357,183.297821,-46.109970,356.975677,-50.495193,-46.935452,69.546677,14.015949,-54.887047,81.529015,497.306641,-10.965802
1409,7.045000,105.275253,263.138763,-49.430176,225.890793,-260.384430,-50.468582,43.171688,-303.074371,-50.998234,-127.025276,-222.159714,-54.514996,-209.428131,12.924482,-54.349503,-127.295227,181.875565,-53.459789,272.307648,183.299454,-46.106129,356.976990,-50.488304,-46.934155,69.547272,14.014851,-54.887150,81.529808,497.303986,-10.959074
1410,7.050000,105.279495,263.134064,-49.433613,225.889664,-260.385925,-50.467007,43.168568,-303.083679,-51.001854,-127.029358,-222.164993,-54.517265,-209.427185,12.922733,-54.345325,-127.294975,181.873032,-53.461872,272.308105,183.303085,-46.104179,356.974304,-50.489597,-46.936069,69.550262,14.019072,-54.877113,81.529648,497.304871,-10.958469
1411,7.055000,105.269112,263.135040,-49.428383,225.892303,-260.383301,-50.452824,43.168659,-303.079437,-51.004601,-127.024277,-222.159134,-54.511436,-209.432541,12.922759,-54.344780,-127.298515,181.875626,-53.452579,272.310364,183.302231,-46.101765,356.981873,-50.490051,-46.928246,69.551292,14.018544,-54.875786,81.532417,497.308929,-10.957873
1412,7.060000,105.272179,263.140259,-49.423565,225.885056,-260.385712,-50.465130,43.169540,-303.080292,-50.997715,-127.024071,-222.157959,-54.507378,-209.428177,12.924467,-54.344734,-127.296509,181.871857,-53.457558,272.308594,183.300903,-46.100975,356.976501,-50.489697,-46.931610,69.545708,14.020018,-54.878262,81.527832,497.305573,-10.959760
1413,7.065000,105.277924,263.134583,-49.438133,225.885178,-260.386932,-50.472176,43.164783,-303.083740,-51.003624,-127.028435,-222.155731,-54.515030,-209.428558,12.925533,-54.342262,-127.299812,181.873810,-53.467205,272.310760,183.302383,-46.107582,356.976074,-50.494907,-46.929882,69.553314,14.019907,-54.881332,81.529915,497.309967,-10.963368
1414,7.070000,105.274902,263.141663,-49.434643,225.890701,-260.384155,-50.452950,43.166336,-303.081390,-51.000271,-127.024803,-222.153931,-54.514099,-209.426254,12.925363,-54.337307,-127.291473,181.877350,-53.454887,272.309082,183.303772,-46.105579,356.971466,-50.493565,-46.934536,69.543526,14.019379,-54.881351,81.529770,497.307037,-10.955597
1415,7.075000,105.273209,263.140320,-49.425781,225.891602,-260.382599,-50.455524,43.166180,-303.080048,-51.008007,-127.028229,-222.157730,-54.511887,-209.427231,12.924540,-54.345352,-127.299561,181.877182,-53.461983,272.309906,183.301239,-46.110508,356.977325,-50.495399,-46.937569,69.552467,14.017913,-54.891003,81.533669,497.310455,-10.956763
1416,7.080000,105.277260,263.137878,-49.434864,225.886673,-260.381317,-50.452343,43.164425,-303.077728,-51.005360,-127.027306,-222.157639,-54.513100,-209.425980,12.926650,-54.348236,-127.297668,181.873367,-53.455910,272.303894,183.306381,-46.101852,356.974976,-50.491116,-46.924519,69.549568,14.019037,-54.881519,81.528297,497.311188,-10.958617
1417,7.085000,105.274803,263.139648,-49.431892,225.890564,-260.378082,-50.455193,43.165939,-303.072845,-50.992779,-127.026619,-222.152679,-54.510387,-209.426025,12.926188,-54.342896,-127.299355,181.868546,-53.457863,272.309143,183.303070,-46.097038,356.971130,-50.491127,-46.938644,69.558220,14.020581,-54.881565,81.530968,497.306549,-10.958474
1418,7.090000,105.274086,263.141907,-49.427879,225.894440,-260.379150,-50.462376,43.167496,-303.080414,-51.002712,-127.021896,-222.157074,-54.515762,-209.423370,12.926698,-54.335522,-127.298325,181.874023,-53.454090,272.305084,183.305176,-46.099949,356.973419,-50.491386,-46.933331,69.546577,14.019799,-54.879478,81.528008,497.305420,-10.960402
1419,7.095000,105.271355,263.138855,-49.430016,225.888535,-260.380249,-50.455688,43.165695,-303.075836,-50.996746,-127.021149,-222.157471,-54.514225,-209.429703,12.922029,-54.345638,-127.295464,181.874756,-53.459251,272.304993,183.304718,-46.104774,356.975616,-50.488071,-46.931881,69.552475,14.027420,-54.877106,81.529327,497.309174,-10.961381
1420,7.100000,105.277756,263.139587,-49.434265,225.885956,-260.379333,-50.455803,43.168339,-303.078888,-51.005196,-127.024574,-222.153564,-54.513618,-209.430054,12.932119,-54.336662,-127.298714,181.875397,-53.458427,272.307220,183.310425,-46.109535,356.975647,-50.493664,-46.932064,69.548218,14.022962,-54.885601,81.526001,497.306122,-10.962767
1421,7.105000,105.271500,263.136414,-49.429695,225.888809,-260.392853,-50.470013,43.162849,-303.083618,-51.001652,-127.024948,-222.155045,-54.510849,-209.426651,12.925709,-54.348457,-127.299591,181.871826,-53.461948,272.304871,183.302536,-46.109272,356.978577,-50.492260,-46.930489,69.545860,14.020089,-54.883736,81.533600,497.307556,-10.953804
1422,7.110000,105.273209,263.137695,-49.430824,225.885559,-260.386749,-50.473904,43.167503,-303.080292,-51.002354,-127.024887,-222.158157,-54.519417,-209.429077,12.927922,-54.341145,-127.294662,181.874542,-53.463619,272.311310,183.299438,-46.101799,356.973175,-50.497120,-46.939308,69.552750,14.017893,-54.883080,81.527214,497.307983,-10.961038
1423,7.115000,105.276306,263.135071,-49.428555,225.890488,-260.383270,-50.460899,43.165672,-303.080841,-51.006756,-127.026306,-222.154846,-54.509541,-209.427170,12.928687,-54.339314,-127.297806,181.869217,-53.459534,272.312683,183.300522,-46.106564,356.974487,-50.491680,-46.933319,69.546791,14.022101,-54.882839,81.526459,497.308990,-10.965984
1424,7.120000,105.275841,263.136169,-49.432789,225.889740,-260.387207,-50.473232,43.165550,-303.081055,-51.000271,-127.022224,-222.161758,-54.509678,-209.432663,12.923912,-54.346977,-127.297478,181.869537,-53.459541,272.304932,183.299927,-46.103916,356.972015,-50.490856,-46.941570,69.548454,14.022279,-54.875927,81.525909,497.311615,-10.963937
1425,7.125000,105.271698,263.134186,-49.432098,225.885925,-260.385071,-50.474922,43.169170,-303.079559,-51.002449,-127.019066,-222.160904,-54.524700,-209.433441,12.923382,-54.346275,-127.304688,181.875702,-53.465763,272.305817,183.303497,-46.099182,356.975525,-50.491299,-46.937733,69.549957,14.021693,-54.876419,81.533012,497.310638,-10.959661
1426,7.130000,105.276901,263.139130,-49.428154,225.888641,-260.380585,-50.461044,43.166645,-303.080994,-51.010834,-127.028687,-222.162720,-54.519009,-209.434219,12.927143,-54.350533,-127.303375,181.876053,-53.463657,272.304962,183.303024,-46.105152,356.976257,-50.494423,-46.936829,69.552513,14.022878,-54.885849,81.530243,497.305328,-10.958305
1427,7.135000,105.277557,263.138184,-49.438187,225.888153,-260.384155,-50.451561,43.168888,-303.074585,-51.001621,-127.028526,-222.159470,-54.516361,-209.434875,12.925503,-54.349693,-127.295319,181.878586,-53.462536,272.303497,183.303070,-46.105507,356.977997,-50.488113,-46.934303,69.552765,14.021851,-54.879028,81.530190,497.311005,-10.952812
1428,7.140000,105.277443,263.144043,-49.428761,225.887100,-260.382965,-50.464756,43.168018,-303.078766,-51.007458,-127.026779,-222.153229,-54.510674,-209.428955,12.929510,-54.345695,-127.299042,181.872070,-53.460438,272.309021,183.302643,-46.101254,356.977936,-50.488533,-46.935879,69.553123,14.019493,-54.887096,81.532814,497.309998,-10.964850
1429,7.145000,105.272812,263.139648,-49.432487,225.890884,-260.376617,-50.450886,43.167698,-303.079102,-51.004879,-127.022415,-222.162613,-54.511700,-209.425400,12.924617,-54.338051,-127.297104,181.879578,-53.454617,272.308746,183.302994,-46.104919,356.971130,-50.492069,-46.935471,69.546593,14.019778,-54.876362,81.528877,497.311493,-10.962985
1430,7.150000,105.277771,263.142273,-49.430550,225.890976,-260.380493,-50.456585,43.166683,-303.073883,-51.009632,-127.023323,-222.158432,-54.515388,-209.428375,12.924517,-54.335968,-127.298218,181.875168,-53.463806,272.306610,183.306412,-46.107098,356.974976,-50.492718,-46.931866,69.548019,14.024561,-54.880791,81.533226,497.305084,-10.954722
1431,7.155000,105.276634,263.138947,-49.434826,225.892944,-260.381287,-50.466900,43.165714,-303.082733,-51.006847,-127.024963,-222.157883,-54.516022,-209.428894,12.928721,-54.340866,-127.293007,181.877136,-53.459496,272.305908,183.306381,-46.101967,356.975464,-50.490646,-46.937225,69.551170,14.023712,-54.882267,81.528358,497.308868,-10.952656
1432,7.160000,105.276054,263.139038,-49.432446,225.889328,-260.381683,-50.459888,43.167606,-303.077881,-51.000488,-127.025131,-222.159622,-54.514858,-209.430145,12.924930,-54.345169,-127.296936,181.869385,-53.456818,272.305420,183.302750,-46.098602,356.973999,-50.493237,-46.938900,69.546967,14.020851,-54.883755,81.531624,497.310547,-10.957027
1433,7.165000,105.270607,263.142670,-49.434917,225.885605,-260.384155,-50.461933,43.167530,-303.078339,-50.996822,-127.026123,-222.160141,-54.517303,-209.426315,12.920671,-54.346855,-127.303032,181.873077,-53.467003,272.308777,183.306061,-46.108990,356.972626,-50.492531,-46.939636,69.547043,14.022781,-54.875931,81.528275,497.309631,-10.961769
1434,7.170000,105.270462,263.137543,-49.426178,225.890381,-260.382294,-50.462059,43.172615,-303.077698,-51.003536,-127.025978,-222.161682,-54.517277,-209.427933,12.924444,-54.345333,-127.296310,181.874603,-53.457996,272.303192,183.306213,-46.100967,356.975372,-50.495079,-46.932529,69.551895,14.019510,-54.877262,81.529434,497.306335,-10.967050
1435,7.175000,105.273079,263.136566,-49.435661,225.887161,-260.384399,-50.456989,43.172684,-303.082458,-51.005287,-127.024460,-222.153870,-54.509174,-209.432281,12.920771,-54.348354,-127.302719,181.871399,-53.457825,272.305969,183.297821,-46.106575,356.979950,-50.494705,-46.933987,69.554184,14.017609,-54.887985,81.532639,497.308502,-10.956776
1436,7.180000,105.276146,263.139862,-49.434742,225.886765,-260.382965,-50.464809,43.170555,-303.079987,-50.997692,-127.028542,-222.157883,-54.508095,-209.428024,12.925534,-54.340115,-127.300636,181.871353,-53.461021,272.306732,183.300766,-46.103416,356.978699,-50.495861,-46.933804,69.547226,14.019989,-54.879452,81.526733,497.310394,-10.960414
1437,7.185000,105.275108,263.137085,-49.428806,225.887787,-260.384583,-50.462765,43.165611,-303.074951,-50.998947,-127.025040,-222.162903,-54.509922,-209.425507,12.922449,-54.342228,-127.295555,181.880081,-53.456146,272.306152,183.304169,-46.105972,356.976196,-50.488930,-46.935791,69.548508,14.024557,-54.880119,81.531982,497.310974,-10.961539
1438,7.190000,105.274414,263.143860,-49.430630,225.886322,-260.381134,-50.460419,43.169353,-303.080078,-51.002110,-127.027351,-222.153717,-54.509956,-209.430130,12.925679,-54.345585,-127.305222,181.875595,-53.457882,272.302368,183.303268,-46.112076,356.974579,-50.494019,-46.937260,69.552376,14.019707,-54.882740,81.531319,497.310669,-10.961161
1439,7.195000,105.269493,263.141968,-49.429058,225.890015,-260.382355,-50.467941,43.165409,-303.077545,-51.009102,-127.028374,-222.158112,-54.514351,-209.433334,12.924451,-54.346134,-127.298180,181.872833,-53.459068,272.307343,183.303909,-46.104366,356.979095,-50.492825,-46.941738,69.547188,14.014560,-54.882347,81.527649,497.311188,-10.957925
1440,7.200000,105.273392,263.139862,-49.438568,225.889008,-260.382233,-50.458168,43.169083,-303.076996,-51.001419,-127.026367,-222.156525,-54.514786,-209.430328,12.920933,-54.347897,-127.303017,181.875534,-53.462746,272.305847,183.310196,-46.105556,356.977295,-50.489628,-46.931973,69.546120,14.023368,-54.876724,81.530457,497.309875,-10.960592
1441,7.205000,105.273514,263.144470,-49.432297,225.894989,-260.382111,-50.465672,43.168274,-303.076538,-50.995701,-127.023888,-222.155014,-54.513069,-209.430099,12.924253,-54.346523,-127.300308,181.876358,-53.471485,272.305267,183.304688,-46.105614,356.977203,-50.487820,-46.938244,69.548775,14.021832,-54.881649,81.530098,497.309692,-10.956624
1442,7.210000,105.273682,263.142273,-49.432213,225.895645,-260.376343,-50.453537,43.164032,-303.083893,-51.004200,-127.023163,-222.158401,-54.516621,-209.429428,12.930280,-54.345695,-127.299530,181.880371,-53.461304,272.308990,183.305542,-46.104824,356.974182,-50.486347,-46.931885,69.552582,14.021217,-54.876312,81.531921,497.312256,-10.954558
1443,7.215000,105.270889,263.141449,-49.428566,225.883484,-260.382904,-50.473381,43.168648,-303.078888,-51.004147,-127.025948,-222.160645,-54.512257,-209.430832,12.926968,-54.343254,-127.295670,181.876526,-53.461979,272.305481,183.302902,-46.114399,356.974304,-50.491451,-46.932152,69.547455,14.016685,-54.885986,81.531616,497.310822,-10.962177
1444,7.220000,105.276527,263.139557,-49.429985,225.885910,-260.379852,-50.463566,43.165886,-303.080383,-51.003384,-127.026451,-222.161179,-54.513477,-209.426819,12.925193,-54.342316,-127.298653,181.877136,-53.455116,272.304932,183.298447,-46.108894,356.971497,-50.491985,-46.938499,69.547989,14.018827,-54.880936,81.528809,497.312805,-10.964179
1445,7.225000,105.277420,263.136414,-49.437740,225.887238,-260.384979,-50.465492,43.170139,-303.080261,-50.997608,-127.026779,-222.157394,-54.515011,-209.428650,12.928214,-54.344013,-127.301125,181.874603,-53.456059,272.310303,183.299576,-46.109859,356.976013,-50.488258,-46.937546,69.546814,14.023813,-54.879673,81.529289,497.307709,-10.961314
1446,7.230000,105.269516,263.138733,-49.433430,225.887466,-260.386475,-50.463329,43.165932,-303.079895,-51.004951,-127.024132,-222.157364,-54.511250,-209.427277,12.927806,-54.344791,-127.298103,181.875946,-53.460957,272.306519,183.308243,-46.108158,356.973389,-50.490402,-46.935898,69.553894,14.019846,-54.882221,81.527435,497.308716,-10.960362
1447,7.235000,105.271515,263.134918,-49.428787,225.888062,-260.388092,-50.466541,43.168865,-303.080505,-51.004917,-127.027229,-222.162308,-54.517738,-209.428894,12.922921,-54.341560,-127.300056,181.874969,-53.456615,272.304718,183.306412,-46.108200,356.972992,-50.493958,-46.932266,69.545868,14.018285,-54.880314,81.535271,497.309662,-10.960029
1448,7.240000,105.269188,263.138611,-49.436836,225.885513,-260.381348,-50.467964,43.163727,-303.078064,-51.005100,-127.024185,-222.158875,-54.511707,-209.427994,12.922379,-54.344612,-127.301231,181.871902,-53.460739,272.303131,183.300461,-46.104412,356.977020,-50.490181,-46.934937,69.552460,14.017488,-54.884602,81.532814,497.308533,-10.964916
1449,7.245000,105.270988,263.138702,-49.435280,225.888824,-260.380615,-50.456692,43.168709,-303.079620,-50.999092,-127.029465,-222.156998,-54.515884,-209.425934,12.926339,-54.341175,-127.296669,181.876190,-53.457024,272.305054,183.300827,-46.105762,356.979004,-50.492981,-46.936954,69.551414,14.017801,-54.878185,81.532257,497.308014,-10.965431
1450,7.250000,105.273094,263.136688,-49.432487,225.886932,-260.381531,-50.457390,43.168865,-303.076050,-50.997314,-127.025040,-222.159317,-54.514610,-209.436722,12.923786,-54.345325,-127.295494,181.872955,-53.461334,272.306702,183.300735,-46.108620,356.976044,-50.492344,-46.937172,69.548843,14.025023,-54.876858,81.531387,497.310150,-10.964926
1451,7.255000,105.270088,263.140320,-49.428707,225.884827,-260.386658,-50.474503,43.168472,-303.082062,-51.006863,-127.020744,-222.157608,-54.512676,-209.428452,12.927518,-54.338535,-127.296448,181.874496,-53.459240,272.311371,183.301025,-46.099682,356.974365,-50.494270,-46.939255,69.546638,14.020170,-54.878967,81.531433,497.310333,-10.960197
1452,7.260000,105.276489,263.133362,-49.421124,225.886765,-260.381073,-50.461262,43.164661,-303.076782,-51.005165,-127.028854,-222.156769,-54.510216,-209.426773,12.930707,-54.344975,-127.295982,181.876190,-53.457470,272.306244,183.302216,-46.101673,356.976044,-50.494690,-46.933491,69.549805,14.018914,-54.886841,81.531898,497.307343,-10.953843
1453,7.265000,105.276237,263.136688,-49.425617,225.888321,-260.380951,-50.458138,43.164024,-303.078156,-50.999462,-127.025978,-222.157562,-54.511841,-209.427689,12.929578,-54.343365,-127.297882,181.873352,-53.456844,272.309174,183.308456,-46.105076,356.975647,-50.493725,-46.930367,69.551903,14.019725,-54.884815,81.528358,497.311646,-10.959191
1454,7.270000,105.272118,263.144135,-49.428009,225.895386,-260.377960,-50.452610,43.161438,-303.075653,-50.992073,-127.019493,-222.154709,-54.509216,-209.424545,12.929051,-54.341427,-127.298759,181.872650,-53.457157,272.304565,183.307007,-46.100449,356.973022,-50.486565,-46.929211,69.552582,14.017940,-54.888107,81.533173,497.306946,-10.956459
1455,7.275000,105.270760,263.138519,-49.431248,225.889450,-260.379150,-50.460426,43.171772,-303.077301,-50.995781,-127.025543,-222.162262,-54.517803,-209.431320,12.930550,-54.344707,-127.300453,181.875290,-53.450077,272.306641,183.302597,-46.103821,356.974335,-50.493591,-46.933624,69.543678,14.020650,-54.885815,81.519470,497.308350,-10.959221
1456,7.280000,105.274368,263.137329,-49.429108,225.889160,-260.384369,-50.463001,43.169037,-303.081299,-51.000965,-127.027466,-222.162247,-54.515797,-209.426117,12.930809,-54.347599,-127.301025,181.873489,-53.457035,272.305237,183.307968,-46.101830,356.974548,-50.497284,-46.936699,69.543365,14.020964,-54.881721,81.531067,497.311462,-10.957264
1457,7.285000,105.277420,263.137421,-49.436970,225.889160,-260.382477,-50.471149,43.166424,-303.077881,-50.992130,-127.025482,-222.157440,-54.513935,-209.430695,12.927912,-54.342834,-127.296623,181.871948,-53.457279,272.308411,183.306046,-46.108486,356.977478,-50.497005,-46.934433,69.551575,14.020875,-54.881569,81.528595,497.306732,-10.962761
1458,7.290000,105.275085,263.143768,-49.432293,225.888168,-260.384277,-50.461670,43.162319,-303.084686,-51.007351,-127.025543,-222.154007,-54.513741,-209.425598,12.927005,-54.343922,-127.296913,181.873215,-53.457432,272.306915,183.301346,-46.100334,356.970276,-50.495960,-46.935478,69.544724,14.014302,-54.881596,81.528679,497.308563,-10.957214
1459,7.295000,105.271812,263.137482,-49.432858,225.887405,-260.387695,-50.461643,43.161137,-303.082794,-51.003143,-127.027557,-222.156281,-54.506115,-209.432709,12.925104,-54.345551,-127.297150,181.878983,-53.459114,272.313293,183.302567,-46.107635,356.976196,-50.490162,-46.936848,69.541260,14.015369,-54.884174,81.526329,497.308624,-10.963954
1460,7.300000,105.273643,263.140320,-49.427086,225.885010,-260.386322,-50.466717,43.164898,-303.083008,-51.007874,-127.027649,-222.161346,-54.512589,-209.429306,12.924443,-54.351944,-127.299622,181.874023,-53.468697,272.303864,183.301666,-46.104317,356.971588,-50.493774,-46.939026,69.545288,14.017186,-54.877155,81.527832,497.311340,-10.961693
1461,7.305000,105.275330,263.139771,-49.433346,225.888641,-260.388062,-50.469097,43.168358,-303.075836,-51.002197,-127.022568,-222.157150,-54.508320,-209.431778,12.922318,-54.342575,-127.298218,181.871704,-53.463062,272.306763,183.300201,-46.109604,356.972656,-50.491726,-46.933311,69.540359,14.016899,-54.876678,81.530121,497.306946,-10.957777
1462,7.310000,105.274971,263.140869,-49.433945,225.885956,-260.385559,-50.467381,43.163380,-303.081085,-51.004841,-127.028275,-222.160217,-54.517521,-209.429626,12.925649,-54.343884,-127.295868,181.869827,-53.466545,272.308868,183.306213,-46.107437,356.974426,-50.487431,-46.934551,69.546928,14.015679,-54.887135,81.530151,497.308075,-10.958595
1463,7.315000,105.272377,263.136505,-49.432121,225.890305,-260.382385,-50.461529,43.170223,-303.077850,-51.002842,-127.023857,-222.162842,-54.515114,-209.425522,12.923723,-54.352577,-127.298790,181.871689,-53.461739,272.306000,183.302643,-46.107376,356.974060,-50.491943,-46.930939,69.545586,14.016172,-54.883141,81.527702,497.308167,-10.958154
1464,7.320000,105.276817,263.143982,-49.430252,225.886765,-260.381500,-50.466434,43.168621,-303.077179,-51.001926,-127.027092,-222.155457,-54.516884,-209.426270,12.931191,-54.351154,-127.297966,181.876511,-53.456493,272.306305,183.305267,-46.102249,356.972443,-50.495518,-46.937138,69.555489,14.018217,-54.883259,81.529320,497.309814,-10.964263
1465,7.325000,105.276527,263.139679,-49.426769,225.893524,-260.377960,-50.452579,43.165916,-303.080322,-50.997700,-127.025887,-222.157928,-54.521194,-209.430054,12.929385,-54.345444,-127.300400,181.873581,-53.463997,272.305695,183.304031,-46.112381,356.974121,-50.495129,-46.938019,69.552895,14.018114,-54.880737,81.532372,497.312439,-10.959420
1466,7.330000,105.276230,263.139648,-49.431999,225.887238,-260.383850,-50.462284,43.167603,-303.079102,-51.001034,-127.025497,-222.154678,-54.510498,-209.431213,12.929400,-54.338833,-127.294525,181.879211,-53.463852,272.306030,183.302017,-46.104252,356.977295,-50.491600,-46.940525,69.545395,14.022608,-54.882984,81.532333,497.308899,-10.964968
1467,7.335000,105.275749,263.141144,-49.430443,225.889648,-260.384613,-50.455971,43.175926,-303.076111,-51.001156,-127.025291,-222.156342,-54.515636,-209.431808,12.927821,-54.340172,-127.299072,181.877914,-53.456203,272.308380,183.307114,-46.111694,356.977386,-50.493561,-46.933735,69.544159,14.019682,-54.884693,81.527184,497.310974,-10.961359
1468,7.340000,105.274597,263.142365,-49.435089,225.890762,-260.380432,-50.451778,43.173553,-303.077576,-50.997395,-127.026711,-222.153168,-54.507027,-209.432358,12.929794,-54.337708,-127.299500,181.870590,-53.466717,272.309570,183.303696,-46.105709,356.975922,-50.490246,-46.934086,69.544380,14.015949,-54.886681,81.529388,497.307281,-10.955518
1469,7.345000,105.272995,263.140320,-49.425442,225.885544,-260.382538,-50.461456,43.165447,-303.080109,-51.007378,-127.026337,-222.162537,-54.519295,-209.429138,12.926821,-54.337605,-127.293541,181.868011,-53.464123,272.307953,183.304276,-46.102646,356.977386,-50.492451,-46.932842,69.547935,14.021594,-54.874668,81.532227,497.309387,-10.955893
1470,7.350000,105.270706,263.140350,-49.432854,225.887238,-260.388062,-50.462383,43.168941,-303.080719,-51.002277,-127.019089,-222.156372,-54.514179,-209.426041,12.923697,-54.351128,-127.299637,181.869431,-53.468689,272.303375,183.301544,-46.104706,356.973022,-50.495495,-46.935200,69.551849,14.018452,-54.889091,81.528084,497.306030,-10.962917
1471,7.355000,105.279175,263.140717,-49.427509,225.886063,-260.383728,-50.460964,43.165604,-303.083496,-51.005302,-127.023949,-222.158569,-54.515656,-209.430038,12.919682,-54.344437,-127.300171,181.876190,-53.466606,272.308533,183.302322,-46.114048,356.972382,-50.493080,-46.937710,69.545166,14.016812,-54.883076,81.525467,497.307159,-10.964531
1472,7.360000,105.270935,263.135468,-49.436405,225.885986,-260.386139,-50.460495,43.168804,-303.080658,-50.997414,-127.023193,-222.158829,-54.516312,-209.427414,12.926965,-54.339428,-127.293228,181.877060,-53.462681,272.306061,183.301804,-46.106647,356.979034,-50.492809,-46.937836,69.550598,14.018818,-54.885242,81.527695,497.309998,-10.964291
1473,7.365000,105.274628,263.134796,-49.428459,225.885941,-260.391907,-50.468487,43.166855,-303.082184,-51.000553,-127.026466,-222.161652,-54.510292,-209.422546,12.923449,-54.340191,-127.299561,181.873886,-53.454247,272.308197,183.304749,-46.109707,356.973541,-50.493404,-46.934536,69.552666,14.021008,-54.878658,81.529778,497.306152,-10.954879
1474,7.370000,105.277298,263.136841,-49.429672,225.887726,-260.383453,-50.472095,43.167271,-303.079712,-51.003853,-127.027077,-222.158020,-54.520905,-209.424042,12.928282,-54.335251,-127.298920,181.876480,-53.447784,272.305634,183.302872,-46.113007,356.978851,-50.495232,-46.938965,69.549927,14.019581,-54.882271,81.531189,497.309875,-10.955943
1475,7.375000,105.273010,263.138672,-49.432777,225.890625,-260.381714,-50.458115,43.172981,-303.082764,-51.001293,-127.031372,-222.160019,-54.519711,-209.434982,12.921454,-54.344608,-127.301407,181.866760,-53.463367,272.308289,183.303894,-46.108753,356.976593,-50.489868,-46.938610,69.550415,14.020541,-54.877689,81.533676,497.307739,-10.963659
1476,7.380000,105.275337,263.140350,-49.427521,225.886856,-260.382690,-50.460529,43.169544,-303.078644,-51.002350,-127.024902,-222.155869,-54.511555,-209.428909,12.928906,-54.343334,-127.299385,181.872818,-53.467091,272.304657,183.310028,-46.115669,356.976196,-50.493191,-46.938492,69.548195,14.022717,-54.874962,81.530960,497.311127,-10.959101
1477,7.385000,105.270233,263.136658,-49.429726,225.886856,-260.377808,-50.458115,43.163494,-303.081238,-51.004871,-127.022903,-222.154739,-54.512016,-209.428345,12.926281,-54.346268,-127.295509,181.875412,-53.454124,272.309540,183.304260,-46.102940,356.975708,-50.494251,-46.929661,69.550156,14.017803,-54.880505,81.528732,497.310486,-10.963923
1478,7.390000,105.277954,263.138428,-49.432785,225.891235,-260.380554,-50.466534,43.166420,-303.080444,-51.000294,-127.020676,-222.158325,-54.512501,-209.430450,12.924691,-54.345699,-127.300262,181.877396,-53.452309,272.303101,183.301468,-46.107094,356.977570,-50.489929,-46.936172,69.545364,14.018265,-54.873596,81.528496,497.310760,-10.959211
1479,7.395000,105.278603,263.140686,-49.435570,225.884262,-260.384094,-50.463268,43.167019,-303.079102,-51.001217,-127.027588,-222.153473,-54.508141,-209.431366,12.925485,-54.334145,-127.297852,181.879120,-53.457275,272.308197,183.304138,-46.099884,356.972107,-50.493217,-46.940224,69.548393,14.021879,-54.877651,81.529381,497.310913,-10.959633
1480,7.400000,105.274826,263.144440,-49.432877,225.888214,-260.388245,-50.468494,43.170078,-303.077332,-51.000484,-127.021568,-222.155655,-54.513943,-209.425049,12.924130,-54.349728,-127.296608,181.872192,-53.461597,272.306885,183.302063,-46.102161,356.973877,-50.493534,-46.936749,69.548897,14.024653,-54.874840,81.531097,497.306702,-10.960037
1481,7.405000,105.277657,263.139374,-49.427818,225.888794,-260.383301,-50.459919,43.167789,-303.077728,-51.004044,-127.027901,-222.159958,-54.515469,-209.430756,12.929721,-54.351990,-127.300812,181.872940,-53.460773,272.306519,183.305420,-46.107250,356.971039,-50.492355,-46.933937,69.550323,14.017876,-54.882889,81.531372,497.308258,-10.958315
1482,7.410000,105.275696,263.138916,-49.427036,225.890060,-260.380096,-50.463234,43.169247,-303.080658,-51.000832,-127.022850,-222.158157,-54.524055,-209.427902,12.924218,-54.342274,-127.296310,181.875671,-53.465763,272.302826,183.301620,-46.106594,356.977722,-50.491314,-46.939274,69.545097,14.022827,-54.884869,81.533592,497.307465,-10.959002
1483,7.415000,105.272865,263.140320,-49.436028,225.889114,-260.388306,-50.470840,43.164173,-303.082428,-51.007179,-127.020569,-222.156448,-54.513348,-209.433563,12.919208,-54.339836,-127.297699,181.874008,-53.458191,272.304779,183.300430,-46.113228,356.975159,-50.490654,-46.929600,69.547066,14.021386,-54.884037,81.532120,497.311707,-10.962103
1484,7.420000,105.272621,263.144226,-49.429157,225.882401,-260.390594,-50.473606,43.164635,-303.075439,-50.998135,-127.023010,-222.158585,-54.514992,-209.429062,12.927817,-54.334473,-127.300232,181.873322,-53.460163,272.306427,183.301666,-46.105885,356.973572,-50.492626,-46.937244,69.544273,14.021852,-54.884869,81.527359,497.306824,-10.960156
1485,7.425000,105.271835,263.139587,-49.427582,225.888046,-260.385529,-50.465683,43.170998,-303.076172,-50.997540,-127.026077,-222.159622,-54.517731,-209.429688,12.925462,-54.344921,-127.300766,181.873993,-53.459057,272.309265,183.301132,-46.108681,356.973938,-50.495358,-46.934315,69.553497,14.024291,-54.875305,81.526062,497.315674,-10.961900
1486,7.430000,105.272667,263.141022,-49.430927,225.887024,-260.377594,-50.461754,43.168503,-303.082428,-50.998062,-127.023132,-222.159195,-54.512772,-209.426117,12.925670,-54.344681,-127.299744,181.875244,-53.458282,272.308044,183.303574,-46.105446,356.973053,-50.496021,-46.935814,69.549942,14.023093,-54.878742,81.528328,497.304565,-10.955536
1487,7.435000,105.275925,263.141724,-49.434315,225.886795,-260.384186,-50.465523,43.165592,-303.072662,-51.004665,-127.028404,-222.159134,-54.515629,-209.427505,12.924985,-54.348583,-127.297668,181.869644,-53.455070,272.310028,183.300049,-46.107079,356.972595,-50.495197,-46.940464,69.542603,14.018347,-54.885406,81.534767,497.310791,-10.958135
1488,7.440000,105.277130,263.135651,-49.433098,225.892654,-260.381226,-50.454132,43.172447,-303.078705,-51.002808,-127.027290,-222.155899,-54.516155,-209.429504,12.931195,-54.348255,-127.301125,181.873581,-53.454544,272.309967,183.303741,-46.105721,356.977753,-50.491463,-46.941471,69.550407,14.021271,-54.885010,81.537560,497.310333,-10.953034
1489,7.445000,105.277962,263.140533,-49.427910,225.887177,-260.382568,-50.467911,43.162777,-303.076904,-51.003220,-127.025635,-222.156387,-54.510902,-209.432098,12.924734,-54.338528,-127.299103,181.875168,-53.457413,272.305664,183.303482,-46.103352,356.972900,-50.493191,-46.937656,69.548897,14.020896,-54.874722,81.532333,497.306488,-10.957468
1490,7.450000,105.271950,263.138641,-49.432968,225.896057,-260.380859,-50.458027,43.167141,-303.080139,-51.004482,-127.024605,-222.160416,-54.510502,-209.422882,12.928630,-54.349037,-127.301842,181.873657,-53.460415,272.306366,183.302658,-46.108494,356.976044,-50.489674,-46.937531,69.548454,14.022530,-54.878487,81.531837,497.307007,-10.960128
1491,7.455000,105.273872,263.137665,-49.429371,225.887756,-260.379700,-50.465603,43.162254,-303.074707,-51.000668,-127.023651,-222.161362,-54.512558,-209.427261,12.927457,-54.341602,-127.300087,181.872528,-53.458855,272.310242,183.306366,-46.107056,356.974335,-50.494301,-46.935680,69.548546,14.021598,-54.877632,81.529617,497.307495,-10.955469
1492,7.460000,105.278198,263.140015,-49.423145,225.890869,-260.380188,-50.460110,43.166618,-303.074646,-51.002911,-127.026215,-222.163696,-54.515942,-209.428177,12.925930,-54.336212,-127.297882,181.874237,-53.458702,272.308105,183.305313,-46.102669,356.979126,-50.488003,-46.932739,69.549690,14.018088,-54.888172,81.529938,497.311584,-10.954493
1493,7.465000,105.273407,263.136200,-49.426216,225.883575,-260.383148,-50.461704,43.166027,-303.076538,-51.006100,-127.026352,-222.155518,-54.512154,-209.426926,12.925883,-54.335114,-127.301025,181.871628,-53.464664,272.305450,183.302444,-46.101170,356.977081,-50.493320,-46.940422,69.548050,14.017746,-54.880096,81.531685,497.309387,-10.957286
1494,7.470000,105.277367,263.138367,-49.433033,225.890244,-260.382690,-50.464676,43.161209,-303.077667,-50.995510,-127.027794,-222.158905,-54.515209,-209.424850,12.928049,-54.333134,-127.299416,181.873596,-53.458469,272.306793,183.301697,-46.105854,356.970764,-50.494946,-46.935772,69.546883,14.025420,-54.878078,81.529053,497.308899,-10.959432
1495,7.475000,105.269981,263.142242,-49.433979,225.888885,-260.388519,-50.463722,43.167927,-303.084198,-51.004116,-127.025574,-222.157822,-54.517387,-209.429199,12.926830,-54.345016,-127.295509,181.876633,-53.454578,272.309875,183.299194,-46.103283,356.977478,-50.497322,-46.936035,69.549637,14.021886,-54.884487,81.525757,497.308197,-10.958800
1496,7.480000,105.269905,263.132843,-49.432484,225.888443,-260.387054,-50.463768,43.165878,-303.078827,-51.000168,-127.030182,-222.163055,-54.518578,-209.427048,12.922091,-54.341846,-127.293427,181.871094,-53.461880,272.305084,183.302032,-46.107193,356.974030,-50.491951,-46.935593,69.550751,14.021529,-54.883507,81.532936,497.305511,-10.964917
1497,7.485000,105.275856,263.139923,-49.433464,225.887314,-260.388641,-50.463085,43.169952,-303.079498,-50.997639,-127.026077,-222.160522,-54.510746,-209.428360,12.920829,-54.354313,-127.298935,181.877014,-53.457706,272.307343,183.305634,-46.106331,356.977112,-50.493893,-46.937321,69.547348,14.022538,-54.878391,81.528717,497.306671,-10.963532
1498,7.490000,105.276756,263.136566,-49.430405,225.889282,-260.383362,-50.465820,43.167988,-303.080627,-51.001270,-127.022949,-222.164200,-54.515125,-209.433426,12.923862,-54.351704,-127.299530,181.870041,-53.459736,272.304688,183.303360,-46.102364,356.975464,-50.492092,-46.936874,69.557770,14.025169,-54.884640,81.535133,497.309479,-10.966816
1499,7.495000,105.278580,263.142059,-49.429176,225.882782,-260.387146,-50.476303,43.171291,-303.083801,-51.000648,-127.025497,-222.158234,-54.519848,-209.431961,12.920543,-54.341366,-127.297714,181.875824,-53.454708,272.306671,183.300934,-46.108383,356.975891,-50.487911,-46.937004,69.551392,14.019840,-54.878845,81.529549,497.309998,-10.953693
1500,7.500000,105.273689,263.139618,-49.426819,225.887787,-260.379333,-50.463791,43.164455,-303.080261,-50.998474,-127.027733,-222.158524,-54.512474,-209.428467,12.928464,-54.350040,-127.302231,181.874451,-53.457733,272.309082,183.305923,-46.100567,356.973785,-50.492058,-46.935188,69.544495,14.022046,-54.880112,81.530090,497.309052,-10.962406
1501,7.505000,105.275726,263.136719,-49.432957,225.889648,-260.379211,-50.453350,43.163845,-303.072784,-50.994877,-127.024529,-222.157089,-54.515789,-209.427505,12.926732,-54.343216,-127.294571,181.877686,-53.462200,272.311310,183.306534,-46.107048,356.977875,-50.494659,-46.946976,69.549561,14.020396,-54.879292,81.527122,497.308533,-10.963982
1502,7.510000,105.273697,263.142426,-49.440472,225.890518,-260.377960,-50.461262,43.161854,-303.079163,-51.007267,-127.027763,-222.151627,-54.510281,-209.427490,12.924525,-54.337143,-127.297920,181.880478,-53.460510,272.310822,183.306290,-46.097351,356.974091,-50.498241,-46.943485,69.539093,14.020898,-54.882267,81.529350,497.310364,-10.967739
1503,7.515000,105.273071,263.139038,-49.430565,225.894913,-260.379150,-50.459728,43.166805,-303.077881,-51.001625,-127.026436,-222.156647,-54.512863,-209.428589,12.929521,-54.343754,-127.294716,181.874573,-53.452950,272.306641,183.306091,-46.103550,356.976746,-50.492317,-46.933365,69.551796,14.021345,-54.877663,81.533348,497.312805,-10.956624
1504,7.520000,105.278763,263.135803,-49.430607,225.883560,-260.379944,-50.459373,43.164059,-303.082184,-51.001205,-127.027153,-222.154663,-54.514965,-209.428177,12.923836,-54.340298,-127.298462,181.877014,-53.466427,272.306458,183.305801,-46.105347,356.974335,-50.491756,-46.935387,69.546722,14.020344,-54.883789,81.532509,497.306000,-10.954393
1505,7.525000,105.276291,263.140717,-49.432083,225.887665,-260.385620,-50.466095,43.167713,-303.077393,-51.005432,-127.022194,-222.154114,-54.514935,-209.428680,12.926710,-54.349331,-127.293571,181.875580,-53.462845,272.306915,183.309494,-46.109016,356.973053,-50.487534,-46.937061,69.549690,14.016674,-54.884773,81.531448,497.310181,-10.961106
1506,7.530000,105.270195,263.138458,-49.432194,225.885071,-260.377350,-50.468945,43.168026,-303.079010,-51.007267,-127.025230,-222.159775,-54.517685,-209.432465,12.932096,-54.339088,-127.301750,181.874985,-53.467644,272.311035,183.304489,-46.111935,356.976471,-50.489471,-46.945175,69.549065,14.024998,-54.884106,81.523956,497.311066,-10.962817
1507,7.535000,105.272003,263.137787,-49.429749,225.889648,-260.382812,-50.465359,43.167759,-303.080322,-51.005768,-127.026871,-222.160202,-54.516239,-209.432236,12.925384,-54.335075,-127.294617,181.873032,-53.460171,272.307556,183.303528,-46.104328,356.978943,-50.494396,-46.931866,69.551552,14.016235,-54.882004,81.528427,497.305847,-10.956956
1508,7.540000,105.274254,263.135529,-49.428009,225.883865,-260.392639,-50.476631,43.169582,-303.075867,-50.990803,-127.028450,-222.159180,-54.510845,-209.433609,12.923761,-54.337330,-127.298965,181.874237,-53.458950,272.307526,183.300797,-46.107166,356.973328,-50.497971,-46.938625,69.551193,14.021109,-54.875668,81.531219,497.303162,-10.955774
1509,7.545000,105.273804,263.138397,-49.431583,225.882812,-260.393402,-50.478165,43.163120,-303.078125,-51.004787,-127.029198,-222.159760,-54.512447,-209.435623,12.920312,-54.339699,-127.301308,181.873611,-53.463108,272.306183,183.303650,-46.104847,356.972931,-50.501751,-46.940910,69.552185,14.018866,-54.886166,81.528801,497.305603,-10.961751
1510,7.550000,105.272926,263.138977,-49.433605,225.889023,-260.389771,-50.473469,43.166195,-303.080933,-51.001945,-127.026039,-222.162323,-54.514801,-209.428238,12.922447,-54.347057,-127.299545,181.872284,-53.462124,272.308899,183.305008,-46.111061,356.975281,-50.495590,-46.936600,69.545532,14.015291,-54.888683,81.527199,497.309204,-10.963326
1511,7.555000,105.272903,263.135437,-49.438805,225.889282,-260.385437,-50.463070,43.168579,-303.079224,-51.000477,-127.028275,-222.164017,-54.514511,-209.426910,12.918817,-54.352188,-127.304153,181.870132,-53.457405,272.304230,183.301941,-46.103588,356.975952,-50.497063,-46.938610,69.548836,14.019322,-54.879089,81.527191,497.304138,-10.960950
1512,7.560000,105.274307,263.134583,-49.434448,225.889862,-260.381561,-50.466167,43.170536,-303.084595,-50.996845,-127.027077,-222.154510,-54.509731,-209.427719,12.925998,-54.339851,-127.302261,181.865829,-53.456688,272.306427,183.300003,-46.098942,356.974915,-50.495216,-46.937775,69.551842,14.019949,-54.874878,81.536514,497.304626,-10.959802
1513,7.565000,105.278236,263.130981,-49.429276,225.889252,-260.389862,-50.463669,43.165276,-303.081879,-51.002083,-127.022949,-222.159592,-54.512459,-209.431076,12.923708,-54.347721,-127.300484,181.876953,-53.464039,272.309601,183.303940,-46.102856,356.973663,-50.491798,-46.940025,69.552032,14.018341,-54.887821,81.537079,497.310791,-10.957843
1514,7.570000,105.272522,263.141876,-49.434624,225.895157,-260.382416,-50.463249,43.167587,-303.080353,-50.999619,-127.031235,-222.156448,-54.513016,-209.434174,12.923540,-54.340324,-127.302734,181.874054,-53.460331,272.307037,183.303986,-46.107594,356.969940,-50.493286,-46.939323,69.542786,14.015748,-54.882679,81.531700,497.308716,-10.963516
1515,7.575000,105.275017,263.142792,-49.434052,225.891190,-260.386169,-50.456924,43.165596,-303.078766,-51.007893,-127.031654,-222.159821,-54.517235,-209.429535,12.925776,-54.349945,-127.300682,181.875137,-53.453312,272.308441,183.298370,-46.107090,356.978546,-50.497272,-46.943161,69.548653,14.010236,-54.891041,81.528549,497.303223,-10.964942
1516,7.580000,105.278297,263.136841,-49.424885,225.893036,-260.380249,-50.451275,43.161091,-303.080627,-50.999485,-127.023682,-222.160507,-54.509361,-209.429276,12.927641,-54.340767,-127.295853,181.873779,-53.467686,272.306458,183.300690,-46.101776,356.974640,-50.498730,-46.941021,69.548599,14.019992,-54.885262,81.536156,497.304596,-10.960804
1517,7.585000,105.275475,263.141327,-49.429970,225.890427,-260.380951,-50.460571,43.171066,-303.077454,-50.992580,-127.026352,-222.158325,-54.515358,-209.424942,12.924499,-54.345146,-127.295120,181.874069,-53.452957,272.307312,183.301773,-46.103859,356.977386,-50.491543,-46.935471,69.546585,14.022487,-54.886337,81.530525,497.307129,-10.957126
1518,7.590000,105.271553,263.140076,-49.436497,225.888199,-260.383636,-50.472420,43.167271,-303.081573,-51.003559,-127.025429,-222.155350,-54.512455,-209.427231,12.925275,-54.340027,-127.301933,181.875076,-53.461643,272.307434,183.305176,-46.106239,356.976410,-50.494194,-46.943581,69.551239,14.023170,-54.884106,81.530968,497.311279,-10.958194
1519,7.595000,105.274612,263.137634,-49.428673,225.887619,-260.386383,-50.455151,43.164448,-303.081818,-51.009827,-127.029137,-222.158203,-54.524128,-209.427582,12.927556,-54.351299,-127.299530,181.873932,-53.459843,272.306976,183.304810,-46.113964,356.973358,-50.493069,-46.935040,69.552223,14.022744,-54.879734,81.528992,497.307220,-10.958426
1520,7.600000,105.277733,263.136841,-49.434814,225.889420,-260.384918,-50.456291,43.164581,-303.085938,-51.005814,-127.027046,-222.159805,-54.514393,-209.431686,12.920235,-54.349548,-127.299545,181.873322,-53.456532,272.307831,183.300842,-46.110760,356.971588,-50.496132,-46.947540,69.545044,14.023861,-54.885193,81.528793,497.306427,-10.963730
1521,7.605000,105.274109,263.137573,-49.427666,225.886307,-260.384338,-50.458675,43.166981,-303.084473,-51.006046,-127.025696,-222.154724,-54.515240,-209.432205,12.922148,-54.343739,-127.304062,181.866699,-53.455379,272.309052,183.305481,-46.105358,356.975983,-50.494041,-46.931450,69.543922,14.023996,-54.880276,81.531288,497.303253,-10.961473
1522,7.610000,105.275543,263.138458,-49.431297,225.887726,-260.386414,-50.466530,43.173355,-303.079987,-50.998127,-127.020660,-222.158569,-54.515064,-209.430832,12.917738,-54.343506,-127.301529,181.870178,-53.458118,272.304382,183.307144,-46.107437,356.974701,-50.489029,-46.934093,69.543182,14.019156,-54.873917,81.527107,497.305237,-10.952055
1523,7.615000,105.273537,263.138489,-49.430157,225.886978,-260.384827,-50.457283,43.170670,-303.080048,-51.004532,-127.025337,-222.157196,-54.512024,-209.431305,12.926409,-54.339687,-127.298340,181.871735,-53.457355,272.307159,183.304596,-46.107582,356.975800,-50.498131,-46.945461,69.548485,14.022430,-54.881920,81.531754,497.309448,-10.961732
1524,7.620000,105.278038,263.139709,-49.427128,225.887726,-260.383331,-50.457012,43.165691,-303.082764,-50.997757,-127.029793,-222.158081,-54.512398,-209.425827,12.926360,-54.346886,-127.296951,181.871460,-53.461601,272.309082,183.299103,-46.108269,356.975311,-50.492435,-46.933861,69.553291,14.017325,-54.885166,81.531303,497.308533,-10.961248
1525,7.625000,105.268272,263.136536,-49.423790,225.888702,-260.380066,-50.459034,43.169895,-303.080200,-50.993626,-127.027748,-222.155609,-54.514339,-209.432526,12.926481,-54.345795,-127.294243,181.880798,-53.458481,272.311829,183.308243,-46.105934,356.974396,-50.495712,-46.937843,69.547241,14.022196,-54.881626,81.529037,497.308655,-10.962179
1526,7.630000,105.269943,263.139069,-49.434990,225.888321,-260.382660,-50.461113,43.169441,-303.075317,-51.006020,-127.029686,-222.152328,-54.512699,-209.431427,12.925565,-54.348045,-127.301903,181.873199,-53.467236,272.306091,183.304428,-46.104244,356.975464,-50.493069,-46.940144,69.553635,14.025681,-54.881977,81.526932,497.310364,-10.956470
1527,7.635000,105.271843,263.140381,-49.434170,225.889374,-260.381042,-50.462864,43.165459,-303.077820,-51.003334,-127.026962,-222.153351,-54.510048,-209.423904,12.924097,-54.335670,-127.299606,181.874268,-53.460880,272.308105,183.302109,-46.107342,356.973450,-50.489132,-46.940132,69.544861,14.021933,-54.875618,81.529823,497.307373,-10.959644
1528,7.640000,105.273163,263.136780,-49.430214,225.885010,-260.383972,-50.464245,43.171452,-303.080841,-51.000351,-127.028717,-222.158798,-54.512497,-209.424728,12.925447,-54.334442,-127.296570,181.878006,-53.462151,272.307465,183.300095,-46.097927,356.972778,-50.490459,-46.939503,69.550064,14.015558,-54.882332,81.532822,497.308319,-10.959820
1529,7.645000,105.277435,263.137512,-49.431118,225.894958,-260.377319,-50.459404,43.162540,-303.079437,-51.001270,-127.025291,-222.155441,-54.511204,-209.427536,12.924972,-54.340759,-127.297089,181.876999,-53.457439,272.307343,183.302704,-46.103535,356.975952,-50.492664,-46.931190,69.548164,14.017046,-54.875408,81.526306,497.307068,-10.964885
1530,7.650000,105.269981,263.140228,-49.424992,225.888550,-260.379608,-50.454395,43.161289,-303.077759,-51.005402,-127.024933,-222.152466,-54.512810,-209.428345,12.930646,-54.338181,-127.300125,181.878540,-53.467529,272.311523,183.305222,-46.101765,356.973053,-50.495274,-46.941406,69.555428,14.020229,-54.886238,81.532501,497.311066,-10.952851
1531,7.655000,105.272911,263.138733,-49.439480,225.891479,-260.377502,-50.462708,43.165287,-303.079803,-51.007710,-127.027092,-222.155182,-54.515121,-209.434372,12.929094,-54.346474,-127.299202,181.873993,-53.455994,272.308533,183.311310,-46.097363,356.972443,-50.492519,-46.938911,69.552773,14.019774,-54.880394,81.522934,497.307495,-10.962951
1532,7.660000,105.273117,263.134918,-49.435894,225.886414,-260.386932,-50.469822,43.166027,-303.079163,-51.002445,-127.027901,-222.160645,-54.515400,-209.434021,12.922048,-54.349617,-127.301933,181.873795,-53.460052,272.309509,183.302155,-46.105099,356.973877,-50.492226,-46.932922,69.551231,14.022903,-54.879547,81.530533,497.307434,-10.963926
1533,7.665000,105.273132,263.134247,-49.421211,225.890610,-260.382050,-50.462597,43.168568,-303.084686,-51.002071,-127.027702,-222.164001,-54.521217,-209.423691,12.924305,-54.348812,-127.298790,181.867920,-53.463013,272.310883,183.299927,-46.103271,356.973633,-50.494190,-46.941456,69.548790,14.024657,-54.877632,81.528961,497.309967,-10.959054
1534,7.670000,105.273643,263.139496,-49.427361,225.887741,-260.383118,-50.466576,43.172836,-303.081360,-50.997189,-127.025650,-222.159622,-54.519463,-209.420822,12.923473,-54.347469,-127.302673,181.873032,-53.460678,272.306305,183.304001,-46.115028,356.977203,-50.490982,-46.943161,69.549698,14.022582,-54.881016,81.530037,497.302887,-10.964694
1535,7.675000,105.268089,263.139984,-49.434055,225.890533,-260.389160,-50.470024,43.163563,-303.076843,-50.999981,-127.025139,-222.152359,-54.512096,-209.431320,12.925118,-54.345795,-127.299042,181.872452,-53.459854,272.306396,183.304871,-46.105980,356.976166,-50.492401,-46.937225,69.548241,14.021870,-54.885208,81.529419,497.310883,-10.960833
1536,7.680000,105.275635,263.138092,-49.430618,225.891815,-260.387939,-50.460529,43.164803,-303.080353,-51.005596,-127.025604,-222.158585,-54.517494,-209.432892,12.925417,-54.352760,-127.298775,181.875488,-53.469337,272.305359,183.301834,-46.112732,356.972473,-50.492096,-46.938076,69.544312,14.017743,-54.891987,81.530792,497.303833,-10.959764
1537,7.685000,105.274841,263.136292,-49.430729,225.882904,-260.384308,-50.463257,43.169880,-303.079712,-51.000340,-127.023857,-222.157684,-54.513096,-209.429825,12.929041,-54.333755,-127.295647,181.869278,-53.460800,272.309052,183.301605,-46.101799,356.978729,-50.496925,-46.937061,69.549225,14.015445,-54.890148,81.529358,497.312561,-10.967754
1538,7.690000,105.280609,263.140472,-49.428638,225.882751,-260.386353,-50.468872,43.173218,-303.076935,-51.001602,-127.026512,-222.155334,-54.513531,-209.428787,12.926680,-54.346024,-127.298637,181.877136,-53.463680,272.312378,183.304077,-46.103954,356.977783,-50.496078,-46.942226,69.552788,14.019619,-54.878365,81.531998,497.308594,-10.959421
1539,7.695000,105.276428,263.140411,-49.434052,225.892700,-260.382965,-50.464005,43.167068,-303.078125,-50.993286,-127.023903,-222.152344,-54.513863,-209.428802,12.920343,-54.339352,-127.303093,181.872406,-53.462833,272.306244,183.303604,-46.105671,356.972198,-50.489422,-46.933693,69.543282,14.022332,-54.880367,81.527725,497.307983,-10.970483
1540,7.700000,105.275475,263.139404,-49.425491,225.884567,-260.377838,-50.455715,43.166565,-303.080902,-51.003365,-127.023537,-222.160690,-54.521870,-209.428864,12.925060,-54.343830,-127.298370,181.874695,-53.454662,272.308716,183.300644,-46.096809,356.974762,-50.494911,-46.937656,69.551811,14.016827,-54.885357,81.527809,497.306763,-10.960912
1541,7.705000,105.269470,263.138153,-49.429691,225.888458,-260.381561,-50.455109,43.165558,-303.082672,-51.009491,-127.031578,-222.161423,-54.513588,-209.428238,12.919928,-54.337765,-127.299294,181.875351,-53.454723,272.307648,183.304840,-46.102180,356.974548,-50.495094,-46.940006,69.545494,14.013558,-54.881916,81.530823,497.306671,-10.957178
1542,7.710000,105.275146,263.141693,-49.430717,225.888077,-260.382568,-50.469833,43.165916,-303.079834,-50.994217,-127.026917,-222.160995,-54.519005,-209.426453,12.925538,-54.340530,-127.298149,181.877258,-53.466988,272.309265,183.302887,-46.105026,356.978790,-50.493870,-46.941055,69.544342,14.017675,-54.884418,81.534042,497.304016,-10.953650
1543,7.715000,105.274086,263.136841,-49.431267,225.889374,-260.380402,-50.458778,43.169956,-303.079254,-51.007351,-127.023697,-222.160278,-54.516754,-209.433762,12.925655,-54.346527,-127.301277,181.870544,-53.462482,272.311523,183.301590,-46.098759,356.972595,-50.493473,-46.937981,69.552383,14.022693,-54.874367,81.531799,497.313751,-10.958922
1544,7.720000,105.275970,263.137665,-49.428223,225.884201,-260.383789,-50.463913,43.167618,-303.086456,-51.006866,-127.026825,-222.156464,-54.511017,-209.432419,12.924095,-54.339275,-127.296478,181.874161,-53.456879,272.304047,183.298660,-46.105278,356.973328,-50.497318,-46.938297,69.550240,14.017214,-54.872948,81.524323,497.307922,-10.963587
1545,7.725000,105.272446,263.131439,-49.426605,225.886292,-260.384613,-50.470573,43.169064,-303.080444,-50.998917,-127.028046,-222.164780,-54.516872,-209.429138,12.921700,-54.340031,-127.300858,181.869919,-53.453579,272.304382,183.299789,-46.105530,356.977203,-50.498943,-46.943127,69.541306,14.021855,-54.879482,81.527870,497.304565,-10.956017
1546,7.730000,105.272789,263.134338,-49.430412,225.889984,-260.385895,-50.463623,43.167469,-303.081665,-51.007721,-127.025368,-222.162506,-54.512627,-209.430313,12.923569,-54.342861,-127.294586,181.870895,-53.460182,272.305359,183.302155,-46.107613,356.974609,-50.497673,-46.942116,69.544952,14.023528,-54.876347,81.527351,497.306183,-10.961598
1547,7.735000,105.275887,263.140259,-49.434151,225.885193,-260.390594,-50.470592,43.164612,-303.082092,-51.005035,-127.030716,-222.156967,-54.514828,-209.432571,12.923538,-54.350311,-127.299149,181.871582,-53.460682,272.304047,183.302551,-46.109077,356.974457,-50.494522,-46.935715,69.548126,14.019386,-54.881660,81.532265,497.308502,-10.959563
1548,7.740000,105.274170,263.141083,-49.432262,225.889801,-260.386597,-50.472260,43.168724,-303.082489,-51.009285,-127.031479,-222.154526,-54.507362,-209.425980,12.925808,-54.340282,-127.302795,181.871033,-53.461823,272.308929,183.305786,-46.100780,356.977051,-50.491611,-46.933182,69.548134,14.019256,-54.882542,81.529091,497.306305,-10.964551
1549,7.745000,105.269836,263.138885,-49.428360,225.889526,-260.384491,-50.462490,43.161060,-303.077576,-50.995708,-127.026382,-222.159607,-54.516304,-209.422791,12.923985,-54.340702,-127.298607,181.872116,-53.459087,272.305084,183.301132,-46.097672,356.978577,-50.496231,-46.937241,69.547997,14.015635,-54.881245,81.531471,497.309998,-10.958461
1550,7.750000,105.272118,263.138062,-49.423004,225.887100,-260.381439,-50.465187,43.163067,-303.078583,-51.005192,-127.032104,-222.159607,-54.515350,-209.422287,12.924184,-54.342369,-127.294006,181.871964,-53.455933,272.302979,183.305588,-46.109177,356.977783,-50.494762,-46.934822,69.557327,14.021156,-54.880199,81.528534,497.308746,-10.958020
1551,7.755000,105.274872,263.138702,-49.431904,225.885178,-260.381561,-50.466354,43.166267,-303.081665,-51.006134,-127.024277,-222.156998,-54.515751,-209.429901,12.925118,-54.341167,-127.297966,181.871445,-53.465519,272.305115,183.305893,-46.104343,356.980530,-50.492847,-46.936123,69.547890,14.024479,-54.871784,81.531570,497.315582,-10.967530
1552,7.760000,105.275368,263.144104,-49.431896,225.892929,-260.380341,-50.461201,43.163300,-303.077545,-51.001167,-127.023697,-222.154434,-54.512066,-209.429062,12.927625,-54.339649,-127.298935,181.873444,-53.458870,272.307739,183.308395,-46.095135,356.972595,-50.491970,-46.939926,69.546257,14.025722,-54.879662,81.532982,497.309967,-10.958196
1553,7.765000,105.275505,263.140808,-49.428516,225.890076,-260.380585,-50.462826,43.170315,-303.080902,-51.002403,-127.026497,-222.155121,-54.504864,-209.427780,12.927309,-54.346546,-127.299713,181.874603,-53.458027,272.309662,183.306702,-46.101528,356.970490,-50.491299,-46.936623,69.549591,14.024051,-54.880764,81.533691,497.308228,-10.958608
1554,7.770000,105.281685,263.139923,-49.424221,225.885574,-260.388885,-50.471348,43.167198,-303.078888,-51.000587,-127.029343,-222.157242,-54.508881,-209.430832,12.925077,-54.344887,-127.300575,181.881210,-53.455944,272.304688,183.300461,-46.103104,356.971100,-50.491283,-46.932209,69.542496,14.020381,-54.877510,81.529419,497.308594,-10.962490
1555,7.775000,105.275146,263.137177,-49.432686,225.883713,-260.384552,-50.465454,43.168755,-303.082489,-51.003105,-127.025726,-222.155670,-54.520752,-209.433395,12.922521,-54.341454,-127.300400,181.873764,-53.456161,272.311096,183.303528,-46.098541,356.976318,-50.492123,-46.939568,69.545341,14.020177,-54.882774,81.529198,497.310974,-10.958674
1556,7.780000,105.271820,263.139160,-49.436447,225.887589,-260.382721,-50.462860,43.165504,-303.078491,-51.005962,-127.023903,-222.160370,-54.518917,-209.427414,12.926479,-54.349018,-127.304420,181.872253,-53.462517,272.307983,183.305038,-46.108150,356.974976,-50.492035,-46.932388,69.548584,14.020624,-54.882633,81.528755,497.310516,-10.963780
1557,7.785000,105.274040,263.136719,-49.437908,225.889862,-260.380432,-50.461773,43.164902,-303.079895,-51.007729,-127.025589,-222.158890,-54.513622,-209.428833,12.922533,-54.344532,-127.300102,181.878174,-53.455952,272.306854,183.301132,-46.105522,356.975586,-50.492813,-46.939663,69.546432,14.018445,-54.882790,81.528183,497.304718,-10.962597
1558,7.790000,105.271271,263.138733,-49.437332,225.884735,-260.383698,-50.464142,43.168030,-303.079163,-51.004230,-127.025467,-222.159286,-54.513817,-209.428467,12.922643,-54.343018,-127.300110,181.871231,-53.463757,272.306854,183.300659,-46.111134,356.975128,-50.492405,-46.938145,69.546341,14.018277,-54.880795,81.528183,497.304932,-10.959573
1559,7.795000,105.272507,263.138428,-49.435974,225.889893,-260.384338,-50.460743,43.169384,-303.084351,-51.002007,-127.027809,-222.162613,-54.516247,-209.435272,12.924030,-54.348652,-127.296822,181.875610,-53.460430,272.311218,183.298248,-46.105778,356.977295,-50.492374,-46.933510,69.557182,14.020495,-54.885517,81.528137,497.305176,-10.959940
1560,7.800000,105.274040,263.136139,-49.432617,225.885956,-260.379089,-50.452869,43.170784,-303.076996,-51.003059,-127.024887,-222.152954,-54.514378,-209.429733,12.924599,-54.341900,-127.297295,181.877914,-53.454739,272.309814,183.306305,-46.101780,356.970673,-50.495457,-46.935825,69.552620,14.023937,-54.880333,81.529984,497.305206,-10.954849
1561,7.805000,105.270096,263.137939,-49.430294,225.884277,-260.384644,-50.462841,43.162949,-303.079987,-50.999268,-127.027512,-222.158585,-54.516258,-209.430237,12.927484,-54.344765,-127.295212,181.876007,-53.461899,272.308014,183.303741,-46.107006,356.976562,-50.492371,-46.929974,69.550407,14.026979,-54.879253,81.528625,497.308136,-10.963973
1562,7.810000,105.271614,263.133789,-49.432899,225.887726,-260.380646,-50.457417,43.164715,-303.081238,-51.000931,-127.024803,-222.153961,-54.512871,-209.431549,12.921124,-54.348114,-127.300949,181.875641,-53.461575,272.304291,183.300293,-46.113667,356.971863,-50.495598,-46.936523,69.548836,14.019061,-54.884869,81.530106,497.304962,-10.963676
1563,7.815000,105.274948,263.139069,-49.421307,225.890167,-260.383820,-50.460579,43.166649,-303.082703,-51.008560,-127.024025,-222.157532,-54.516487,-209.424225,12.926526,-54.349705,-127.297150,181.871979,-53.463516,272.308624,183.302322,-46.106533,356.973480,-50.491394,-46.937511,69.556328,14.020640,-54.880966,81.533508,497.307465,-10.962249
1564,7.820000,105.272171,263.137024,-49.429546,225.886520,-260.383118,-50.458035,43.166004,-303.077576,-51.001724,-127.028046,-222.159546,-54.515995,-209.428284,12.924001,-54.342350,-127.299057,181.875366,-53.457912,272.306122,183.306824,-46.104557,356.970734,-50.491653,-46.936470,69.551727,14.020753,-54.884354,81.528961,497.310699,-10.956515
1565,7.825000,105.271339,263.140198,-49.434391,225.892532,-260.382874,-50.463329,43.169014,-303.077576,-51.000378,-127.028656,-222.157120,-54.506641,-209.422485,12.926370,-54.347374,-127.298920,181.870651,-53.453773,272.305634,183.305420,-46.100891,356.977692,-50.492462,-46.940197,69.551102,14.016400,-54.885929,81.529846,497.308258,-10.961571
1566,7.830000,105.275902,263.137543,-49.431721,225.887955,-260.381378,-50.455944,43.163193,-303.085785,-51.003155,-127.030029,-222.156250,-54.513405,-209.430008,12.928095,-54.337193,-127.297745,181.869766,-53.455151,272.310486,183.304047,-46.099628,356.977844,-50.494869,-46.926270,69.553802,14.017410,-54.881428,81.529228,497.305664,-10.965454
1567,7.835000,105.279129,263.141113,-49.430424,225.887955,-260.381439,-50.458969,43.168606,-303.078796,-51.001560,-127.025871,-222.156921,-54.513359,-209.426147,12.925668,-54.339470,-127.299889,181.872574,-53.461166,272.307495,183.305267,-46.098488,356.977692,-50.492043,-46.929565,69.549362,14.024754,-54.876015,81.530403,497.307220,-10.958703
1568,7.840000,105.274536,263.142639,-49.425945,225.891251,-260.382355,-50.457714,43.164967,-303.080902,-51.002415,-127.026466,-222.155807,-54.514664,-209.429825,12.927838,-54.341873,-127.299011,181.871796,-53.462212,272.308838,183.304398,-46.107422,356.976013,-50.492393,-46.934891,69.550797,14.020723,-54.879848,81.526802,497.308441,-10.965634
1569,7.845000,105.271080,263.139557,-49.433628,225.888245,-260.382965,-50.464844,43.172337,-303.077301,-51.009804,-127.028328,-222.157669,-54.508415,-209.429245,12.921787,-54.355125,-127.301750,181.879211,-53.459305,272.305603,183.305542,-46.110126,356.975525,-50.489388,-46.937824,69.544502,14.017984,-54.882607,81.526390,497.307770,-10.967456
1570,7.850000,105.269005,263.135315,-49.425594,225.888535,-260.385620,-50.464211,43.171040,-303.081146,-51.000725,-127.024490,-222.165543,-54.515701,-209.435440,12.918964,-54.350376,-127.301422,181.873566,-53.459167,272.307281,183.300751,-46.106174,356.978577,-50.500710,-46.947929,69.550468,14.017886,-54.882240,81.528633,497.306763,-10.958547
1571,7.855000,105.277824,263.137512,-49.434193,225.887329,-260.382812,-50.463188,43.169167,-303.077972,-51.000648,-127.027138,-222.159424,-54.514111,-209.425934,12.925765,-54.337490,-127.298637,181.873688,-53.461563,272.310150,183.297333,-46.109989,356.977966,-50.499054,-46.939804,69.548233,14.018104,-54.878239,81.530685,497.303497,-10.961262
1572,7.860000,105.275040,263.140778,-49.424397,225.881058,-260.386383,-50.474327,43.169376,-303.077759,-50.997967,-127.025200,-222.153732,-54.514072,-209.427582,12.923177,-54.336651,-127.302277,181.872467,-53.455894,272.305908,183.304871,-46.107651,356.971588,-50.491421,-46.938213,69.544708,14.020395,-54.883427,81.532585,497.309357,-10.961184
1573,7.865000,105.268936,263.142059,-49.429718,225.885040,-260.389740,-50.475895,43.164017,-303.077118,-51.004951,-127.029953,-222.155777,-54.513992,-209.434021,12.928879,-54.336601,-127.297150,181.872787,-53.457859,272.307068,183.305374,-46.103180,356.975464,-50.494278,-46.942490,69.548134,14.023232,-54.877571,81.527748,497.308044,-10.958939
1574,7.870000,105.276825,263.136292,-49.438656,225.887924,-260.385712,-50.463280,43.164139,-303.076874,-50.999401,-127.024918,-222.159378,-54.510639,-209.428543,12.922812,-54.340061,-127.301933,181.875977,-53.455711,272.313202,183.302094,-46.103977,356.974548,-50.492393,-46.939995,69.548622,14.014244,-54.886772,81.528427,497.306244,-10.968310
1575,7.875000,105.277679,263.131409,-49.431343,225.892044,-260.385956,-50.457642,43.164894,-303.075439,-50.998196,-127.032608,-222.158752,-54.518604,-209.426376,12.927630,-54.346413,-127.295868,181.873459,-53.458855,272.309998,183.299866,-46.107758,356.974701,-50.495964,-46.943485,69.552055,14.013145,-54.891396,81.527931,497.306030,-10.960443
1576,7.880000,105.272781,263.137634,-49.423985,225.885803,-260.382660,-50.470486,43.164864,-303.080597,-51.004482,-127.024559,-222.160019,-54.511822,-209.433380,12.926996,-54.340260,-127.301949,181.871719,-53.452278,272.308350,183.308029,-46.107395,356.973083,-50.493450,-46.930626,69.552254,14.019199,-54.876087,81.531219,497.308868,-10.963412
1577,7.885000,105.274406,263.140289,-49.436714,225.883362,-260.383148,-50.462383,43.167271,-303.080078,-51.002499,-127.026436,-222.159760,-54.516594,-209.429779,12.919954,-54.354534,-127.299072,181.870529,-53.465561,272.302155,183.303116,-46.100658,356.977753,-50.492325,-46.939743,69.548767,14.020964,-54.888863,81.532784,497.307404,-10.973372
1578,7.890000,105.270950,263.137909,-49.429501,225.892593,-260.383514,-50.458523,43.162624,-303.078430,-51.001495,-127.026405,-222.159393,-54.508148,-209.430237,12.922937,-54.347073,-127.297295,181.874649,-53.460754,272.312225,183.305222,-46.105366,356.973511,-50.492172,-46.931805,69.546577,14.022010,-54.880436,81.531532,497.308746,-10.958340
1579,7.895000,105.275978,263.139679,-49.431034,225.889450,-260.382233,-50.465069,43.169712,-303.080292,-51.000305,-127.023476,-222.151138,-54.512001,-209.426895,12.925296,-54.343624,-127.299248,181.875793,-53.465332,272.309570,183.298615,-46.108021,356.974823,-50.493011,-46.945637,69.548401,14.014793,-54.885994,81.527397,497.307343,-10.960774
1580,7.900000,105.276001,263.137024,-49.435474,225.886444,-260.385590,-50.471149,43.170078,-303.075348,-50.994392,-127.024635,-222.157303,-54.507679,-209.425980,12.921053,-54.342697,-127.303200,181.874542,-53.461594,272.309845,183.302246,-46.107521,356.980591,-50.494286,-46.938103,69.551262,14.024745,-54.881603,81.531822,497.306641,-10.956387
1581,7.905000,105.275192,263.137878,-49.427795,225.885223,-260.385803,-50.468563,43.167740,-303.075256,-50.991898,-127.024590,-222.154221,-54.516087,-209.427139,12.926167,-54.343849,-127.300545,181.873352,-53.460670,272.305115,183.306549,-46.105282,356.973206,-50.489586,-46.930222,69.544540,14.024554,-54.882198,81.527863,497.312042,-10.963064
1582,7.910000,105.269310,263.135040,-49.432987,225.889435,-260.381683,-50.462589,43.167870,-303.077972,-51.002445,-127.026039,-222.158020,-54.513039,-209.427521,12.923854,-54.347771,-127.305641,181.869904,-53.463287,272.304993,183.298767,-46.101952,356.972473,-50.490578,-46.934944,69.543739,14.017436,-54.884205,81.528610,497.310333,-10.960334
1583,7.915000,105.271606,263.143402,-49.430187,225.889526,-260.391052,-50.464977,43.161556,-303.085388,-51.004177,-127.024513,-222.159912,-54.518688,-209.432541,12.925225,-54.340103,-127.296967,181.874084,-53.458851,272.306061,183.305679,-46.104885,356.979340,-50.492680,-46.938324,69.550201,14.021476,-54.881092,81.529297,497.306915,-10.959526
1584,7.920000,105.274330,263.140106,-49.435997,225.886017,-260.378204,-50.448051,43.170208,-303.081146,-51.003963,-127.024216,-222.160233,-54.513695,-209.427826,12.924314,-54.350269,-127.295273,181.870682,-53.450268,272.301239,183.304794,-46.103867,356.977509,-50.493988,-46.930061,69.547920,14.020323,-54.878098,81.532150,497.305603,-10.950735
1585,7.925000,105.277000,263.134064,-49.434258,225.892899,-260.384216,-50.460617,43.165581,-303.076691,-50.995644,-127.027046,-222.160767,-54.516422,-209.428055,12.932384,-54.341778,-127.301704,181.873627,-53.458893,272.306305,183.302719,-46.100510,356.978973,-50.493027,-46.933353,69.546806,14.018180,-54.880642,81.529816,497.309631,-10.959453
1586,7.930000,105.270546,263.142365,-49.431984,225.889893,-260.382965,-50.465176,43.165215,-303.081482,-51.007565,-127.025131,-222.155533,-54.509506,-209.423752,12.925944,-54.342472,-127.302719,181.874084,-53.453350,272.309418,183.303772,-46.111156,356.974915,-50.489273,-46.927559,69.543213,14.018317,-54.886002,81.531990,497.306763,-10.958976
1587,7.935000,105.269981,263.141693,-49.430153,225.889435,-260.377502,-50.459332,43.164364,-303.079926,-51.005001,-127.027245,-222.156693,-54.514343,-209.432251,12.927844,-54.345329,-127.304237,181.875427,-53.458519,272.306244,183.304016,-46.098606,356.977539,-50.493862,-46.932266,69.552429,14.015239,-54.883907,81.525490,497.307556,-10.962039
1588,7.940000,105.270653,263.140839,-49.433163,225.884842,-260.378296,-50.456020,43.169994,-303.079987,-51.004856,-127.029953,-222.159073,-54.515800,-209.427765,12.929475,-54.342495,-127.297371,181.877075,-53.460815,272.310303,183.299072,-46.101570,356.974152,-50.491962,-46.939053,69.547874,14.020542,-54.877911,81.528938,497.307404,-10.957721
1589,7.945000,105.276901,263.141418,-49.430214,225.890610,-260.378845,-50.464405,43.164356,-303.077057,-51.000687,-127.026718,-222.156799,-54.513317,-209.432816,12.925302,-54.341969,-127.297935,181.877655,-53.466232,272.306580,183.308884,-46.107712,356.975830,-50.491283,-46.933788,69.552505,14.023341,-54.877563,81.527634,497.306152,-10.960366
1590,7.950000,105.275269,263.137878,-49.429466,225.885803,-260.377319,-50.466423,43.170059,-303.078644,-51.000542,-127.028214,-222.156357,-54.511833,-209.429733,12.920433,-54.342754,-127.296371,181.874069,-53.458382,272.307373,183.306427,-46.103840,356.978027,-50.491844,-46.927753,69.546608,14.017959,-54.884300,81.531036,497.308746,-10.962901
1591,7.955000,105.272209,263.136719,-49.423908,225.888641,-260.382233,-50.463299,43.162651,-303.083282,-50.999146,-127.023460,-222.163727,-54.514149,-209.424088,12.926327,-54.342350,-127.301109,181.873093,-53.468315,272.304504,183.308670,-46.105255,356.976166,-50.495079,-46.935398,69.544312,14.017149,-54.884251,81.530090,497.306946,-10.960599
1592,7.960000,105.275650,263.136017,-49.426697,225.885864,-260.386932,-50.456535,43.163483,-303.076996,-51.003849,-127.022522,-222.158524,-54.514183,-209.422089,12.925516,-54.339317,-127.298477,181.874451,-53.463692,272.305847,183.302948,-46.104519,356.977753,-50.494122,-46.937607,69.550850,14.013631,-54.885269,81.528824,497.305511,-10.956884
1593,7.965000,105.275902,263.136871,-49.435608,225.889236,-260.388184,-50.467232,43.167835,-303.078644,-51.006298,-127.023071,-222.158691,-54.513668,-209.426590,12.921683,-54.351540,-127.296555,181.875412,-53.463421,272.306824,183.306641,-46.110630,356.971283,-50.492043,-46.939377,69.552696,14.024538,-54.878887,81.528503,497.306671,-10.963670
1594,7.970000,105.273407,263.139954,-49.430721,225.885025,-260.381683,-50.461868,43.166016,-303.079468,-51.006363,-127.028183,-222.159012,-54.513618,-209.430511,12.927560,-54.347473,-127.295242,181.877655,-53.460720,272.311035,183.306641,-46.105175,356.976898,-50.497883,-46.939789,69.552238,14.026183,-54.882248,81.528503,497.308594,-10.963825
1595,7.975000,105.275009,263.138397,-49.421932,225.890823,-260.385803,-50.461452,43.162601,-303.080811,-50.996738,-127.028641,-222.159897,-54.518082,-209.431107,12.919201,-54.338211,-127.302246,181.870026,-53.461479,272.306763,183.300919,-46.112000,356.975769,-50.493599,-46.943588,69.546066,14.019774,-54.884354,81.530533,497.309662,-10.960329
1596,7.980000,105.275612,263.138550,-49.428570,225.884766,-260.387177,-50.471420,43.164330,-303.078613,-51.003990,-127.029594,-222.160858,-54.509010,-209.429504,12.923645,-54.350052,-127.301376,181.869446,-53.462296,272.306366,183.301056,-46.103237,356.973877,-50.495605,-46.929390,69.547798,14.018481,-54.888187,81.526466,497.301941,-10.964158
1597,7.985000,105.274437,263.140778,-49.435555,225.887192,-260.386444,-50.464485,43.163311,-303.077759,-50.998348,-127.029137,-222.160461,-54.515018,-209.425385,12.918117,-54.341583,-127.301170,181.871796,-53.460220,272.308990,183.302841,-46.105312,356.976013,-50.491982,-46.938450,69.552917,14.025593,-54.874184,81.528900,497.308990,-10.959863
1598,7.990000,105.273598,263.137390,-49.425598,225.888138,-260.381073,-50.459637,43.168301,-303.078583,-51.001404,-127.026779,-222.161591,-54.517830,-209.429214,12.923699,-54.342159,-127.300125,181.874481,-53.456696,272.304779,183.304276,-46.104988,356.978302,-50.493595,-46.935871,69.546104,14.024681,-54.877563,81.527473,497.308105,-10.963096
1599,7.995000,105.272598,263.138245,-49.434471,225.885208,-260.386444,-50.463326,43.167351,-303.081696,-51.002254,-127.023712,-222.159470,-54.516190,-209.430893,12.929125,-54.344128,-127.299530,181.873764,-53.459610,272.311096,183.303223,-46.103691,356.977844,-50.495152,-46.940315,69.549667,14.017860,-54.882072,81.529022,497.304199,-10.964209
1600,8.000000,105.272186,263.139709,-49.434383,225.887955,-260.388397,-50.464088,43.167648,-303.079590,-51.003029,-127.024445,-222.158157,-54.516312,-209.428223,12.926199,-54.342808,-127.302322,181.872421,-53.464977,272.306641,183.297974,-46.106457,356.973297,-50.492233,-46.943310,69.552353,14.019961,-54.882481,81.532639,497.306366,-10.958536
1601,8.005000,105.269913,263.138336,-49.429386,225.886398,-260.381653,-50.466351,43.166069,-303.075592,-51.004738,-127.026215,-222.158493,-54.513748,-209.428192,12.928145,-54.341469,-127.303940,181.873795,-53.464588,272.312042,183.304642,-46.103424,356.975861,-50.487411,-46.935879,69.553093,14.019827,-54.887417,81.529816,497.309998,-10.963498
1602,8.010000,105.272842,263.140259,-49.435257,225.883163,-260.384430,-50.461903,43.168407,-303.077576,-50.994320,-127.026215,-222.159103,-54.516209,-209.424744,12.925754,-54.342701,-127.301109,181.875244,-53.457977,272.308167,183.308029,-46.105465,356.971954,-50.496353,-46.933773,69.545853,14.026009,-54.882069,81.523361,497.310303,-10.966450
1603,8.015000,105.275864,263.134338,-49.428314,225.894318,-260.380615,-50.457157,43.162186,-303.082458,-51.006832,-127.029938,-222.162735,-54.515732,-209.428757,12.928700,-54.345230,-127.296913,181.866898,-53.456154,272.304108,183.300873,-46.100021,356.976105,-50.493034,-46.935978,69.545753,14.024578,-54.878777,81.529961,497.309418,-10.963212
1604,8.020000,105.277092,263.138733,-49.428532,225.891190,-260.381500,-50.471420,43.170090,-303.079712,-50.996727,-127.032372,-222.158478,-54.509075,-209.424454,12.929497,-54.352657,-127.290878,181.870087,-53.463116,272.306946,183.301010,-46.103592,356.975555,-50.496410,-46.932365,69.549835,14.016836,-54.885628,81.526207,497.305664,-10.954258
1605,8.025000,105.275887,263.141327,-49.435051,225.883102,-260.388794,-50.457363,43.163696,-303.078857,-50.994350,-127.028015,-222.153336,-54.515400,-209.426468,12.921368,-54.342560,-127.294334,181.869110,-53.460796,272.307159,183.297012,-46.110844,356.978088,-50.490818,-46.939564,69.545189,14.016723,-54.883190,81.525291,497.306793,-10.960666
1606,8.030000,105.270561,263.140503,-49.436974,225.888412,-260.385559,-50.465389,43.169044,-303.079590,-50.996784,-127.027649,-222.157486,-54.513885,-209.430054,12.923995,-54.343990,-127.301964,181.868835,-53.468819,272.306091,183.301483,-46.103714,356.976349,-50.494305,-46.935055,69.547470,14.016151,-54.879864,81.529549,497.302704,-10.957469
1607,8.035000,105.270485,263.140594,-49.430805,225.890656,-260.382874,-50.462345,43.163837,-303.083344,-51.005512,-127.024651,-222.160660,-54.510834,-209.424347,12.923445,-54.343468,-127.302765,181.872696,-53.459171,272.306580,183.305740,-46.104214,356.978729,-50.493443,-46.947033,69.544563,14.021279,-54.883442,81.529480,497.309387,-10.966824
1608,8.040000,105.272339,263.138519,-49.433464,225.885712,-260.387909,-50.466999,43.165787,-303.077545,-51.001411,-127.023338,-222.157471,-54.509254,-209.429855,12.927591,-54.343563,-127.297905,181.872955,-53.451706,272.305908,183.300629,-46.103924,356.977875,-50.496010,-46.937565,69.544342,14.018394,-54.877907,81.527512,497.305603,-10.958732
1609,8.045000,105.268501,263.138489,-49.430336,225.889282,-260.382751,-50.465240,43.166210,-303.081543,-51.006107,-127.023743,-222.156677,-54.507347,-209.424057,12.920731,-54.345745,-127.294037,181.869705,-53.461960,272.307159,183.300369,-46.103996,356.974030,-50.494587,-46.933132,69.547150,14.023629,-54.882404,81.529831,497.307404,-10.963517
1610,8.050000,105.273689,263.141296,-49.433739,225.886154,-260.387207,-50.474922,43.170052,-303.074585,-50.998081,-127.030045,-222.151855,-54.516735,-209.430328,12.923623,-54.345226,-127.301620,181.878296,-53.459980,272.306366,183.302216,-46.102329,356.974731,-50.488453,-46.934536,69.551682,14.016940,-54.880814,81.530212,497.307709,-10.955946
1611,8.055000,105.279663,263.138489,-49.431255,225.889420,-260.380524,-50.456921,43.167706,-303.075989,-51.003239,-127.021179,-222.161118,-54.516987,-209.427979,12.924772,-54.340919,-127.300072,181.874435,-53.455692,272.303314,183.298874,-46.109463,356.977356,-50.492077,-46.934044,69.549225,14.024427,-54.885784,81.528580,497.310730,-10.956861
1612,8.060000,105.273552,263.134430,-49.429600,225.887360,-260.384613,-50.467022,43.170811,-303.085266,-51.000393,-127.022774,-222.154007,-54.515713,-209.423737,12.923133,-54.346184,-127.301575,181.877640,-53.461369,272.309509,183.301819,-46.106899,356.974915,-50.493084,-46.940063,69.553001,14.016467,-54.884071,81.529144,497.309753,-10.957655
1613,8.065000,105.275734,263.138092,-49.429482,225.883438,-260.380615,-50.465137,43.168304,-303.075867,-51.001572,-127.028435,-222.159760,-54.515694,-209.427719,12.926648,-54.335415,-127.297668,181.874893,-53.457024,272.310608,183.306793,-46.097904,356.975372,-50.494019,-46.930805,69.555397,14.022846,-54.878738,81.527565,497.309601,-10.959560
1614,8.070000,105.273132,263.142822,-49.427128,225.889282,-260.382446,-50.457222,43.163136,-303.077820,-50.992161,-127.024490,-222.151611,-54.507645,-209.426208,12.923202,-54.342918,-127.298012,181.876892,-53.456676,272.308197,183.304245,-46.107632,356.974945,-50.489040,-46.932713,69.551826,14.025787,-54.883415,81.531334,497.307617,-10.955998
1615,8.075000,105.270782,263.137756,-49.431164,225.887650,-260.382202,-50.464401,43.170422,-303.081207,-51.001659,-127.027306,-222.157715,-54.511410,-209.427750,12.923461,-54.343143,-127.301720,181.876373,-53.463314,272.309387,183.305527,-46.114700,356.978149,-50.493484,-46.934669,69.550186,14.026200,-54.885078,81.533447,497.311432,-10.952337
1616,8.080000,105.270615,263.141418,-49.429409,225.884140,-260.386475,-50.464127,43.165707,-303.077698,-50.998829,-127.026337,-222.153534,-54.511810,-209.430450,12.926770,-54.339947,-127.300087,181.867981,-53.453617,272.306580,183.305206,-46.100853,356.975586,-50.494793,-46.938915,69.551193,14.023932,-54.875782,81.531029,497.305359,-10.954358
1617,8.085000,105.276604,263.140228,-49.432339,225.887848,-260.387268,-50.469303,43.167686,-303.076569,-50.994755,-127.024727,-222.153656,-54.520004,-209.426071,12.921713,-54.347813,-127.294479,181.873642,-53.464020,272.308289,183.303055,-46.101490,356.971588,-50.493595,-46.930725,69.547386,14.019723,-54.883514,81.529541,497.307465,-10.963511
1618,8.090000,105.277115,263.138580,-49.424847,225.886185,-260.387299,-50.462673,43.157059,-303.079926,-51.003242,-127.028854,-222.160660,-54.514210,-209.427094,12.924011,-54.341152,-127.298164,181.870483,-53.460110,272.305145,183.303314,-46.107426,356.974213,-50.492039,-46.930977,69.548973,14.020772,-54.879936,81.530411,497.305725,-10.963132
1619,8.095000,105.273369,263.136017,-49.427410,225.886002,-260.388763,-50.462101,43.168438,-303.081299,-51.001362,-127.024902,-222.160202,-54.511791,-209.426270,12.926677,-54.342506,-127.299698,181.873871,-53.459423,272.308685,183.302246,-46.102341,356.973541,-50.496834,-46.936089,69.548859,14.023227,-54.883961,81.529266,497.307404,-10.964038
1620,8.100000,105.271790,263.136200,-49.425171,225.891525,-260.387573,-50.463657,43.164970,-303.084015,-51.006119,-127.028343,-222.158859,-54.510567,-209.427475,12.928641,-54.334232,-127.297607,181.877335,-53.460499,272.305115,183.303284,-46.102531,356.974579,-50.493347,-46.934464,69.542259,14.018849,-54.880207,81.532898,497.306610,-10.962777
1621,8.105000,105.275528,263.139801,-49.430573,225.892914,-260.384430,-50.454109,43.169640,-303.083252,-51.006786,-127.025337,-222.157501,-54.512653,-209.425735,12.922498,-54.339153,-127.294273,181.870605,-53.454250,272.307953,183.300705,-46.107334,356.977356,-50.493034,-46.937119,69.547989,14.022871,-54.879108,81.528992,497.307465,-10.963213
1622,8.110000,105.274033,263.139191,-49.436279,225.888153,-260.383118,-50.462517,43.173183,-303.080536,-51.000069,-127.028870,-222.161606,-54.513210,-209.426712,12.920960,-54.339943,-127.296120,181.870682,-53.459450,272.308014,183.304108,-46.100937,356.975433,-50.494751,-46.929520,69.544838,14.019523,-54.878761,81.527145,497.307709,-10.961596
1623,8.115000,105.271980,263.136230,-49.436333,225.892044,-260.385010,-50.464283,43.166733,-303.077881,-50.996635,-127.023727,-222.157135,-54.505863,-209.424194,12.923516,-54.347145,-127.298447,181.869904,-53.457767,272.308075,183.304123,-46.102047,356.972809,-50.496208,-46.937313,69.552048,14.018420,-54.880424,81.527916,497.305939,-10.956916
1624,8.120000,105.275612,263.136230,-49.436520,225.888535,-260.383209,-50.464264,43.161247,-303.080048,-51.002499,-127.024590,-222.155579,-54.520100,-209.430115,12.923129,-54.349957,-127.297821,181.875214,-53.453323,272.304413,183.304123,-46.102650,356.975403,-50.488461,-46.939651,69.558174,14.020848,-54.881443,81.529266,497.309174,-10.973878
1625,8.125000,105.271698,263.136749,-49.430305,225.888321,-260.382629,-50.451187,43.162296,-303.080078,-51.004230,-127.028030,-222.152328,-54.509979,-209.431229,12.924530,-54.335606,-127.296837,181.875351,-53.458370,272.305542,183.305573,-46.102066,356.976868,-50.494408,-46.934635,69.546341,14.021729,-54.882557,81.526047,497.306366,-10.962712
1626,8.130000,105.275482,263.134613,-49.435741,225.891006,-260.384888,-50.459015,43.167538,-303.077576,-50.995224,-127.019958,-222.157944,-54.508305,-209.425201,12.927830,-54.338287,-127.300232,181.874847,-53.459923,272.310516,183.301422,-46.103909,356.975922,-50.495335,-46.935585,69.549858,14.022467,-54.875683,81.527405,497.307373,-10.959455
1627,8.135000,105.270744,263.138092,-49.427517,225.887436,-260.383148,-50.464756,43.165310,-303.078766,-51.008450,-127.027290,-222.156738,-54.513390,-209.429901,12.925520,-54.343376,-127.300087,181.877838,-53.467445,272.308868,183.301804,-46.098885,356.977081,-50.489204,-46.933270,69.547165,14.025298,-54.880074,81.526642,497.307129,-10.963984
1628,8.140000,105.274559,263.139313,-49.432106,225.891586,-260.382965,-50.458298,43.167873,-303.083496,-51.006218,-127.029015,-222.157501,-54.504681,-209.427811,12.926707,-54.344009,-127.302437,181.873077,-53.455811,272.308411,183.304871,-46.106613,356.974945,-50.488033,-46.928738,69.553757,14.020347,-54.882923,81.528008,497.306580,-10.959428
1629,8.145000,105.275246,263.139313,-49.434608,225.885010,-260.384003,-50.460110,43.166607,-303.082001,-51.007195,-127.022240,-222.158020,-54.518871,-209.424789,12.928594,-54.344967,-127.295883,181.874283,-53.456814,272.307251,183.305893,-46.106789,356.973877,-50.494301,-46.935146,69.548035,14.015580,-54.884834,81.528282,497.308533,-10.955395
1630,8.150000,105.274117,263.138458,-49.427170,225.888840,-260.388397,-50.466717,43.169968,-303.080383,-50.999725,-127.023903,-222.158173,-54.509396,-209.425507,12.928123,-54.340580,-127.298935,181.872375,-53.460308,272.307343,183.302795,-46.098053,356.973907,-50.495613,-46.939281,69.549133,14.019000,-54.881340,81.535057,497.308319,-10.962262
1631,8.155000,105.270569,263.137878,-49.424465,225.886902,-260.389404,-50.471867,43.165478,-303.079437,-51.001598,-127.021194,-222.153809,-54.513077,-209.432053,12.924146,-54.355194,-127.294678,181.878098,-53.463276,272.308502,183.301834,-46.102654,356.976013,-50.491371,-46.933125,69.547935,14.021824,-54.877399,81.529694,497.304016,-10.959545
1632,8.160000,105.273643,263.140381,-49.433342,225.886246,-260.384979,-50.467926,43.163128,-303.083710,-51.003506,-127.029999,-222.157715,-54.511776,-209.430954,12.927723,-54.343956,-127.297310,181.874588,-53.467579,272.304993,183.301392,-46.103111,356.982788,-50.492790,-46.936794,69.551918,14.021969,-54.882648,81.531479,497.308716,-10.965678
1633,8.165000,105.273529,263.139069,-49.433140,225.884766,-260.385071,-50.456421,43.165039,-303.078552,-51.001728,-127.029984,-222.158615,-54.517746,-209.427780,12.927119,-54.340443,-127.297211,181.879120,-53.459938,272.307495,183.300797,-46.105354,356.975586,-50.490421,-46.939133,69.537750,14.021714,-54.876038,81.529678,497.308014,-10.959616
1634,8.170000,105.272766,263.140594,-49.430676,225.890610,-260.375153,-50.448288,43.167046,-303.080811,-51.001366,-127.024292,-222.160492,-54.517319,-209.427216,12.927352,-54.343868,-127.299515,181.871323,-53.458843,272.308014,183.308762,-46.110531,356.977905,-50.491150,-46.932007,69.549538,14.018038,-54.888462,81.530518,497.308960,-10.964478
1635,8.175000,105.275742,263.140564,-49.429234,225.885620,-260.383453,-50.461117,43.168732,-303.080536,-50.993153,-127.021820,-222.164185,-54.515408,-209.428360,12.924520,-54.341339,-127.299980,181.874069,-53.460495,272.311798,183.303848,-46.106335,356.978607,-50.494881,-46.944855,69.547943,14.017228,-54.883690,81.531982,497.305084,-10.957849
1636,8.180000,105.272392,263.139221,-49.428757,225.885025,-260.385559,-50.465092,43.166946,-303.081146,-50.997967,-127.023857,-222.157135,-54.514492,-209.430191,12.928340,-54.340607,-127.299400,181.873810,-53.459412,272.307678,183.302338,-46.100384,356.974091,-50.490425,-46.926495,69.545815,14.014521,-54.884487,81.528412,497.308319,-10.957835
1637,8.185000,105.270905,263.140961,-49.431591,225.885345,-260.383484,-50.461700,43.170609,-303.081146,-51.001526,-127.029839,-222.158691,-54.520020,-209.426743,12.928751,-54.341690,-127.304611,181.869949,-53.459927,272.307343,183.306168,-46.107849,356.978302,-50.492638,-46.935902,69.551010,14.023423,-54.883099,81.530624,497.311646,-10.960720
1638,8.190000,105.271858,263.137604,-49.432343,225.883072,-260.383667,-50.465374,43.168079,-303.077393,-50.994919,-127.026527,-222.160446,-54.513504,-209.428040,12.930402,-54.348038,-127.298874,181.871796,-53.454678,272.302612,183.299652,-46.103886,356.974121,-50.490040,-46.930954,69.552223,14.024306,-54.883705,81.529808,497.309784,-10.967641
1639,8.195000,105.274986,263.142487,-49.427513,225.887146,-260.383362,-50.463615,43.167389,-303.078979,-50.995041,-127.024414,-222.158691,-54.511417,-209.428207,12.923270,-54.337654,-127.297653,181.872238,-53.460999,272.307770,183.303757,-46.103870,356.981110,-50.492737,-46.930786,69.549820,14.020828,-54.878132,81.527809,497.310608,-10.959841
1640,8.200000,105.279724,263.140747,-49.429939,225.888885,-260.382202,-50.460468,43.162090,-303.080170,-50.994389,-127.025497,-222.161041,-54.521099,-209.431152,12.924539,-54.347942,-127.298264,181.873901,-53.457420,272.306519,183.301361,-46.099651,356.978821,-50.489346,-46.931450,69.549210,14.021343,-54.870998,81.526741,497.305939,-10.963684
1641,8.205000,105.272614,263.137848,-49.432827,225.891983,-260.383606,-50.455181,43.162159,-303.079987,-51.005760,-127.024261,-222.157822,-54.518311,-209.429688,12.928997,-54.339973,-127.298477,181.871475,-53.462639,272.306671,183.298523,-46.100178,356.976868,-50.493988,-46.929272,69.551079,14.018159,-54.878952,81.528297,497.308624,-10.958093
1642,8.210000,105.275330,263.139954,-49.431419,225.889801,-260.384369,-50.471020,43.167183,-303.079681,-51.003365,-127.024117,-222.160889,-54.509857,-209.427551,12.917444,-54.343197,-127.297493,181.874481,-53.456104,272.307678,183.303787,-46.102451,356.976776,-50.491272,-46.931366,69.547256,14.022511,-54.877319,81.525566,497.306793,-10.961750
1643,8.215000,105.272751,263.139740,-49.435951,225.883987,-260.382355,-50.464497,43.167606,-303.081390,-50.996170,-127.023605,-222.161926,-54.517311,-209.433853,12.925149,-54.342113,-127.299515,181.872482,-53.451859,272.307739,183.300964,-46.104645,356.973907,-50.489021,-46.931503,69.549484,14.021434,-54.879101,81.530128,497.306610,-10.959172
1644,8.220000,105.274544,263.142731,-49.431576,225.888748,-260.385468,-50.454739,43.172142,-303.083405,-51.000576,-127.027885,-222.156143,-54.512856,-209.429306,12.924106,-54.343246,-127.301735,181.872055,-53.461613,272.309814,183.303680,-46.106110,356.973755,-50.492935,-46.944561,69.546951,14.023522,-54.881882,81.526756,497.309631,-10.962391
1645,8.225000,105.274071,263.140503,-49.433800,225.887817,-260.384491,-50.464691,43.166759,-303.076782,-51.009327,-127.028778,-222.158310,-54.514942,-209.430923,12.922867,-54.341988,-127.298012,181.877640,-53.458332,272.306885,183.305069,-46.107792,356.977631,-50.494667,-46.937271,69.546623,14.021996,-54.885548,81.524170,497.307831,-10.963753
1646,8.230000,105.276100,263.139984,-49.434296,225.890396,-260.380676,-50.465851,43.168327,-303.083160,-51.008053,-127.022865,-222.160339,-54.514858,-209.430695,12.930553,-54.342453,-127.299263,181.874512,-53.457397,272.301819,183.304153,-46.110077,356.971039,-50.495144,-46.948193,69.545471,14.022242,-54.877449,81.528305,497.309143,-10.958800
1647,8.235000,105.276283,263.137482,-49.435616,225.882553,-260.392792,-50.466301,43.162548,-303.081207,-50.999496,-127.026482,-222.156387,-54.505146,-209.427338,12.928171,-54.341854,-127.298294,181.873306,-53.455685,272.310028,183.299301,-46.102676,356.977692,-50.495979,-46.936089,69.549217,14.017689,-54.883839,81.531708,497.305176,-10.963425
1648,8.240000,105.277359,263.137177,-49.431469,225.892136,-260.384735,-50.454044,43.163338,-303.082092,-50.999634,-127.022263,-222.157837,-54.516438,-209.430664,12.929018,-54.341301,-127.293648,181.872025,-53.460983,272.306641,183.305405,-46.111507,356.975525,-50.498028,-46.933994,69.551636,14.022221,-54.886620,81.527954,497.305756,-10.957550
1649,8.245000,105.271729,263.140289,-49.434895,225.889252,-260.386780,-50.466454,43.164680,-303.081299,-51.004467,-127.025383,-222.156738,-54.519516,-209.425064,12.926468,-54.345901,-127.304436,181.875061,-53.454617,272.309967,183.302170,-46.108166,356.974823,-50.489117,-46.927212,69.549919,14.019159,-54.880714,81.524818,497.308075,-10.961026
1650,8.250000,105.273872,263.140564,-49.431282,225.881210,-260.387390,-50.473831,43.166798,-303.080261,-51.009254,-127.026711,-222.160278,-54.514061,-209.431213,12.922520,-54.346561,-127.301811,181.873047,-53.455414,272.306854,183.308868,-46.102829,356.976196,-50.493710,-46.940350,69.550278,14.022030,-54.882984,81.529716,497.308472,-10.960316
1651,8.255000,105.272667,263.141937,-49.430393,225.882858,-260.384125,-50.466232,43.168385,-303.077606,-50.999825,-127.028954,-222.159393,-54.517174,-209.431778,12.926395,-54.344288,-127.295151,181.877808,-53.466648,272.302368,183.305725,-46.103111,356.974487,-50.491199,-46.933067,69.554405,14.023281,-54.876595,81.534981,497.309448,-10.957960
1652,8.260000,105.273140,263.139374,-49.428177,225.892929,-260.383636,-50.453468,43.167942,-303.080658,-51.001423,-127.028389,-222.154373,-54.513901,-209.429169,12.927850,-54.345406,-127.297310,181.868973,-53.455761,272.309113,183.304489,-46.109921,356.973145,-50.493206,-46.936291,69.550385,14.023870,-54.878326,81.528481,497.307373,-10.958068
1653,8.265000,105.271217,263.131866,-49.432625,225.887573,-260.387878,-50.468124,43.167980,-303.078888,-50.998604,-127.024841,-222.154358,-54.510921,-209.427704,12.924742,-54.340012,-127.299263,181.875641,-53.452766,272.309326,183.305862,-46.100990,356.979553,-50.490246,-46.935509,69.556595,14.022701,-54.881458,81.529366,497.309021,-10.958449
1654,8.270000,105.274788,263.133423,-49.433113,225.886093,-260.384125,-50.463680,43.168503,-303.083527,-51.006420,-127.025055,-222.162552,-54.516003,-209.433960,12.922815,-54.352013,-127.298576,181.873566,-53.459213,272.310120,183.299988,-46.104038,356.980652,-50.491486,-46.935478,69.546844,14.021284,-54.882317,81.534760,497.307892,-10.958215
1655,8.275000,105.272621,263.137726,-49.433483,225.888336,-260.385071,-50.455055,43.167160,-303.077362,-51.008591,-127.030624,-222.159775,-54.517372,-209.431763,12.920877,-54.350643,-127.300827,181.870407,-53.459259,272.305328,183.300446,-46.106853,356.975220,-50.494946,-46.938591,69.547752,14.010648,-54.888264,81.527046,497.302704,-10.962718
1656,8.280000,105.272041,263.136292,-49.427406,225.885834,-260.386383,-50.466702,43.171249,-303.081055,-51.004841,-127.025993,-222.160263,-54.518063,-209.427277,12.925102,-54.353672,-127.301857,181.874878,-53.458382,272.304779,183.304443,-46.103691,356.974304,-50.498642,-46.939514,69.547234,14.017355,-54.878792,81.528847,497.305573,-10.966399
1657,8.285000,105.270378,263.136444,-49.436562,225.888397,-260.389740,-50.461075,43.165977,-303.084808,-51.000668,-127.027512,-222.158218,-54.517818,-209.428467,12.922111,-54.339802,-127.299133,181.871033,-53.457417,272.305481,183.301315,-46.099346,356.977081,-50.492657,-46.936287,69.553627,14.021534,-54.878941,81.527313,497.305939,-10.960453
1658,8.290000,105.271774,263.140228,-49.431877,225.895584,-260.381378,-50.453972,43.165611,-303.080841,-51.000813,-127.026054,-222.156189,-54.503925,-209.424835,12.928344,-54.338520,-127.296402,181.876266,-53.459484,272.310181,183.306183,-46.107990,356.974915,-50.494427,-46.936588,69.544899,14.020568,-54.880230,81.527321,497.307892,-10.960978
1659,8.295000,105.273705,263.140472,-49.432854,225.888382,-260.386475,-50.464180,43.167614,-303.079712,-51.003334,-127.031860,-222.162323,-54.515675,-209.430939,12.923430,-54.346058,-127.296745,181.874237,-53.450504,272.309601,183.302963,-46.101818,356.974274,-50.493977,-46.932728,69.551254,14.017773,-54.878895,81.528831,497.305054,-10.963759
1660,8.300000,105.271019,263.140869,-49.437473,225.889511,-260.388062,-50.464138,43.169029,-303.075378,-50.997299,-127.023849,-222.159851,-54.518143,-209.430878,12.924543,-54.341206,-127.296089,181.876083,-53.459141,272.309113,183.304321,-46.108513,356.976898,-50.491352,-46.937542,69.548325,14.019917,-54.882465,81.534317,497.305420,-10.960778
1661,8.305000,105.273064,263.141693,-49.429588,225.890427,-260.382751,-50.457718,43.166645,-303.076324,-50.998844,-127.027245,-222.154999,-54.510288,-209.427124,12.926410,-54.340748,-127.299965,181.873184,-53.458496,272.306854,183.301407,-46.105709,356.975342,-50.492958,-46.939217,69.555923,14.020408,-54.884815,81.531532,497.307495,-10.955859
1662,8.310000,105.269333,263.142883,-49.431633,225.892487,-260.382446,-50.458698,43.170292,-303.076477,-50.998894,-127.031654,-222.156448,-54.516277,-209.428741,12.925519,-54.347218,-127.301376,181.877838,-53.465965,272.308441,183.306229,-46.104073,356.975006,-50.488163,-46.928398,69.548943,14.019503,-54.877083,81.530457,497.307159,-10.957988
1663,8.315000,105.274117,263.138611,-49.426521,225.881577,-260.381409,-50.462566,43.163445,-303.077240,-50.998894,-127.024979,-222.156815,-54.512470,-209.424957,12.921264,-54.342167,-127.295151,181.876755,-53.460297,272.310516,183.304749,-46.102962,356.973633,-50.495739,-46.941292,69.550980,14.022425,-54.883553,81.534698,497.307465,-10.956580
1664,8.320000,105.272430,263.133606,-49.426647,225.883804,-260.384552,-50.462479,43.166130,-303.079681,-50.999763,-127.024963,-222.156906,-54.511467,-209.431763,12.930702,-54.345985,-127.301376,181.877686,-53.455780,272.304108,183.297363,-46.099709,356.978577,-50.490505,-46.938778,69.550247,14.017462,-54.886200,81.526901,497.307953,-10.962034
1665,8.325000,105.269753,263.136536,-49.431515,225.889862,-260.389496,-50.462017,43.168777,-303.075562,-51.003452,-127.021416,-222.158630,-54.515568,-209.428223,12.922989,-54.344746,-127.297539,181.873413,-53.457809,272.309845,183.305328,-46.110638,356.969360,-50.491413,-46.932072,69.543861,14.019425,-54.884182,81.531685,497.309723,-10.954697
1666,8.330000,105.272804,263.140533,-49.427830,225.890106,-260.381409,-50.459175,43.166672,-303.075165,-51.001690,-127.024757,-222.155502,-54.512314,-209.430984,12.924785,-54.342636,-127.298805,181.868546,-53.452599,272.306732,183.309601,-46.109756,356.973328,-50.497768,-46.937031,69.545692,14.020761,-54.876236,81.529961,497.311401,-10.962140
1667,8.335000,105.276932,263.145447,-49.432587,225.888382,-260.385834,-50.462959,43.163040,-303.082611,-51.008781,-127.025917,-222.159058,-54.520340,-209.429718,12.924884,-54.342575,-127.305580,181.871796,-53.464497,272.304169,183.301178,-46.109398,356.973907,-50.491955,-46.936607,69.552826,14.019491,-54.879463,81.530357,497.305969,-10.964831
1668,8.340000,105.273056,263.137939,-49.434643,225.890396,-260.383972,-50.460869,43.162289,-303.080597,-50.998672,-127.022728,-222.161148,-54.512337,-209.428360,12.920645,-54.342316,-127.296242,181.873413,-53.455429,272.309357,183.297165,-46.107239,356.979218,-50.496120,-46.938255,69.547798,14.022314,-54.882164,81.529503,497.310242,-10.964446
1669,8.345000,105.277451,263.136597,-49.440765,225.884796,-260.390961,-50.477589,43.169025,-303.082245,-50.997505,-127.026382,-222.164032,-54.513039,-209.429413,12.922030,-54.341156,-127.297310,181.872482,-53.459934,272.306732,183.304703,-46.105984,356.976135,-50.494007,-46.939930,69.551331,14.018398,-54.884380,81.527069,497.307526,-10.957924
1670,8.350000,105.271324,263.132935,-49.436771,225.886383,-260.386139,-50.463413,43.165558,-303.078308,-50.998074,-127.024979,-222.158813,-54.511311,-209.426071,12.928925,-54.341640,-127.302513,181.871307,-53.459538,272.308868,183.302216,-46.100876,356.976624,-50.493504,-46.932648,69.552444,14.021194,-54.876133,81.530693,497.307465,-10.957906
1671,8.355000,105.272171,263.139008,-49.438622,225.894852,-260.377716,-50.450031,43.168945,-303.077637,-50.998367,-127.026749,-222.158798,-54.512104,-209.428116,12.927195,-54.343647,-127.301826,181.873764,-53.449886,272.307587,183.302689,-46.100548,356.977844,-50.491688,-46.934101,69.547356,14.025921,-54.877083,81.534584,497.309479,-10.958784
1672,8.360000,105.271500,263.140228,-49.426643,225.886948,-260.387238,-50.464718,43.169025,-303.079407,-51.004906,-127.026962,-222.154648,-54.510040,-209.427597,12.925943,-54.343040,-127.296776,181.875229,-53.459759,272.303009,183.305969,-46.100174,356.974762,-50.489937,-46.939594,69.549339,14.018138,-54.884754,81.528969,497.307007,-10.965453
1673,8.365000,105.270653,263.140381,-49.428391,225.888733,-260.384399,-50.457840,43.169697,-303.079132,-51.000942,-127.025887,-222.159882,-54.514221,-209.434052,12.930858,-54.346260,-127.301407,181.873108,-53.461124,272.302338,183.302246,-46.117256,356.976379,-50.490715,-46.938179,69.548767,14.024286,-54.878258,81.532021,497.307648,-10.960336
1674,8.370000,105.272804,263.140320,-49.431194,225.891769,-260.378967,-50.468109,43.164639,-303.074524,-51.003040,-127.025902,-222.158813,-54.514561,-209.424576,12.920936,-54.341667,-127.298012,181.874481,-53.462646,272.312897,183.302734,-46.108749,356.974091,-50.495598,-46.940285,69.547585,14.017658,-54.881218,81.532028,497.307098,-10.962253
1675,8.375000,105.271713,263.137177,-49.432419,225.890305,-260.379517,-50.460518,43.170284,-303.079407,-50.998501,-127.024635,-222.155075,-54.509193,-209.426163,12.926570,-54.341206,-127.298103,181.873123,-53.457230,272.307465,183.303192,-46.110794,356.975952,-50.494274,-46.937553,69.549568,14.015101,-54.891590,81.530212,497.307159,-10.959700
1676,8.380000,105.277557,263.141541,-49.434086,225.881821,-260.387299,-50.464542,43.167934,-303.081329,-51.004269,-127.023537,-222.157654,-54.513374,-209.430481,12.924835,-54.344955,-127.298981,181.876419,-53.458450,272.306732,183.303833,-46.108959,356.974030,-50.497585,-46.933964,69.546227,14.020164,-54.884270,81.533806,497.302460,-10.962099
1677,8.385000,105.274101,263.139374,-49.424679,225.887009,-260.384888,-50.455715,43.169178,-303.078369,-50.999607,-127.027496,-222.158859,-54.516117,-209.428787,12.924334,-54.340843,-127.299515,181.870773,-53.462734,272.306183,183.310364,-46.106319,356.978455,-50.492672,-46.929310,69.547874,14.018872,-54.875240,81.529419,497.307007,-10.962399
1678,8.390000,105.273567,263.139801,-49.426994,225.889542,-260.383545,-50.459011,43.170895,-303.078339,-50.993950,-127.030853,-222.157547,-54.516891,-209.428665,12.922620,-54.342777,-127.296997,181.878479,-53.462429,272.306641,183.307220,-46.101650,356.974091,-50.494217,-46.935581,69.541840,14.020247,-54.879025,81.530579,497.308594,-10.965764
1679,8.395000,105.273239,263.136139,-49.440392,225.886292,-260.389282,-50.474483,43.168633,-303.078583,-51.000286,-127.026573,-222.159103,-54.518398,-209.428101,12.922040,-54.342175,-127.300201,181.872299,-53.464100,272.306824,183.301712,-46.103188,356.971954,-50.491924,-46.936909,69.550575,14.021730,-54.884136,81.528587,497.305603,-10.958982
1680,8.400000,105.272858,263.143524,-49.435715,225.884659,-260.385284,-50.467270,43.168308,-303.078796,-51.003311,-127.029373,-222.157974,-54.515266,-209.427994,12.919122,-54.338650,-127.297966,181.869827,-53.466480,272.304962,183.300461,-46.102291,356.976929,-50.492706,-46.933849,69.546837,14.018903,-54.878719,81.531586,497.306854,-10.960147
1681,8.405000,105.274948,263.133362,-49.440784,225.891556,-260.386383,-50.462139,43.168274,-303.083466,-51.000366,-127.027664,-222.159790,-54.515419,-209.427292,12.926418,-54.338047,-127.296745,181.867676,-53.462105,272.312836,183.297043,-46.103939,356.975220,-50.492340,-46.935650,69.549622,14.021992,-54.887909,81.533043,497.305817,-10.959340
1682,8.410000,105.274628,263.139648,-49.433163,225.888733,-260.388062,-50.466671,43.170452,-303.080383,-51.005001,-127.028511,-222.156876,-54.514164,-209.426346,12.927888,-54.343342,-127.298416,181.869614,-53.459400,272.308319,183.297226,-46.106159,356.971222,-50.494476,-46.931637,69.545006,14.022901,-54.877934,81.524773,497.308167,-10.962795
1683,8.415000,105.272774,263.137115,-49.434311,225.892502,-260.379883,-50.461647,43.159180,-303.076141,-51.007683,-127.024277,-222.156067,-54.523266,-209.427582,12.924172,-54.345116,-127.300484,181.869019,-53.463699,272.307220,183.304092,-46.106033,356.975983,-50.490879,-46.933846,69.549469,14.024657,-54.879223,81.527634,497.306763,-10.959379
1684,8.420000,105.274750,263.137512,-49.431309,225.886597,-260.385620,-50.466133,43.168938,-303.081940,-51.005394,-127.025497,-222.156219,-54.512108,-209.428146,12.926382,-54.338791,-127.298546,181.873444,-53.459629,272.307220,183.301666,-46.103302,356.973999,-50.497711,-46.934803,69.547935,14.018799,-54.880577,81.527191,497.305115,-10.962455
1685,8.425000,105.276878,263.139130,-49.433014,225.888519,-260.380676,-50.457287,43.167461,-303.083832,-51.004547,-127.023232,-222.153732,-54.510059,-209.430695,12.923175,-54.345058,-127.296196,181.872620,-53.454216,272.306213,183.299637,-46.105183,356.975342,-50.496315,-46.934586,69.540955,14.020342,-54.883602,81.534637,497.303772,-10.961852
1686,8.430000,105.275032,263.140106,-49.435719,225.891953,-260.383728,-50.463745,43.170971,-303.081238,-51.000431,-127.024261,-222.157639,-54.510014,-209.425247,12.921307,-54.333599,-127.301872,181.871216,-53.455612,272.311401,183.303192,-46.109180,356.974609,-50.496479,-46.934502,69.546310,14.019858,-54.883915,81.531693,497.304932,-10.959575
1687,8.435000,105.276581,263.141144,-49.426472,225.886185,-260.386353,-50.466423,43.167408,-303.081238,-50.998516,-127.029594,-222.158752,-54.524303,-209.427643,12.924487,-54.348312,-127.300110,181.872345,-53.453732,272.303314,183.301010,-46.109074,356.970856,-50.494301,-46.934948,69.550133,14.018119,-54.886745,81.531326,497.310150,-10.960162
1688,8.440000,105.273132,263.141479,-49.434795,225.880020,-260.387329,-50.464378,43.167439,-303.077820,-51.006046,-127.025040,-222.151276,-54.514671,-209.432205,12.925461,-54.341621,-127.301781,181.876282,-53.458744,272.307190,183.303345,-46.110855,356.971100,-50.489597,-46.935001,69.543579,14.021606,-54.881195,81.533318,497.307098,-10.957692
1689,8.445000,105.274338,263.142395,-49.423897,225.888336,-260.384552,-50.469372,43.165783,-303.079620,-50.996124,-127.026947,-222.155884,-54.515491,-209.432312,12.921231,-54.346451,-127.300751,181.876434,-53.455624,272.304260,183.302307,-46.100895,356.971588,-50.492367,-46.936878,69.549385,14.020927,-54.880924,81.527618,497.306549,-10.960566
1690,8.450000,105.271912,263.137543,-49.428696,225.891876,-260.386780,-50.460121,43.165611,-303.079712,-51.006084,-127.024803,-222.152878,-54.516720,-209.427795,12.922935,-54.340912,-127.297981,181.873795,-53.464470,272.301849,183.303757,-46.098755,356.976562,-50.495049,-46.940063,69.544037,14.025534,-54.880268,81.525543,497.309570,-10.961051
1691,8.455000,105.275162,263.139069,-49.434250,225.885910,-260.386963,-50.472656,43.167873,-303.081238,-50.997295,-127.029076,-222.155914,-54.510731,-209.427612,12.925923,-54.346645,-127.300812,181.874146,-53.459866,272.306580,183.300827,-46.108246,356.975037,-50.498100,-46.944031,69.547890,14.019567,-54.886501,81.530609,497.306519,-10.963639
1692,8.460000,105.276451,263.132965,-49.434799,225.886414,-260.389404,-50.463615,43.165592,-303.081757,-51.007042,-127.025871,-222.159729,-54.517731,-209.431717,12.924201,-54.346012,-127.301437,181.868164,-53.460045,272.307861,183.302200,-46.111969,356.973175,-50.494373,-46.933891,69.553017,14.016164,-54.886208,81.527634,497.303650,-10.955861
1693,8.465000,105.273323,263.137573,-49.435768,225.887558,-260.389618,-50.465797,43.166977,-303.079559,-51.008621,-127.022591,-222.154709,-54.509895,-209.431351,12.926241,-54.340439,-127.300186,181.871597,-53.465603,272.307831,183.303299,-46.103046,356.978424,-50.492546,-46.936085,69.549980,14.017190,-54.882954,81.529457,497.304932,-10.966366
1694,8.470000,105.275810,263.141693,-49.432270,225.892349,-260.382080,-50.454319,43.164562,-303.082092,-51.001888,-127.028015,-222.153351,-54.517143,-209.433777,12.922771,-54.344692,-127.296623,181.870590,-53.462578,272.307281,183.300339,-46.099220,356.978027,-50.487446,-46.934090,69.548386,14.017004,-54.877632,81.527412,497.307373,-10.964272
1695,8.475000,105.271767,263.138458,-49.433659,225.881546,-260.386810,-50.468918,43.172176,-303.082977,-51.001255,-127.022552,-222.157455,-54.514614,-209.426743,12.922574,-54.344700,-127.302292,181.874115,-53.464264,272.307159,183.306915,-46.105442,356.974243,-50.495285,-46.929867,69.541870,14.019860,-54.880711,81.527344,497.306030,-10.967009
1696,8.480000,105.272644,263.141846,-49.431667,225.891434,-260.383484,-50.455021,43.167767,-303.081177,-51.002842,-127.025513,-222.156403,-54.518719,-209.425430,12.924378,-54.347885,-127.295258,181.874969,-53.458454,272.307251,183.303650,-46.111893,356.978333,-50.493118,-46.938343,69.549309,14.017962,-54.885086,81.527512,497.306458,-10.952971
1697,8.485000,105.273331,263.141296,-49.434010,225.887100,-260.386047,-50.462082,43.165787,-303.082336,-51.005413,-127.022980,-222.156937,-54.509277,-209.424332,12.925414,-54.331631,-127.298981,181.870544,-53.459785,272.312347,183.305023,-46.107025,356.976257,-50.491283,-46.939323,69.546501,14.019591,-54.878666,81.529984,497.303680,-10.959435
1698,8.490000,105.272675,263.138184,-49.439568,225.897614,-260.381500,-50.460236,43.168785,-303.080597,-51.004383,-127.023605,-222.158127,-54.511772,-209.427185,12.925685,-54.342133,-127.292473,181.873871,-53.454247,272.308258,183.301697,-46.102051,356.978119,-50.492409,-46.943180,69.547119,14.023840,-54.876450,81.526588,497.304901,-10.957120
1699,8.495000,105.273323,263.136810,-49.429939,225.888977,-260.382507,-50.459675,43.165901,-303.077332,-50.998661,-127.024384,-222.154099,-54.511734,-209.427322,12.923099,-54.344017,-127.300842,181.874146,-53.458328,272.310486,183.305954,-46.103825,356.980835,-50.496334,-46.937664,69.550789,14.015906,-54.883083,81.528870,497.304199,-10.961875
1700,8.500000,105.268173,263.138031,-49.431747,225.890121,-260.380432,-50.451073,43.168209,-303.080231,-50.996662,-127.026367,-222.157425,-54.506950,-209.427597,12.921278,-54.340347,-127.305000,181.878464,-53.455494,272.307312,183.304459,-46.108898,356.980225,-50.492973,-46.941139,69.550896,14.020051,-54.886326,81.525711,497.308533,-10.962964
1701,8.505000,105.274200,263.134369,-49.430981,225.891846,-260.382874,-50.465294,43.167004,-303.076813,-51.001961,-127.032234,-222.160278,-54.507736,-209.430405,12.922965,-54.351814,-127.299797,181.873032,-53.458370,272.304718,183.301926,-46.103333,356.980072,-50.490154,-46.936546,69.548943,14.014448,-54.881721,81.530785,497.303589,-10.962778
1702,8.510000,105.273941,263.140411,-49.430172,225.887695,-260.389191,-50.465828,43.166477,-303.082794,-51.002930,-127.025024,-222.158569,-54.516823,-209.427994,12.922914,-54.350639,-127.298233,181.868729,-53.461929,272.309692,183.301132,-46.102379,356.980042,-50.496037,-46.931728,69.551666,14.016876,-54.891953,81.530045,497.305664,-10.963560
1703,8.515000,105.277664,263.133636,-49.426376,225.881348,-260.381195,-50.467064,43.165764,-303.078156,-50.996872,-127.025276,-222.156845,-54.519390,-209.427170,12.923654,-54.339169,-127.298180,181.869705,-53.461964,272.304169,183.301895,-46.101063,356.973206,-50.495789,-46.935081,69.546303,14.017739,-54.884197,81.530670,497.306732,-10.953962
1704,8.520000,105.271667,263.140991,-49.429951,225.892227,-260.384033,-50.464298,43.170143,-303.078003,-50.999573,-127.025711,-222.159134,-54.516731,-209.430038,12.921585,-54.341312,-127.298119,181.870895,-53.460083,272.302979,183.304214,-46.103500,356.978851,-50.497963,-46.944813,69.548988,14.024445,-54.875721,81.527931,497.307739,-10.962041
1705,8.525000,105.272324,263.136932,-49.436798,225.896698,-260.383606,-50.468979,43.167046,-303.080261,-50.998459,-127.025497,-222.160110,-54.513397,-209.426331,12.926570,-54.344532,-127.294380,181.871094,-53.459927,272.308563,183.301529,-46.109779,356.976227,-50.496864,-46.935097,69.546242,14.019803,-54.880875,81.530853,497.308136,-10.963682
1706,8.530000,105.274025,263.133331,-49.433334,225.886658,-260.388245,-50.457981,43.172577,-303.085968,-51.000122,-127.029793,-222.157944,-54.517696,-209.423645,12.922308,-54.349350,-127.297653,181.873413,-53.462734,272.309875,183.301956,-46.109638,356.977112,-50.493496,-46.935905,69.545853,14.015570,-54.889660,81.528160,497.306915,-10.962976
1707,8.535000,105.276291,263.139862,-49.433289,225.887115,-260.391846,-50.464962,43.170586,-303.081238,-50.995354,-127.024574,-222.157852,-54.514992,-209.427231,12.924551,-54.345745,-127.302124,181.873322,-53.457008,272.309601,183.300262,-46.104130,356.975464,-50.494270,-46.937798,69.547638,14.022152,-54.872734,81.531601,497.304413,-10.957751
1708,8.540000,105.272270,263.138794,-49.433006,225.887558,-260.379120,-50.458191,43.171425,-303.083374,-51.002132,-127.027985,-222.154419,-54.513443,-209.429520,12.921963,-54.353569,-127.298103,181.874420,-53.455727,272.308105,183.304260,-46.109482,356.975494,-50.494667,-46.932011,69.550262,14.017506,-54.886570,81.527664,497.305695,-10.963047
1709,8.545000,105.272614,263.136719,-49.431740,225.889175,-260.388947,-50.467445,43.168663,-303.080139,-51.000782,-127.026855,-222.154144,-54.511391,-209.429916,12.923928,-54.338490,-127.294899,181.868484,-53.456284,272.309113,183.307190,-46.102905,356.970673,-50.491661,-46.935047,69.544655,14.020327,-54.879852,81.529800,497.304779,-10.960587
1710,8.550000,105.272537,263.140656,-49.433178,225.890121,-260.383636,-50.467850,43.169098,-303.076141,-51.005600,-127.025856,-222.155487,-54.513916,-209.423386,12.928545,-54.337692,-127.299469,181.874557,-53.457817,272.308136,183.307999,-46.114632,356.975128,-50.495842,-46.936214,69.545944,14.018488,-54.887577,81.526146,497.310211,-10.964067
1711,8.555000,105.276535,263.138214,-49.428497,225.889008,-260.381012,-50.469902,43.167660,-303.085266,-51.004719,-127.022934,-222.158630,-54.514633,-209.432922,12.923505,-54.344345,-127.297211,181.870453,-53.453804,272.303680,183.301422,-46.099701,356.975861,-50.490192,-46.930565,69.546333,14.019280,-54.879616,81.532249,497.304413,-10.956264
1712,8.560000,105.277023,263.142090,-49.438168,225.886658,-260.382812,-50.462631,43.170059,-303.082184,-51.009090,-127.027985,-222.162140,-54.514442,-209.430984,12.928306,-54.349960,-127.300369,181.876831,-53.456284,272.303314,183.304123,-46.101643,356.974121,-50.493229,-46.933537,69.543777,14.019794,-54.879631,81.530441,497.307648,-10.963856
1713,8.565000,105.274368,263.137878,-49.429016,225.886383,-260.381256,-50.455486,43.166065,-303.080475,-51.009113,-127.022583,-222.156403,-54.509048,-209.428375,12.925333,-54.352051,-127.298950,181.874313,-53.458172,272.311432,183.302231,-46.101101,356.975311,-50.493114,-46.936874,69.546150,14.024907,-54.877369,81.530228,497.305542,-10.962272
1714,8.570000,105.276436,263.136902,-49.437103,225.888763,-260.378265,-50.457878,43.171078,-303.081055,-51.005527,-127.024353,-222.155731,-54.517834,-209.432159,12.925746,-54.339806,-127.295059,181.874725,-53.456482,272.308289,183.308014,-46.106483,356.976624,-50.494930,-46.936443,69.552498,14.017638,-54.889179,81.528557,497.309540,-10.965900
1715,8.575000,105.274193,263.135468,-49.435684,225.887085,-260.384308,-50.464066,43.166241,-303.077209,-50.994564,-127.029686,-222.156631,-54.517242,-209.431229,12.928109,-54.344418,-127.295258,181.873779,-53.460655,272.307434,183.305374,-46.106743,356.975006,-50.492916,-46.940872,69.550819,14.023240,-54.888062,81.526718,497.306488,-10.964253
1716,8.580000,105.273376,263.138367,-49.435738,225.891769,-260.385895,-50.463253,43.163094,-303.079224,-51.006580,-127.028748,-222.157898,-54.516804,-209.423691,12.925504,-54.340099,-127.299606,181.872177,-53.456154,272.303162,183.303955,-46.106010,356.976044,-50.492630,-46.935173,69.545082,14.021025,-54.879681,81.526398,497.308899,-10.962347
1717,8.585000,105.277412,263.142120,-49.431053,225.884415,-260.386353,-50.465027,43.167492,-303.084259,-51.000862,-127.023727,-222.159302,-54.508060,-209.426910,12.926572,-54.343838,-127.301750,181.875381,-53.453751,272.303375,183.298828,-46.106064,356.978973,-50.495182,-46.936737,69.545624,14.017797,-54.884827,81.529633,497.302917,-10.962506
1718,8.590000,105.274452,263.136414,-49.435726,225.887726,-260.381836,-50.466476,43.164188,-303.083466,-51.006691,-127.025452,-222.157150,-54.512161,-209.429520,12.921696,-54.339958,-127.299995,181.871429,-53.458714,272.304688,183.300568,-46.106106,356.979401,-50.500713,-46.936035,69.545410,14.021323,-54.882191,81.529800,497.303040,-10.967481
1719,8.595000,105.272957,263.133636,-49.438484,225.888489,-260.382721,-50.463120,43.166328,-303.081635,-51.003250,-127.027046,-222.159180,-54.512421,-209.426315,12.924491,-54.341461,-127.297806,181.873779,-53.458664,272.304962,183.305054,-46.106300,356.974548,-50.497158,-46.936901,69.552444,14.015501,-54.885418,81.528725,497.305847,-10.960299
1720,8.600000,105.274223,263.141449,-49.426544,225.886551,-260.383789,-50.462944,43.163807,-303.079468,-50.999905,-127.025200,-222.151596,-54.519516,-209.427063,12.924758,-54.339119,-127.296494,181.875061,-53.466282,272.307617,183.302109,-46.106735,356.975159,-50.494411,-46.937706,69.549438,14.020331,-54.879059,81.532059,497.304199,-10.958629
1721,8.605000,105.275368,263.136169,-49.432594,225.892929,-260.387451,-50.463497,43.168152,-303.082733,-51.003296,-127.026138,-222.158829,-54.514412,-209.423111,12.925177,-54.347931,-127.301041,181.877090,-53.455391,272.307739,183.309219,-46.106441,356.980621,-50.496380,-46.939129,69.542694,14.021944,-54.879356,81.526291,497.306000,-10.963183
1722,8.610000,105.270844,263.139282,-49.436466,225.885651,-260.382690,-50.453831,43.167408,-303.080353,-50.995277,-127.028328,-222.159744,-54.522804,-209.425613,12.932055,-54.349274,-127.298508,181.875946,-53.450386,272.313171,183.301788,-46.102211,356.981537,-50.495945,-46.933826,69.544907,14.019881,-54.879147,81.529984,497.308533,-10.966412
1723,8.615000,105.268631,263.136169,-49.434158,225.889908,-260.381805,-50.464584,43.173870,-303.080078,-51.000523,-127.023994,-222.156601,-54.517166,-209.427811,12.927166,-54.336979,-127.295212,181.869736,-53.457592,272.306824,183.303360,-46.102814,356.974030,-50.494839,-46.939682,69.546463,14.017346,-54.884254,81.527725,497.309662,-10.961791
1724,8.620000,105.277008,263.138245,-49.430408,225.887589,-260.381287,-50.460472,43.166367,-303.078796,-51.000614,-127.023056,-222.158249,-54.514961,-209.424530,12.927531,-54.344250,-127.302078,181.875137,-53.453781,272.306458,183.301300,-46.106613,356.975128,-50.494999,-46.936413,69.549248,14.018658,-54.885242,81.528030,497.308075,-10.956360
1725,8.625000,105.280396,263.139587,-49.436726,225.889160,-260.384583,-50.470718,43.167397,-303.074890,-51.001141,-127.025826,-222.154282,-54.516979,-209.422852,12.924521,-54.345066,-127.297134,181.873566,-53.459225,272.310059,183.307068,-46.104637,356.977417,-50.496326,-46.942181,69.550766,14.019864,-54.877785,81.528778,497.305542,-10.963976
1726,8.630000,105.275101,263.138306,-49.421970,225.889938,-260.383545,-50.469799,43.166264,-303.078552,-50.995758,-127.024086,-222.156494,-54.515671,-209.425613,12.926727,-54.347549,-127.299797,181.878342,-53.465225,272.308105,183.305023,-46.102699,356.980591,-50.489098,-46.936417,69.545921,14.018085,-54.884083,81.525505,497.308899,-10.961645
1727,8.635000,105.268860,263.138000,-49.429024,225.889130,-260.382812,-50.453915,43.168182,-303.078491,-51.003765,-127.023445,-222.159027,-54.523605,-209.423889,12.924063,-54.340969,-127.300766,181.878723,-53.462715,272.303955,183.303741,-46.105927,356.975891,-50.492516,-46.928471,69.547958,14.020360,-54.882046,81.531418,497.308929,-10.963434
1728,8.640000,105.273537,263.139160,-49.434273,225.888763,-260.389832,-50.466759,43.168739,-303.082520,-51.002159,-127.029572,-222.157669,-54.508984,-209.429184,12.928626,-54.348667,-127.296898,181.870636,-53.453625,272.311340,183.302750,-46.102829,356.977478,-50.496449,-46.934185,69.541595,14.018991,-54.882885,81.527946,497.307617,-10.963325
1729,8.645000,105.277168,263.135254,-49.437771,225.884720,-260.389252,-50.462440,43.170391,-303.085449,-51.004917,-127.027046,-222.155838,-54.513588,-209.422134,12.924547,-54.343563,-127.299431,181.871780,-53.458530,272.307281,183.297974,-46.101177,356.974640,-50.495052,-46.933899,69.548592,14.021684,-54.889362,81.530960,497.307953,-10.958826
1730,8.650000,105.275024,263.139648,-49.431828,225.887527,-260.387421,-50.464993,43.165607,-303.080841,-51.004597,-127.024277,-222.158340,-54.510796,-209.426804,12.923664,-54.339390,-127.297684,181.874664,-53.463814,272.307434,183.299393,-46.108051,356.973450,-50.497204,-46.941338,69.553848,14.021454,-54.874725,81.531952,497.304382,-10.959734
1731,8.655000,105.275932,263.135376,-49.434006,225.885925,-260.388458,-50.468178,43.167110,-303.080719,-51.005978,-127.028313,-222.158417,-54.509644,-209.425095,12.927855,-54.345535,-127.296371,181.874725,-53.457798,272.311371,183.298950,-46.097675,356.974457,-50.495068,-46.936188,69.547455,14.020258,-54.877335,81.530029,497.306305,-10.955553
1732,8.660000,105.271179,263.137970,-49.433472,225.888977,-260.389709,-50.454670,43.167053,-303.082520,-50.999592,-127.025650,-222.155792,-54.518761,-209.426605,12.923467,-54.337826,-127.294479,181.872833,-53.457993,272.304901,183.301102,-46.110531,356.976562,-50.495518,-46.933926,69.540474,14.023317,-54.883297,81.528618,497.305298,-10.963656
1733,8.665000,105.276886,263.140198,-49.432621,225.889359,-260.384308,-50.473404,43.163090,-303.081024,-51.001686,-127.024490,-222.159729,-54.512428,-209.433258,12.927955,-54.341625,-127.296432,181.875275,-53.458931,272.307770,183.304001,-46.103527,356.980103,-50.493198,-46.927509,69.548943,14.020025,-54.880810,81.526360,497.306854,-10.958333
1734,8.670000,105.270859,263.140686,-49.432346,225.892166,-260.382965,-50.459641,43.164082,-303.077667,-50.999348,-127.021431,-222.157852,-54.521507,-209.430542,12.921755,-54.347980,-127.300201,181.873199,-53.453880,272.310455,183.302475,-46.108536,356.972809,-50.498241,-46.936729,69.543198,14.016708,-54.886127,81.522751,497.305878,-10.959897
1735,8.675000,105.275970,263.140656,-49.435196,225.883316,-260.384430,-50.462513,43.167187,-303.075989,-51.006104,-127.025696,-222.160309,-54.509789,-209.427353,12.922792,-54.341339,-127.294464,181.875366,-53.464195,272.308380,183.304367,-46.103703,356.973633,-50.492176,-46.940765,69.543999,14.017298,-54.883888,81.530441,497.304443,-10.957342
1736,8.680000,105.275093,263.138519,-49.433155,225.893082,-260.385406,-50.458416,43.169003,-303.076782,-51.001804,-127.026054,-222.157303,-54.519966,-209.430511,12.922960,-54.342960,-127.297493,181.869492,-53.455818,272.310272,183.303802,-46.105236,356.972778,-50.497734,-46.933922,69.545273,14.018683,-54.882156,81.529129,497.307404,-10.961635
1737,8.685000,105.271278,263.139862,-49.436527,225.888748,-260.385468,-50.475357,43.170963,-303.078979,-51.000870,-127.024101,-222.161591,-54.513943,-209.424103,12.921002,-54.343750,-127.300262,181.871033,-53.460720,272.306763,183.300552,-46.106194,356.972076,-50.494762,-46.937950,69.550308,14.019341,-54.885830,81.529953,497.308075,-10.965259
1738,8.690000,105.273415,263.139984,-49.434326,225.887466,-260.384277,-50.463985,43.169212,-303.080566,-51.001476,-127.017899,-222.156418,-54.516743,-209.430542,12.925228,-54.346008,-127.301781,181.870331,-53.461517,272.306213,183.299255,-46.105907,356.980682,-50.494133,-46.940250,69.544731,14.021499,-54.885914,81.528183,497.307190,-10.960193
1739,8.695000,105.274979,263.141846,-49.436165,225.889267,-260.386383,-50.465603,43.167465,-303.081726,-50.998100,-127.026749,-222.159729,-54.508099,-209.421005,12.926805,-54.341881,-127.299606,181.872238,-53.461262,272.310577,183.301636,-46.099792,356.976013,-50.492378,-46.932049,69.553299,14.018259,-54.879059,81.528656,497.305511,-10.961920
1740,8.700000,105.274910,263.136414,-49.434040,225.889465,-260.383392,-50.463329,43.172436,-303.083954,-51.006866,-127.028763,-222.158905,-54.509331,-209.426559,12.921706,-54.339359,-127.298012,181.874664,-53.448307,272.310089,183.299850,-46.107403,356.973755,-50.495876,-46.937466,69.544807,14.023637,-54.877354,81.527534,497.310150,-10.958982
1741,8.705000,105.273117,263.133728,-49.430222,225.887665,-260.383423,-50.464695,43.166035,-303.082275,-51.000664,-127.026794,-222.157196,-54.515137,-209.424393,12.928023,-54.341824,-127.305435,181.875885,-53.454731,272.308838,183.304749,-46.111198,356.973999,-50.494873,-46.938446,69.551132,14.019718,-54.887192,81.527504,497.304840,-10.958005
1742,8.710000,105.276367,263.140930,-49.437801,225.887299,-260.383270,-50.471008,43.165337,-303.078430,-51.002998,-127.026009,-222.154633,-54.513577,-209.429184,12.926209,-54.344753,-127.294388,181.874069,-53.442131,272.306732,183.306900,-46.101284,356.973328,-50.490540,-46.937057,69.551941,14.022271,-54.878189,81.530563,497.306122,-10.960351
1743,8.715000,105.272942,263.138184,-49.436470,225.883377,-260.390381,-50.464520,43.170105,-303.086212,-51.001556,-127.024185,-222.156845,-54.518349,-209.424500,12.922468,-54.346840,-127.295181,181.874237,-53.462193,272.310730,183.302444,-46.110950,356.977203,-50.491657,-46.935650,69.545830,14.022237,-54.884487,81.527756,497.305450,-10.960344
1744,8.720000,105.271301,263.133331,-49.436703,225.888809,-260.382172,-50.464054,43.170284,-303.080139,-50.998631,-127.023232,-222.151260,-54.513214,-209.421219,12.925193,-54.339424,-127.294479,181.875443,-53.455353,272.302155,183.301544,-46.106495,356.975433,-50.491123,-46.937675,69.552147,14.021952,-54.879803,81.528671,497.308105,-10.957277
1745,8.725000,105.273605,263.136932,-49.431377,225.891647,-260.388123,-50.460724,43.169231,-303.082367,-51.009251,-127.027588,-222.160751,-54.518211,-209.430832,12.924986,-54.344673,-127.296227,181.873184,-53.458618,272.309662,183.302505,-46.109512,356.977295,-50.492317,-46.933903,69.547371,14.016563,-54.881229,81.527237,497.304047,-10.960145
1746,8.730000,105.275215,263.139374,-49.436935,225.886963,-260.380829,-50.457424,43.168930,-303.079681,-51.002434,-127.024147,-222.157471,-54.514034,-209.426498,12.924360,-54.344883,-127.296089,181.875290,-53.447926,272.307983,183.303299,-46.114822,356.972900,-50.494244,-46.934158,69.546539,14.019783,-54.878155,81.531761,497.306732,-10.963708
1747,8.735000,105.277046,263.138702,-49.431870,225.894119,-260.380432,-50.458317,43.168365,-303.080475,-50.999405,-127.027870,-222.158127,-54.509315,-209.431473,12.922807,-54.341614,-127.296585,181.873413,-53.456444,272.304352,183.298813,-46.108635,356.972290,-50.494392,-46.937439,69.543388,14.019589,-54.879494,81.532181,497.307953,-10.962210
1748,8.740000,105.271721,263.139954,-49.439323,225.893188,-260.381866,-50.464676,43.168629,-303.079529,-51.002583,-127.025230,-222.157532,-54.514454,-209.433960,12.924258,-54.349205,-127.301468,181.875900,-53.460236,272.311279,183.300980,-46.101765,356.970917,-50.495113,-46.939537,69.544655,14.019989,-54.880955,81.532822,497.305267,-10.960103
1749,8.745000,105.277306,263.142456,-49.431271,225.887573,-260.387726,-50.462399,43.169289,-303.080597,-50.998569,-127.030220,-222.160858,-54.515911,-209.423096,12.922590,-54.343594,-127.297890,181.874451,-53.457348,272.307495,183.305176,-46.106117,356.974701,-50.487015,-46.937099,69.549263,14.017838,-54.888618,81.530792,497.307953,-10.960880
1750,8.750000,105.277679,263.135559,-49.435028,225.886246,-260.382446,-50.456982,43.164352,-303.079712,-51.007195,-127.022308,-222.158661,-54.505917,-209.428940,12.920919,-54.339085,-127.294945,181.871445,-53.465572,272.308472,183.302765,-46.109509,356.973694,-50.491859,-46.930893,69.550179,14.020719,-54.879673,81.529022,497.306000,-10.961836
1751,8.755000,105.271027,263.137939,-49.430054,225.891251,-260.380096,-50.459778,43.164310,-303.082031,-51.000076,-127.024368,-222.160049,-54.517040,-209.426926,12.928253,-54.344482,-127.299431,181.872971,-53.448177,272.311737,183.302551,-46.102924,356.978729,-50.489761,-46.935825,69.550056,14.019722,-54.890835,81.528770,497.303406,-10.968748
1752,8.760000,105.273933,263.139679,-49.427410,225.889725,-260.383789,-50.456108,43.173458,-303.079346,-51.000515,-127.026527,-222.157028,-54.512699,-209.425491,12.926723,-54.336727,-127.298996,181.873291,-53.455708,272.309021,183.304291,-46.101482,356.977478,-50.492348,-46.935619,69.553085,14.017260,-54.882027,81.533478,497.301086,-10.959327
1753,8.765000,105.274284,263.136902,-49.430012,225.887344,-260.383545,-50.469303,43.168289,-303.078430,-50.998360,-127.026436,-222.160187,-54.517349,-209.427292,12.922715,-54.340733,-127.297150,181.870010,-53.456745,272.307678,183.296417,-46.101528,356.970673,-50.495274,-46.938534,69.549782,14.019932,-54.884781,81.530457,497.305756,-10.959363
1754,8.770000,105.269402,263.135925,-49.432068,225.891312,-260.388947,-50.466381,43.165531,-303.083099,-51.001240,-127.024460,-222.160080,-54.516163,-209.428741,12.922333,-54.345646,-127.301544,181.873016,-53.457272,272.307373,183.306808,-46.099094,356.974762,-50.494194,-46.939240,69.546173,14.018999,-54.878685,81.527512,497.301910,-10.962277
1755,8.775000,105.273216,263.139801,-49.433365,225.890472,-260.388550,-50.452824,43.169445,-303.081909,-51.003639,-127.028854,-222.156631,-54.511650,-209.427612,12.926513,-54.344273,-127.298447,181.876328,-53.457603,272.306213,183.301620,-46.106888,356.973358,-50.493263,-46.929363,69.554123,14.014596,-54.888214,81.532791,497.304718,-10.963353
1756,8.780000,105.271942,263.140411,-49.437309,225.885651,-260.385498,-50.462067,43.167191,-303.078278,-50.992069,-127.025215,-222.157990,-54.508678,-209.430283,12.924822,-54.341431,-127.298729,181.874329,-53.452579,272.306000,183.302734,-46.097286,356.976929,-50.490845,-46.937687,69.543579,14.021190,-54.886452,81.531578,497.306152,-10.958013
1757,8.785000,105.276512,263.138611,-49.436798,225.884033,-260.384186,-50.465397,43.170017,-303.080719,-51.002495,-127.023949,-222.157455,-54.512192,-209.426926,12.923551,-54.340851,-127.300797,181.873932,-53.460926,272.309784,183.297089,-46.101070,356.979858,-50.489258,-46.934574,69.548874,14.017993,-54.884724,81.528191,497.305298,-10.959133
1758,8.790000,105.273430,263.144806,-49.434948,225.888748,-260.382477,-50.466728,43.167919,-303.074493,-50.996532,-127.029465,-222.154572,-54.507942,-209.429382,12.924189,-54.342255,-127.299622,181.876236,-53.458626,272.310516,183.303558,-46.110962,356.972534,-50.487598,-46.929840,69.544464,14.021025,-54.888119,81.532066,497.305023,-10.957090
1759,8.795000,105.272217,263.139404,-49.437298,225.889648,-260.381104,-50.457115,43.167477,-303.075623,-51.004662,-127.026405,-222.153717,-54.515945,-209.430725,12.922381,-54.346771,-127.300415,181.874390,-53.460186,272.309052,183.302994,-46.112652,356.978149,-50.489227,-46.933029,69.547905,14.021590,-54.873657,81.529381,497.305634,-10.953206
1760,8.800000,105.276207,263.137665,-49.431683,225.892960,-260.387756,-50.455837,43.170212,-303.080017,-51.000416,-127.022850,-222.155533,-54.510647,-209.425400,12.928449,-54.340748,-127.296432,181.875687,-53.453239,272.307312,183.300949,-46.107578,356.976044,-50.492905,-46.933353,69.549156,14.023646,-54.872250,81.531685,497.307373,-10.960943
1761,8.805000,105.275803,263.137848,-49.434231,225.892258,-260.385345,-50.461681,43.167076,-303.082886,-51.001984,-127.030075,-222.160370,-54.515190,-209.425888,12.925711,-54.340176,-127.297699,181.871399,-53.464874,272.309052,183.302063,-46.102394,356.974640,-50.492153,-46.930729,69.546288,14.018841,-54.883278,81.531647,497.308044,-10.960947
1762,8.810000,105.274490,263.139587,-49.426891,225.882874,-260.382172,-50.463383,43.166866,-303.078339,-51.000130,-127.025665,-222.156723,-54.515072,-209.427673,12.925385,-54.336178,-127.295776,181.871658,-53.452168,272.303711,183.303040,-46.110474,356.974670,-50.490582,-46.922916,69.544167,14.015640,-54.877678,81.529060,497.310883,-10.963494
1763,8.815000,105.271339,263.139923,-49.430836,225.888916,-260.384705,-50.453892,43.168976,-303.078552,-51.001274,-127.027260,-222.151215,-54.512840,-209.423615,12.927445,-54.344280,-127.295288,181.874329,-53.449528,272.304871,183.303421,-46.099327,356.975403,-50.493210,-46.937603,69.544350,14.019608,-54.879482,81.528305,497.310791,-10.963290
1764,8.820000,105.274696,263.139801,-49.436584,225.887482,-260.384583,-50.463112,43.167439,-303.077148,-50.997845,-127.027748,-222.164154,-54.526283,-209.421890,12.928232,-54.337952,-127.300247,181.869141,-53.464642,272.307556,183.301193,-46.107136,356.976807,-50.496700,-46.938080,69.545265,14.018733,-54.885983,81.530579,497.308807,-10.961973
1765,8.825000,105.276283,263.139496,-49.426876,225.885880,-260.382538,-50.460369,43.164085,-303.083405,-51.002880,-127.029572,-222.158295,-54.511276,-209.425812,12.924731,-54.339653,-127.293068,181.871231,-53.457111,272.311249,183.306152,-46.100723,356.977417,-50.494919,-46.940479,69.545914,14.022113,-54.873161,81.530159,497.305206,-10.959722
1766,8.830000,105.272728,263.138458,-49.430031,225.888077,-260.386902,-50.466110,43.167168,-303.076752,-50.999283,-127.022896,-222.155563,-54.511795,-209.424454,12.927113,-54.337223,-127.297195,181.872147,-53.465916,272.309784,183.301331,-46.102287,356.973907,-50.493649,-46.933292,69.553001,14.019314,-54.881401,81.528748,497.305908,-10.959075
1767,8.835000,105.272270,263.138214,-49.434898,225.890564,-260.381622,-50.455360,43.166691,-303.079834,-51.007645,-127.023804,-222.157028,-54.516708,-209.430054,12.925271,-54.343708,-127.298058,181.879120,-53.450127,272.304688,183.301773,-46.104706,356.979584,-50.494579,-46.937855,69.546768,14.024741,-54.880188,81.526283,497.306061,-10.963258
1768,8.840000,105.276917,263.136902,-49.434387,225.890015,-260.386719,-50.457638,43.164867,-303.082916,-51.002281,-127.023460,-222.158188,-54.518692,-209.429001,12.925947,-54.349209,-127.303688,181.870682,-53.459778,272.305115,183.300507,-46.103409,356.974915,-50.495300,-46.940300,69.543861,14.018529,-54.882397,81.531685,497.306854,-10.955812
1769,8.845000,105.275269,263.138306,-49.433784,225.893066,-260.386261,-50.457314,43.170155,-303.085052,-51.001598,-127.024117,-222.155365,-54.512444,-209.422134,12.925809,-54.339005,-127.298279,181.871628,-53.459431,272.308350,183.304932,-46.103470,356.981171,-50.494125,-46.929077,69.544304,14.017870,-54.880749,81.532104,497.308868,-10.960890
1770,8.850000,105.274818,263.135590,-49.429878,225.889526,-260.385254,-50.464748,43.165123,-303.075836,-50.997620,-127.022224,-222.158005,-54.515202,-209.427399,12.924928,-54.333260,-127.297539,181.874908,-53.460594,272.307404,183.302139,-46.107449,356.975647,-50.494888,-46.932041,69.547897,14.022158,-54.876396,81.532234,497.310486,-10.950755
1771,8.855000,105.275345,263.139801,-49.427341,225.895615,-260.385040,-50.450794,43.166943,-303.076996,-51.001797,-127.027023,-222.159592,-54.517105,-209.428207,12.926871,-54.349583,-127.298775,181.871353,-53.456448,272.306366,183.299820,-46.105816,356.975494,-50.488605,-46.923565,69.550491,14.018291,-54.880592,81.528107,497.304077,-10.961976
1772,8.860000,105.277107,263.141510,-49.433865,225.889343,-260.383331,-50.457325,43.165527,-303.081940,-51.004410,-127.028671,-222.156845,-54.519516,-209.424759,12.924501,-54.339722,-127.298576,181.875443,-53.462177,272.311035,183.300613,-46.110004,356.975708,-50.494343,-46.933136,69.553307,14.021215,-54.888588,81.530533,497.306580,-10.962710
1773,8.865000,105.270805,263.134766,-49.428902,225.891907,-260.384033,-50.453297,43.163002,-303.082764,-51.006840,-127.023743,-222.156815,-54.509548,-209.432953,12.930657,-54.339554,-127.296921,181.876190,-53.459091,272.308838,183.303406,-46.108505,356.979218,-50.490505,-46.936337,69.552902,14.019864,-54.874641,81.530243,497.302612,-10.957014
1774,8.870000,,,,,,,,,,,,,,,,,,,,,,,,,,,,,,
