Format Version,1.23,Take Name,Take 2023-07-17 10.33.22 AM,Take Notes,,Capture Frame Rate,200.000000,Export Frame Rate,200.000000,Capture Start Time,2023-07-17 10.33.23.003 AM,Capture Start Frame,780822,Total Frames in Take,1634,Total Exported Frames,1634,Rotation Type,Quaternion,Length Units,Millimeters,Coordinate Space,Global

,Type,Marker,Marker,Marker,Marker,Marker,Marker,Marker,Marker,Marker,Marker,Marker,Marker,Marker,Marker,Marker,Marker,Marker,Marker,Marker,Marker,Marker,Marker,Marker,Marker,Marker,Marker,Marker,Marker,Marker,Marker
,Name,RigidBody:Marker 0deg,RigidBody:Marker 0deg,RigidBody:Marker 0deg,RigidBody:Marker 135deg,RigidBody:Marker 135deg,RigidBody:Marker 135deg,RigidBody:Marker 180deg,RigidBody:Marker 180deg,RigidBody:Marker 180deg,RigidBody:Marker 225deg,RigidBody:Marker 225deg,RigidBody:Marker 225deg,RigidBody:Marker 270deg,RigidBody:Marker 270deg,RigidBody:Marker 270deg,RigidBody:Marker 315deg,RigidBody:Marker 315deg,RigidBody:Marker 315deg,RigidBody:Marker 45deg,RigidBody:Marker 45deg,RigidBody:Marker 45deg,RigidBody:Marker 90deg,RigidBody:Marker 90deg,RigidBody:Marker 90deg,RigidBody:Marker Hub,RigidBody:Marker Hub,RigidBody:Marker Hub,Unlabeled 1923,Unlabeled 1923,Unlabeled 1923
,ID,"A44AC27E24BF11EE242E35EB6C54D898","A44AC27E24BF11EE242E35EB6C54D898","A44AC27E24BF11EE242E35EB6C54D898","A44AC28324BF11EE242E35EB6C54D898","A44AC28324BF11EE242E35EB6C54D898","A44AC28324BF11EE242E35EB6C54D898","A44AC28524BF11EE242E35EB6C54D898","A44AC28524BF11EE242E35EB6C54D898","A44AC28524BF11EE242E35EB6C54D898","A44AC27F24BF11EE242E35EB6C54D898","A44AC27F24BF11EE242E35EB6C54D898","A44AC27F24BF11EE242E35EB6C54D898","A44AC28624BF11EE242E35EB6C54D898","A44AC28624BF11EE242E35EB6C54D898","A44AC28624BF11EE242E35EB6C54D898","A44AC28024BF11EE242E35EB6C54D898","A44AC28024BF11EE242E35EB6C54D898","A44AC28024BF11EE242E35EB6C54D898","A44AC28124BF11EE242E35EB6C54D898","A44AC28124BF11EE242E35EB6C54D898","A44AC28124BF11EE242E35EB6C54D898","A44AC28224BF11EE242E35EB6C54D898","A44AC28224BF11EE242E35EB6C54D898","A44AC28224BF11EE242E35EB6C54D898","A44AC28424BF11EE242E35EB6C54D898","A44AC28424BF11EE242E35EB6C54D898","A44AC28424BF11EE242E35EB6C54D898","780189D5CF8124B611EE","780189D5CF8124B611EE","780189D5CF8124B611EE"
,,Position,Position,Position,Position,Position,Position,Position,Position,Position,Position,Position,Position,Position,Position,Position,Position,Position,Position,Position,Position,Position,Position,Position,Position,Position,Position,Position,Position,Position,Position
Frame,Time (Seconds),X,Y,Z,X,Y,Z,X,Y,Z,X,Y,Z,X,Y,Z,X,Y,Z,X,Y,Z,X,Y,Z,X,Y,Z,X,Y,Z
0,0.000000,44.465912,264.597778,-70.827461,266.489563,-209.340439,-72.629570,69.729591,-302.873566,-68.989784,-136.215012,-228.567856,-65.040222,-227.652893,-30.702700,-60.098347,-153.078659,173.177246,-61.859646,248.609787,188.986298,-73.243683,339.334686,-8.770132,-72.410416,55.658592,20.683336,-81.277756,69.494026,733.081421,-26.702187
1,0.005000,44.458302,264.594208,-70.826660,266.492950,-209.344147,-72.635223,69.729836,-302.879700,-68.996094,-136.212143,-228.573196,-65.032654,-227.655716,-30.701675,-60.104584,-153.065613,173.176544,-61.869892,248.607330,188.985901,-73.236061,339.334259,-8.767865,-72.412682,55.660393,20.682001,-81.278877,69.484871,733.077393,-26.701649
2,0.010000,44.460472,264.594238,-70.825333,266.491760,-209.337265,-72.632454,69.729385,-302.873627,-68.987358,-136.215332,-228.565094,-65.031044,-227.650330,-30.702471,-60.103642,-153.076645,173.172958,-61.860882,248.609650,188.990494,-73.243622,339.330566,-8.769835,-72.408890,55.663498,20.680250,-81.275383,69.492973,733.083252,-26.708952
3,0.015000,44.465416,264.594299,-70.824234,266.491486,-209.341217,-72.622238,69.733429,-302.877655,-68.993919,-136.216370,-228.567245,-65.029305,-227.654938,-30.703333,-60.108383,-153.080948,173.171814,-61.859226,248.609406,188.985992,-73.225967,339.333649,-8.773004,-72.409172,55.662575,20.679718,-81.279182,69.484901,733.080078,-26.701422
4,0.020000,44.463184,264.592224,-70.826248,266.487549,-209.341095,-72.618492,69.726074,-302.866302,-68.981560,-136.213150,-228.565109,-65.040428,-227.658691,-30.695759,-60.097889,-153.076187,173.172089,-61.854275,248.612946,188.985016,-73.242973,339.331512,-8.762196,-72.406105,55.660286,20.679611,-81.277420,69.489250,733.079224,-26.703173
5,0.025000,44.463875,264.591705,-70.832054,266.491730,-209.349228,-72.632988,69.716690,-302.870270,-68.978569,-136.221390,-228.563614,-65.027702,-227.646378,-30.700430,-60.110748,-153.073959,173.172943,-61.875618,248.609894,188.992050,-73.237457,339.328491,-8.768847,-72.398354,55.660461,20.688799,-81.279449,69.482773,733.080994,-26.705093
6,0.030000,44.460403,264.594604,-70.818504,266.490143,-209.344482,-72.629662,69.727333,-302.874725,-68.984642,-136.214508,-228.562469,-65.041565,-227.651627,-30.698179,-60.109821,-153.075653,173.177963,-61.856110,248.605835,188.983780,-73.236549,339.330811,-8.766689,-72.410782,55.661312,20.685555,-81.282692,69.489601,733.083252,-26.699688
7,0.035000,44.454075,264.594513,-70.815506,266.489166,-209.345703,-72.622421,69.727455,-302.869049,-68.985207,-136.217529,-228.565735,-65.033386,-227.656281,-30.699696,-60.095608,-153.073639,173.176071,-61.865192,248.606644,188.991745,-73.241058,339.334778,-8.770458,-72.407524,55.671108,20.687954,-81.276558,69.490593,733.077148,-26.708160
8,0.040000,44.460796,264.594879,-70.826973,266.490143,-209.345047,-72.631622,69.729935,-302.872040,-68.988266,-136.217346,-228.568802,-65.028671,-227.656113,-30.699533,-60.103401,-153.079330,173.175232,-61.861801,248.612991,188.985565,-73.230621,339.331512,-8.773060,-72.401062,55.664268,20.684855,-81.279732,69.488655,733.082520,-26.696516
9,0.045000,44.459423,264.598511,-70.817169,266.490295,-209.345276,-72.627052,69.734596,-302.879639,-68.996239,-136.218155,-228.568573,-65.029526,-227.655396,-30.696775,-60.099148,-153.078644,173.175674,-61.862278,248.616318,188.988831,-73.237968,339.329620,-8.772782,-72.406708,55.661182,20.680077,-81.284988,69.492348,733.079407,-26.697052
10,0.050000,44.455933,264.594330,-70.825745,266.491516,-209.339630,-72.618912,69.724495,-302.872528,-68.986259,-136.211960,-228.563797,-65.026253,-227.653839,-30.701483,-60.111084,-153.074432,173.176254,-61.861160,248.611938,188.984665,-73.244377,339.326965,-8.766663,-72.399025,55.660942,20.686392,-81.279709,69.489487,733.080322,-26.709715
11,0.055000,44.456932,264.593628,-70.822876,266.492035,-209.349106,-72.636078,69.730461,-302.865417,-68.984344,-136.211121,-228.566177,-65.034081,-227.654053,-30.705935,-60.099834,-153.082184,173.169006,-61.861641,248.610672,188.987976,-73.228493,339.330414,-8.761494,-72.408669,55.663059,20.676777,-81.283882,69.490532,733.080933,-26.715172
12,0.060000,44.457623,264.596069,-70.824760,266.485321,-209.339462,-72.631027,69.728561,-302.869537,-68.984459,-136.213959,-228.567734,-65.028648,-227.654709,-30.696123,-60.105186,-153.070663,173.173264,-61.867786,248.611618,188.992661,-73.242134,339.334900,-8.766994,-72.405716,55.658531,20.681479,-81.278999,69.491341,733.078369,-26.707916
13,0.065000,44.463306,264.597168,-70.817482,266.491425,-209.343719,-72.627396,69.728722,-302.878082,-68.982307,-136.215866,-228.562881,-65.029541,-227.652634,-30.701641,-60.095287,-153.077438,173.181229,-61.866745,248.611954,188.986847,-73.234627,339.336975,-8.768836,-72.409508,55.669506,20.684784,-81.283966,69.494881,733.081177,-26.710316
14,0.070000,44.469681,264.598297,-70.829529,266.493530,-209.347504,-72.634781,69.738190,-302.872284,-68.992531,-136.220978,-228.567520,-65.030983,-227.653549,-30.705027,-60.102734,-153.077377,173.173172,-61.859669,248.608719,188.988678,-73.239281,339.333313,-8.767015,-72.408730,55.663837,20.682510,-81.285606,69.487885,733.088684,-26.704248
15,0.075000,44.460941,264.595337,-70.827393,266.491547,-209.347488,-72.637039,69.728188,-302.873596,-68.991707,-136.216156,-228.572983,-65.041100,-227.654953,-30.699804,-60.105427,-153.080261,173.171631,-61.852692,248.611511,188.990524,-73.232323,339.334656,-8.771425,-72.414734,55.660202,20.687185,-81.282066,69.487457,733.078308,-26.696375
16,0.080000,44.455181,264.593414,-70.820953,266.486206,-209.333832,-72.609863,69.729012,-302.875977,-68.987625,-136.210999,-228.565033,-65.036819,-227.656769,-30.699205,-60.106647,-153.074142,173.172546,-61.873966,248.611343,188.987396,-73.238937,339.327728,-8.766307,-72.413498,55.658535,20.686028,-81.268158,69.485298,733.085388,-26.707666
17,0.085000,44.457428,264.594727,-70.825012,266.495880,-209.348648,-72.627029,69.731117,-302.874573,-68.989914,-136.215302,-228.565018,-65.032555,-227.654037,-30.697199,-60.102425,-153.078583,173.174866,-61.862740,248.603439,188.985855,-73.230751,339.329742,-8.764551,-72.410515,55.658962,20.688175,-81.285019,69.488846,733.082947,-26.708250
18,0.090000,44.459171,264.594299,-70.825188,266.489655,-209.338120,-72.627884,69.727898,-302.875183,-68.985458,-136.211609,-228.565002,-65.035980,-227.653870,-30.699247,-60.103123,-153.073486,173.173660,-61.863384,248.611084,188.983383,-73.242889,339.336578,-8.766580,-72.409485,55.657307,20.684483,-81.280510,69.486458,733.076599,-26.705637
19,0.095000,44.455574,264.593658,-70.822083,266.496826,-209.340332,-72.617744,69.728661,-302.873474,-68.989326,-136.212708,-228.568359,-65.039474,-227.652710,-30.706202,-60.104591,-153.077835,173.177032,-61.856277,248.608963,188.986450,-73.245743,339.330139,-8.764222,-72.409050,55.657951,20.685419,-81.284653,69.486778,733.083862,-26.700712
20,0.100000,44.460888,264.599243,-70.826332,266.487610,-209.336792,-72.621948,69.723549,-302.869873,-68.986343,-136.216171,-228.571121,-65.038673,-227.655563,-30.700226,-60.108177,-153.079605,173.174973,-61.855312,248.607269,188.987045,-73.234596,339.333862,-8.769912,-72.411537,55.661217,20.687639,-81.276505,69.487808,733.079346,-26.704130
21,0.105000,44.457420,264.598816,-70.813354,266.489929,-209.346161,-72.634972,69.731522,-302.879730,-68.988579,-136.213425,-228.572662,-65.035782,-227.657700,-30.701921,-60.106972,-153.074493,173.175171,-61.864143,248.612839,188.984329,-73.244942,339.329529,-8.766113,-72.407784,55.656696,20.686626,-81.278587,69.487778,733.076477,-26.706575
22,0.110000,44.456882,264.596680,-70.823830,266.492157,-209.347076,-72.630630,69.728737,-302.872620,-68.997803,-136.216721,-228.574860,-65.039764,-227.654587,-30.703238,-60.097160,-153.084686,173.175964,-61.860523,248.613892,188.993683,-73.248695,339.327454,-8.768951,-72.402489,55.669415,20.689255,-81.280891,69.493935,733.080139,-26.706564
23,0.115000,44.458141,264.596741,-70.825150,266.488739,-209.343460,-72.623413,69.728203,-302.872681,-68.979347,-136.220367,-228.563156,-65.033119,-227.654190,-30.698902,-60.102745,-153.077835,173.176804,-61.858849,248.609833,188.984741,-73.230927,339.333954,-8.764715,-72.403519,55.660675,20.679453,-81.283203,69.486481,733.079041,-26.706520
24,0.120000,44.459469,264.595276,-70.816200,266.488312,-209.344574,-72.630791,69.717682,-302.864410,-68.986732,-136.214493,-228.569366,-65.031647,-227.653824,-30.700659,-60.092651,-153.077866,173.175766,-61.869099,248.608963,188.993774,-73.240158,339.332001,-8.766510,-72.392601,55.662224,20.681913,-81.284767,69.489723,733.077698,-26.705627
25,0.125000,44.456451,264.589264,-70.820778,266.491730,-209.337341,-72.623604,69.733131,-302.878082,-68.998817,-136.212708,-228.562546,-65.035217,-227.653961,-30.697685,-60.109127,-153.074585,173.172592,-61.869934,248.608780,188.990662,-73.230118,339.331604,-8.768968,-72.400970,55.663048,20.678604,-81.285614,69.496758,733.073730,-26.704409
26,0.130000,44.455837,264.599609,-70.813263,266.495544,-209.340454,-72.628563,69.723228,-302.866608,-68.985161,-136.209991,-228.568329,-65.042656,-227.653137,-30.701813,-60.105427,-153.075638,173.176193,-61.871395,248.605743,188.988190,-73.239555,339.330688,-8.766827,-72.409370,55.661190,20.688288,-81.274498,69.494720,733.080017,-26.708023
27,0.135000,44.460094,264.596161,-70.814484,266.489319,-209.343567,-72.631020,69.732170,-302.878265,-68.997139,-136.218826,-228.565979,-65.036835,-227.651520,-30.700508,-60.093632,-153.078049,173.170425,-61.870575,248.611115,188.986221,-73.242661,339.330231,-8.766475,-72.406212,55.659397,20.686100,-81.284363,69.488358,733.081848,-26.697212
28,0.140000,44.458313,264.595978,-70.827377,266.488678,-209.339310,-72.624321,69.731613,-302.867981,-68.984734,-136.214615,-228.568665,-65.034241,-227.659027,-30.695972,-60.101906,-153.075806,173.171310,-61.862068,248.610062,188.986984,-73.240829,339.336182,-8.768698,-72.418411,55.671745,20.683594,-81.277985,69.489342,733.077209,-26.704927
29,0.145000,44.459789,264.593628,-70.821953,266.495819,-209.345306,-72.626724,69.728050,-302.871490,-68.987335,-136.209457,-228.566055,-65.032616,-227.655182,-30.700407,-60.100349,-153.076416,173.174240,-61.865322,248.611130,188.988052,-73.231537,339.333405,-8.764315,-72.406830,55.662567,20.694067,-81.273903,69.495415,733.082764,-26.711632
30,0.150000,44.456043,264.595276,-70.819397,266.493927,-209.344131,-72.634140,69.729233,-302.867950,-68.990631,-136.215363,-228.568680,-65.037605,-227.656937,-30.700050,-60.106167,-153.081345,173.172150,-61.862110,248.606796,188.991867,-73.229874,339.335571,-8.768641,-72.416573,55.671558,20.682558,-81.281410,69.489502,733.081787,-26.698561
31,0.155000,44.459732,264.592621,-70.823395,266.490936,-209.345047,-72.639549,69.720024,-302.872528,-68.982704,-136.216263,-228.564346,-65.032806,-227.659515,-30.699095,-60.100399,-153.079117,173.173080,-61.861328,248.607285,188.990601,-73.241737,339.329987,-8.774016,-72.415504,55.665195,20.678518,-81.288689,69.489090,733.079041,-26.707666
32,0.160000,44.457432,264.595795,-70.828308,266.493011,-209.345459,-72.637550,69.720963,-302.874390,-68.985191,-136.210815,-228.563950,-65.039581,-227.658249,-30.698919,-60.099747,-153.079819,173.175156,-61.866451,248.604446,188.984436,-73.244919,339.334473,-8.769659,-72.409912,55.660160,20.679932,-81.278618,69.491371,733.083130,-26.704594
33,0.165000,44.457638,264.595886,-70.827507,266.497894,-209.343613,-72.634346,69.724297,-302.862030,-68.975204,-136.214813,-228.569519,-65.029617,-227.655838,-30.703703,-60.104546,-153.073837,173.177673,-61.857819,248.607117,188.987488,-73.236580,339.330811,-8.765103,-72.406181,55.662395,20.689514,-81.285324,69.492722,733.081116,-26.705774
34,0.170000,44.456955,264.597961,-70.819344,266.492096,-209.342072,-72.617874,69.721725,-302.871674,-68.982933,-136.219910,-228.567581,-65.036720,-227.656860,-30.702673,-60.105785,-153.081619,173.177887,-61.852680,248.613159,188.987808,-73.241440,339.331177,-8.771909,-72.413704,55.662422,20.686647,-81.274994,69.484650,733.074646,-26.707338
35,0.175000,44.457962,264.597046,-70.815460,266.493958,-209.347656,-72.632027,69.730362,-302.876740,-68.992386,-136.214310,-228.572433,-65.043419,-227.652664,-30.692839,-60.101208,-153.078735,173.172043,-61.866428,248.608002,188.990356,-73.239166,339.330200,-8.768842,-72.402374,55.661098,20.687256,-81.281700,69.491547,733.079590,-26.711767
36,0.180000,44.460121,264.590637,-70.822556,266.499634,-209.343796,-72.631905,69.724228,-302.867432,-68.984627,-136.213577,-228.568085,-65.043716,-227.658035,-30.700249,-60.104752,-153.078781,173.174225,-61.866753,248.608795,188.980667,-73.242180,339.331085,-8.761795,-72.411247,55.663868,20.679575,-81.288315,69.491737,733.078796,-26.701290
37,0.185000,44.454773,264.594818,-70.818703,266.491730,-209.343735,-72.615654,69.723473,-302.869415,-68.985451,-136.215332,-228.568970,-65.035332,-227.654510,-30.702763,-60.107437,-153.076752,173.170654,-61.865185,248.614975,188.987228,-73.240662,339.331970,-8.769529,-72.403198,55.655590,20.684999,-81.280602,69.489677,733.075134,-26.706564
38,0.190000,44.458858,264.593719,-70.817642,266.489441,-209.338165,-72.624596,69.729019,-302.873230,-68.990593,-136.213852,-228.563644,-65.033241,-227.650818,-30.699047,-60.100716,-153.078979,173.176758,-61.860897,248.605682,188.984100,-73.237175,339.334229,-8.768026,-72.405418,55.658195,20.683706,-81.273628,69.490662,733.081238,-26.709198
39,0.195000,44.456982,264.591705,-70.826393,266.493958,-209.351685,-72.629700,69.722000,-302.871948,-68.989365,-136.214172,-228.566498,-65.040176,-227.656708,-30.699150,-60.111168,-153.078308,173.175461,-61.865528,248.616135,188.995514,-73.242012,339.331482,-8.768503,-72.403229,55.668171,20.686472,-81.292793,69.486969,733.080261,-26.698895
40,0.200000,44.459930,264.597534,-70.821556,266.495575,-209.349045,-72.635094,69.728889,-302.871979,-68.991928,-136.215439,-228.567795,-65.035927,-227.655029,-30.698391,-60.113377,-153.079041,173.174225,-61.870323,248.610306,188.988052,-73.237564,339.331665,-8.767039,-72.413040,55.664249,20.686136,-81.286957,69.489731,733.078125,-26.715271
41,0.205000,44.456329,264.596375,-70.823235,266.491577,-209.344208,-72.628632,69.717667,-302.865601,-68.980461,-136.218781,-228.568924,-65.035255,-227.655090,-30.698919,-60.105534,-153.075775,173.175476,-61.869846,248.609100,188.987137,-73.236664,339.328552,-8.766896,-72.401428,55.663158,20.679749,-81.295319,69.494797,733.082703,-26.703281
42,0.210000,44.459866,264.593079,-70.822006,266.494537,-209.341537,-72.639931,69.725456,-302.877991,-68.990112,-136.212952,-228.566055,-65.039162,-227.650223,-30.696533,-60.102066,-153.078094,173.172440,-61.867916,248.612442,188.986984,-73.238121,339.338043,-8.766721,-72.418419,55.668442,20.676586,-81.281151,69.484077,733.078247,-26.712843
43,0.215000,44.464020,264.595612,-70.824600,266.498779,-209.341293,-72.633125,69.725494,-302.869629,-68.982742,-136.214188,-228.565750,-65.031425,-227.657822,-30.701021,-60.105106,-153.076828,173.175552,-61.870342,248.608429,188.982864,-73.234467,339.330719,-8.764991,-72.398743,55.664726,20.684511,-81.277534,69.488136,733.079651,-26.708250
44,0.220000,44.450123,264.594971,-70.821800,266.487701,-209.341507,-72.627014,69.734589,-302.877289,-68.990593,-136.209732,-228.570282,-65.035522,-227.660141,-30.702230,-60.104523,-153.076340,173.170258,-61.870098,248.606186,188.989822,-73.242348,339.332581,-8.769058,-72.409134,55.657753,20.686110,-81.274246,69.488533,733.084351,-26.705173
45,0.225000,44.456436,264.594391,-70.816666,266.492950,-209.340836,-72.629082,69.725563,-302.874115,-68.988182,-136.217575,-228.571198,-65.036079,-227.657501,-30.700466,-60.111240,-153.079483,173.173553,-61.866585,248.611694,188.992432,-73.242821,339.333069,-8.768815,-72.408157,55.666271,20.687326,-81.280869,69.489777,733.077026,-26.695753
46,0.230000,44.461033,264.591705,-70.821693,266.495483,-209.347031,-72.636047,69.721275,-302.870026,-68.985214,-136.213287,-228.565811,-65.037743,-227.654846,-30.699434,-60.107494,-153.079071,173.175903,-61.863834,248.612106,188.992996,-73.228691,339.331970,-8.766748,-72.416084,55.651653,20.685528,-81.279373,69.487694,733.081543,-26.709026
47,0.235000,44.457710,264.598206,-70.817764,266.495300,-209.345200,-72.630173,69.723434,-302.874451,-68.984848,-136.212585,-228.566208,-65.040680,-227.655182,-30.699232,-60.105057,-153.081848,173.173187,-61.866749,248.611496,188.987350,-73.236855,339.337585,-8.769815,-72.419228,55.663578,20.685711,-81.276123,69.489952,733.082092,-26.700621
48,0.240000,44.457699,264.594696,-70.830475,266.490295,-209.350937,-72.634811,69.730354,-302.874908,-68.986290,-136.218399,-228.565033,-65.030647,-227.656204,-30.700651,-60.106548,-153.079453,173.177414,-61.866913,248.618668,188.983398,-73.239487,339.336121,-8.769989,-72.410370,55.657078,20.684015,-81.271149,69.487953,733.082397,-26.694660
49,0.245000,44.461311,264.599213,-70.828033,266.490601,-209.339279,-72.618263,69.718597,-302.865387,-68.981293,-136.218170,-228.562149,-65.030426,-227.654556,-30.699631,-60.107170,-153.080582,173.178192,-61.872501,248.614822,188.986435,-73.237991,339.334381,-8.768600,-72.402634,55.663490,20.686613,-81.283112,69.492210,733.081299,-26.704742
50,0.250000,44.457756,264.596375,-70.828171,266.491608,-209.342697,-72.625481,69.725296,-302.868988,-68.988335,-136.211456,-228.563934,-65.029686,-227.658630,-30.694784,-60.103027,-153.077393,173.167725,-61.866436,248.611465,188.993057,-73.230370,339.332611,-8.772119,-72.403488,55.661530,20.680130,-81.274773,69.485481,733.082336,-26.707726
51,0.255000,44.462315,264.590881,-70.820854,266.496246,-209.351639,-72.634743,69.725952,-302.879028,-68.992180,-136.212936,-228.568893,-65.029976,-227.656662,-30.704016,-60.101002,-153.078949,173.176254,-61.863148,248.608383,188.983932,-73.237411,339.333527,-8.763142,-72.405624,55.656315,20.680841,-81.276993,69.485748,733.076904,-26.700939
52,0.260000,44.455910,264.601471,-70.828339,266.493225,-209.346786,-72.636360,69.735397,-302.877869,-68.990059,-136.213654,-228.567169,-65.037170,-227.658371,-30.702677,-60.098797,-153.069489,173.173721,-61.863724,248.610275,188.987595,-73.235527,339.337646,-8.766386,-72.406784,55.663326,20.691235,-81.282776,69.489029,733.079956,-26.704353
53,0.265000,44.462433,264.597809,-70.826363,266.491943,-209.350220,-72.638359,69.730568,-302.871246,-68.991791,-136.216934,-228.562195,-65.029312,-227.658783,-30.700977,-60.107708,-153.079727,173.172180,-61.865387,248.615845,188.990723,-73.244400,339.332031,-8.768934,-72.405907,55.661335,20.687201,-81.277061,69.487320,733.079834,-26.707235
54,0.270000,44.455402,264.591217,-70.816994,266.490051,-209.339325,-72.627327,69.732941,-302.866943,-68.982605,-136.215179,-228.568893,-65.036148,-227.653137,-30.700533,-60.107838,-153.078934,173.171890,-61.864285,248.613373,188.989319,-73.234779,339.330475,-8.769266,-72.416946,55.666267,20.684921,-81.274384,69.486000,733.084900,-26.709284
55,0.275000,44.459202,264.593506,-70.820831,266.493988,-209.348373,-72.627853,69.730827,-302.869995,-68.984299,-136.209106,-228.567307,-65.029846,-227.655411,-30.693098,-60.102486,-153.076965,173.172043,-61.849514,248.609299,188.983154,-73.236183,339.334351,-8.768037,-72.412262,55.664234,20.680441,-81.285980,69.489334,733.081909,-26.708113
56,0.280000,44.456192,264.595734,-70.816711,266.495514,-209.343445,-72.637657,69.738739,-302.875732,-69.001289,-136.218475,-228.566818,-65.029274,-227.661179,-30.698860,-60.104294,-153.077271,173.173340,-61.860760,248.609009,188.986633,-73.241623,339.330505,-8.767537,-72.402512,55.669926,20.679358,-81.286552,69.490204,733.076294,-26.707327
57,0.285000,44.452057,264.591583,-70.821259,266.494873,-209.346115,-72.642754,69.730431,-302.877228,-68.991959,-136.213745,-228.568497,-65.037956,-227.659760,-30.695780,-60.100674,-153.076950,173.173874,-61.859882,248.611069,188.993866,-73.245529,339.333771,-8.769399,-72.414230,55.657009,20.688103,-81.275276,69.489426,733.077576,-26.707340
58,0.290000,44.456711,264.598938,-70.837975,266.491730,-209.344162,-72.628365,69.727470,-302.868225,-68.989342,-136.214401,-228.567749,-65.038597,-227.656754,-30.703392,-60.105812,-153.075729,173.173004,-61.870644,248.611252,188.989594,-73.241852,339.332428,-8.768955,-72.417824,55.652077,20.691017,-81.282066,69.488594,733.082458,-26.708735
59,0.295000,44.460529,264.589752,-70.824265,266.494904,-209.347061,-72.633369,69.731743,-302.870514,-68.988480,-136.216370,-228.565002,-65.030785,-227.650055,-30.702562,-60.109753,-153.075348,173.173477,-61.851913,248.608078,188.985306,-73.227905,339.333008,-8.764071,-72.409431,55.662491,20.681860,-81.282631,69.490158,733.081604,-26.701399
60,0.300000,44.454811,264.592834,-70.828575,266.491760,-209.346191,-72.630089,69.730995,-302.876343,-68.987808,-136.214890,-228.570587,-65.033752,-227.657639,-30.702217,-60.101795,-153.076233,173.170364,-61.858757,248.612213,188.984848,-73.237076,339.334778,-8.766631,-72.411667,55.661312,20.685148,-81.281639,69.489647,733.080811,-26.712442
61,0.305000,44.460133,264.593323,-70.822838,266.485718,-209.349503,-72.618561,69.733215,-302.870026,-68.983429,-136.214172,-228.569458,-65.034431,-227.655792,-30.695889,-60.103165,-153.080505,173.177048,-61.861683,248.612122,188.990814,-73.235535,339.333191,-8.761272,-72.402924,55.664154,20.684908,-81.274948,69.487701,733.084839,-26.707380
62,0.310000,44.456390,264.594147,-70.821716,266.492249,-209.343018,-72.630127,69.731979,-302.864227,-68.994499,-136.218231,-228.565521,-65.031998,-227.658340,-30.700274,-60.102009,-153.072266,173.172760,-61.864941,248.608917,188.993484,-73.236443,339.330658,-8.772537,-72.409370,55.655109,20.687143,-81.288086,69.488297,733.081787,-26.709242
63,0.315000,44.454643,264.595306,-70.819038,266.494171,-209.344757,-72.630722,69.726723,-302.869965,-68.987671,-136.218338,-228.566147,-65.033821,-227.652512,-30.699192,-60.097839,-153.080063,173.172897,-61.866737,248.611420,188.985992,-73.240616,339.336060,-8.767276,-72.413040,55.663975,20.678883,-81.295555,69.487183,733.082153,-26.698046
64,0.320000,44.462532,264.597290,-70.830536,266.492950,-209.336411,-72.617142,69.727798,-302.872467,-68.975845,-136.211517,-228.565643,-65.034264,-227.650162,-30.699678,-60.101822,-153.077286,173.175507,-61.861633,248.612747,188.983032,-73.246201,339.331757,-8.766483,-72.405006,55.662693,20.679943,-81.278496,69.494827,733.085632,-26.707346
65,0.325000,44.452843,264.600739,-70.814262,266.488373,-209.345932,-72.630188,69.728645,-302.869904,-68.986725,-136.217361,-228.570374,-65.026321,-227.657837,-30.700012,-60.102776,-153.078110,173.176346,-61.857647,248.610138,188.986725,-73.237427,339.336975,-8.768259,-72.410271,55.664921,20.686954,-81.288658,69.491913,733.084595,-26.702015
66,0.330000,44.455070,264.598572,-70.826775,266.498993,-209.342590,-72.625084,69.732590,-302.877014,-68.990677,-136.215668,-228.565842,-65.032822,-227.657654,-30.696198,-60.101509,-153.077133,173.177704,-61.860653,248.601562,188.986938,-73.243652,339.333466,-8.771047,-72.417656,55.658482,20.690025,-81.281654,69.485428,733.078796,-26.692558
67,0.335000,44.460449,264.599060,-70.827095,266.491791,-209.346085,-72.632599,69.731888,-302.872742,-68.988960,-136.212311,-228.565811,-65.033966,-227.656998,-30.703381,-60.111511,-153.078232,173.173218,-61.880573,248.615372,188.984879,-73.257309,339.331787,-8.766051,-72.408791,55.666622,20.680452,-81.277504,69.487366,733.078491,-26.700157
68,0.340000,44.461666,264.597198,-70.823311,266.496643,-209.343857,-72.626175,69.731857,-302.874786,-68.988640,-136.216217,-228.576187,-65.040466,-227.657852,-30.701544,-60.108883,-153.074036,173.179520,-61.861420,248.608612,188.986252,-73.234474,339.337158,-8.769926,-72.417625,55.662735,20.685936,-81.279312,69.485184,733.081238,-26.703066
69,0.345000,44.459209,264.595795,-70.817345,266.498016,-209.348160,-72.634171,69.731956,-302.879791,-68.996361,-136.219131,-228.569885,-65.033798,-227.656570,-30.702469,-60.102608,-153.080170,173.176636,-61.865993,248.610840,188.989105,-73.229897,339.333496,-8.765839,-72.410950,55.661900,20.678019,-81.284515,69.492340,733.081848,-26.697849
70,0.350000,44.455631,264.593475,-70.820610,266.495667,-209.348236,-72.634567,69.726471,-302.869843,-68.983749,-136.215958,-228.563370,-65.027832,-227.657440,-30.702129,-60.101761,-153.077988,173.175278,-61.859543,248.609375,188.987686,-73.232269,339.336395,-8.771694,-72.399368,55.664757,20.682177,-81.281502,69.489502,733.081726,-26.709011
71,0.355000,44.454762,264.599487,-70.824020,266.494141,-209.350174,-72.631104,69.732918,-302.882050,-68.995102,-136.217316,-228.562408,-65.030128,-227.650711,-30.694202,-60.111645,-153.074585,173.176102,-61.857143,248.613266,188.988052,-73.233154,339.334991,-8.769810,-72.415535,55.654793,20.689857,-81.279587,69.484566,733.084106,-26.711424
72,0.360000,44.459553,264.597137,-70.828117,266.494385,-209.347992,-72.623924,69.723213,-302.864105,-68.980675,-136.216110,-228.566788,-65.040962,-227.654907,-30.701113,-60.105049,-153.075684,173.176788,-61.865501,248.612793,188.985855,-73.237442,339.336639,-8.773757,-72.418571,55.655781,20.680370,-81.282310,69.488853,733.082397,-26.704601
73,0.365000,44.451752,264.600311,-70.825508,266.488434,-209.343048,-72.625084,69.739212,-302.880829,-69.001595,-136.215897,-228.563889,-65.031929,-227.656204,-30.697336,-60.106476,-153.075775,173.172867,-61.867992,248.611572,188.986984,-73.246925,339.336182,-8.766248,-72.421967,55.667023,20.687109,-81.274864,69.488243,733.086975,-26.704679
74,0.370000,44.454704,264.599274,-70.820312,266.495270,-209.344330,-72.623703,69.730873,-302.874359,-68.991364,-136.220688,-228.563446,-65.022316,-227.656219,-30.699186,-60.107212,-153.080719,173.177551,-61.864788,248.608414,188.986740,-73.240891,339.336273,-8.773052,-72.420784,55.665905,20.688723,-81.271103,69.494255,733.080872,-26.700943
75,0.375000,44.459019,264.600098,-70.819885,266.494293,-209.343765,-72.620140,69.741646,-302.879059,-68.998215,-136.216171,-228.561523,-65.027023,-227.655930,-30.704414,-60.101814,-153.076202,173.175995,-61.858021,248.614975,188.989517,-73.241241,339.328003,-8.766963,-72.402061,55.665779,20.689001,-81.276100,69.496140,733.079529,-26.706366
76,0.380000,44.458385,264.599060,-70.821289,266.487427,-209.341385,-72.638077,69.739098,-302.877441,-68.997620,-136.218399,-228.567169,-65.028625,-227.655197,-30.696810,-60.103329,-153.074661,173.175598,-61.863945,248.603500,188.990585,-73.234024,339.333618,-8.771537,-72.421249,55.669327,20.682425,-81.284523,69.487679,733.078369,-26.707357
77,0.385000,44.462837,264.597412,-70.829300,266.491302,-209.339783,-72.632622,69.735168,-302.867798,-68.993690,-136.213562,-228.567627,-65.034065,-227.658020,-30.698353,-60.099487,-153.079590,173.175262,-61.869331,248.610413,188.984055,-73.235229,339.334290,-8.766393,-72.413689,55.656273,20.690655,-81.278206,69.485756,733.081665,-26.709991
78,0.390000,44.458458,264.592834,-70.827522,266.495300,-209.341843,-72.625198,69.723709,-302.873352,-68.993118,-136.217941,-228.571823,-65.034790,-227.657852,-30.698544,-60.104824,-153.077408,173.172867,-61.866062,248.610443,188.994110,-73.234505,339.328674,-8.771142,-72.413971,55.663349,20.681698,-81.280151,69.485321,733.080322,-26.703501
79,0.395000,44.453312,264.595154,-70.818710,266.497894,-209.344131,-72.636070,69.730339,-302.877960,-68.997261,-136.217758,-228.567642,-65.028587,-227.654251,-30.704302,-60.100616,-153.072693,173.176163,-61.862576,248.610916,188.985077,-73.236305,339.336609,-8.775344,-72.414177,55.664822,20.681267,-81.281593,69.483231,733.079285,-26.703060
80,0.400000,44.456074,264.589233,-70.818222,266.494751,-209.341522,-72.629669,69.731873,-302.876129,-68.991821,-136.215790,-228.563675,-65.027908,-227.657349,-30.701033,-60.105679,-153.079254,173.177094,-61.858063,248.612289,188.989838,-73.233833,339.339447,-8.772557,-72.414703,55.661396,20.684298,-81.285904,69.484497,733.074646,-26.702324
81,0.405000,44.448547,264.594025,-70.814323,266.492554,-209.348007,-72.641762,69.740005,-302.874207,-68.988121,-136.209854,-228.566940,-65.032196,-227.655411,-30.697174,-60.101257,-153.076538,173.174728,-61.864784,248.616623,188.991165,-73.231339,339.334717,-8.769320,-72.415283,55.661682,20.682703,-81.282455,69.486542,733.078003,-26.712580
82,0.410000,44.458584,264.594635,-70.819229,266.493469,-209.345108,-72.623459,69.736778,-302.874451,-68.989594,-136.217834,-228.563980,-65.026840,-227.655243,-30.698881,-60.098785,-153.084000,173.173584,-61.865734,248.617676,188.988083,-73.248367,339.337616,-8.766713,-72.415329,55.666206,20.680847,-81.287651,69.491180,733.079224,-26.705048
83,0.415000,44.458015,264.600494,-70.825485,266.493225,-209.350266,-72.640396,69.734146,-302.878479,-68.993393,-136.221115,-228.563751,-65.026810,-227.652176,-30.696026,-60.099274,-153.079529,173.173737,-61.866665,248.607651,188.983124,-73.240875,339.334778,-8.769582,-72.410492,55.658276,20.688343,-81.262383,69.481651,733.081421,-26.706005
84,0.420000,44.466084,264.597229,-70.831459,266.488800,-209.349258,-72.627670,69.725044,-302.875092,-68.980293,-136.213623,-228.563507,-65.033546,-227.657516,-30.694357,-60.103638,-153.078979,173.173935,-61.857426,248.606720,188.985077,-73.229836,339.333588,-8.769615,-72.410851,55.659786,20.692362,-81.275749,69.492630,733.078064,-26.706257
85,0.425000,44.458469,264.596863,-70.820671,266.491272,-209.341827,-72.622253,69.729515,-302.875366,-68.992996,-136.216278,-228.564362,-65.037506,-227.658585,-30.701172,-60.101307,-153.078796,173.175827,-61.865826,248.609894,188.990997,-73.229279,339.332611,-8.766953,-72.409897,55.661392,20.684530,-81.278465,69.485252,733.083252,-26.709028
86,0.430000,44.460300,264.593384,-70.821587,266.492096,-209.339828,-72.622574,69.737923,-302.871338,-68.998970,-136.221451,-228.562988,-65.030258,-227.658646,-30.696987,-60.100040,-153.077652,173.179077,-61.861202,248.610809,188.986603,-73.240944,339.333130,-8.769483,-72.402336,55.667431,20.680309,-81.285851,69.484238,733.080200,-26.703110
87,0.435000,44.464104,264.594208,-70.822601,266.492157,-209.351730,-72.641724,69.730072,-302.875092,-68.989731,-136.216324,-228.558426,-65.026764,-227.657516,-30.699757,-60.104237,-153.078369,173.175949,-61.871258,248.615311,188.980270,-73.250374,339.332397,-8.770384,-72.403831,55.664898,20.690058,-81.276413,69.489609,733.079651,-26.695742
88,0.440000,44.460617,264.593903,-70.829796,266.494659,-209.349564,-72.629875,69.732338,-302.876038,-68.993118,-136.217560,-228.563477,-65.036873,-227.653549,-30.702648,-60.104233,-153.079391,173.176361,-61.860725,248.609879,188.990646,-73.242950,339.340454,-8.768222,-72.424362,55.671810,20.683521,-81.276527,69.489807,733.080505,-26.703424
89,0.445000,44.459255,264.591949,-70.820137,266.489563,-209.346115,-72.624985,69.728241,-302.870605,-68.994431,-136.217743,-228.568008,-65.035080,-227.656052,-30.698217,-60.102654,-153.080902,173.174896,-61.861649,248.608612,188.988617,-73.235947,339.334656,-8.767347,-72.411880,55.654114,20.681742,-81.289856,69.492065,733.080688,-26.703772
90,0.450000,44.462494,264.595703,-70.816612,266.488770,-209.343872,-72.628136,69.735992,-302.867279,-68.983749,-136.212845,-228.568420,-65.025826,-227.664078,-30.704927,-60.097820,-153.079681,173.176468,-61.856060,248.616592,188.983246,-73.237770,339.333252,-8.765466,-72.405823,55.659702,20.685555,-81.281281,69.486618,733.081238,-26.707407
91,0.455000,44.459087,264.596924,-70.824547,266.491821,-209.345551,-72.638939,69.732292,-302.880341,-68.990311,-136.218613,-228.566788,-65.024437,-227.653809,-30.697998,-60.102539,-153.083115,173.172638,-61.858284,248.606308,188.986023,-73.238045,339.330994,-8.772167,-72.406906,55.662468,20.682135,-81.272537,69.487968,733.080322,-26.700645
92,0.460000,44.459293,264.599060,-70.820747,266.495636,-209.342560,-72.626976,69.728912,-302.867676,-68.983330,-136.215424,-228.563721,-65.033043,-227.653061,-30.700466,-60.103100,-153.080078,173.176559,-61.865803,248.605225,188.985947,-73.224983,339.333740,-8.771504,-72.409111,55.650654,20.689074,-81.269997,69.484245,733.080627,-26.700649
93,0.465000,44.455643,264.599243,-70.819000,266.490356,-209.345657,-72.619843,69.727654,-302.869934,-68.993011,-136.218140,-228.558762,-65.022919,-227.657242,-30.695990,-60.092358,-153.076172,173.179337,-61.869972,248.611542,188.979919,-73.245422,339.336975,-8.767013,-72.410194,55.662548,20.683266,-81.280647,69.490578,733.079834,-26.700838
94,0.470000,44.457111,264.596375,-70.824265,266.489349,-209.347168,-72.638847,69.735306,-302.878204,-69.000900,-136.212646,-228.564804,-65.033890,-227.653183,-30.695904,-60.106705,-153.072769,173.175751,-61.865154,248.610748,188.989334,-73.239258,339.332855,-8.768742,-72.411140,55.656700,20.687201,-81.277794,69.493660,733.081116,-26.711111
95,0.475000,44.461014,264.599701,-70.819267,266.496185,-209.348389,-72.623535,69.734428,-302.881500,-68.996429,-136.214890,-228.566849,-65.030869,-227.656784,-30.696960,-60.099094,-153.075592,173.172165,-61.868908,248.611511,188.990173,-73.238632,339.329498,-8.770522,-72.406517,55.659691,20.688084,-81.287033,69.491821,733.080078,-26.697634
96,0.480000,44.460236,264.595856,-70.824310,266.492249,-209.345901,-72.634926,69.740974,-302.881378,-68.995171,-136.211273,-228.565582,-65.038589,-227.653961,-30.698898,-60.100338,-153.081131,173.171112,-61.861431,248.611908,188.980942,-73.235931,339.329590,-8.767702,-72.409546,55.661720,20.680941,-81.282372,69.484276,733.081299,-26.711168
97,0.485000,44.461060,264.593079,-70.819977,266.491577,-209.343750,-72.617844,69.730431,-302.877594,-68.991669,-136.214874,-228.566086,-65.031296,-227.651398,-30.696056,-60.100636,-153.084198,173.175629,-61.862530,248.609009,188.982071,-73.242699,339.326965,-8.768133,-72.403442,55.670109,20.686644,-81.278046,69.484261,733.081360,-26.709196
98,0.490000,44.463551,264.595184,-70.833199,266.494598,-209.343231,-72.625572,69.732193,-302.876343,-68.995407,-136.216583,-228.563141,-65.031799,-227.654434,-30.699526,-60.106731,-153.077255,173.176636,-61.863663,248.612274,188.984955,-73.244499,339.337189,-8.771284,-72.415840,55.668533,20.675823,-81.287025,69.486534,733.079285,-26.705969
99,0.495000,44.462120,264.594452,-70.826416,266.494476,-209.347824,-72.627716,69.735390,-302.867218,-68.988884,-136.219345,-228.569199,-65.036919,-227.655426,-30.697336,-60.101578,-153.085144,173.174606,-61.865826,248.612854,188.984680,-73.240799,339.334106,-8.773061,-72.414474,55.669250,20.680304,-81.284828,69.493088,733.075684,-26.710047
100,0.500000,44.458946,264.592041,-70.819122,266.488770,-209.343140,-72.619408,69.733353,-302.883484,-69.001266,-136.212982,-228.564926,-65.032417,-227.655716,-30.696512,-60.105133,-153.075745,173.173904,-61.853336,248.615051,188.990250,-73.234650,339.329559,-8.766771,-72.404388,55.660423,20.684416,-81.285004,69.490448,733.079956,-26.703987
101,0.505000,44.457386,264.596222,-70.817421,266.495636,-209.342590,-72.636932,69.738747,-302.873016,-68.990334,-136.223038,-228.563812,-65.029533,-227.659485,-30.695875,-60.102909,-153.077164,173.174606,-61.866264,248.606766,188.992630,-73.232521,339.334900,-8.770799,-72.409943,55.665062,20.683084,-81.281464,69.484741,733.081970,-26.704609
102,0.510000,44.463154,264.597717,-70.827202,266.495972,-209.340515,-72.622437,69.726578,-302.870697,-68.989677,-136.214905,-228.568573,-65.033180,-227.657333,-30.699633,-60.102440,-153.078552,173.173676,-61.865505,248.615295,188.993652,-73.242516,339.338013,-8.768163,-72.413940,55.667881,20.691547,-81.288605,69.489159,733.085693,-26.702250
103,0.515000,44.460987,264.595001,-70.820908,266.491852,-209.339203,-72.626907,69.733467,-302.878693,-68.996025,-136.214264,-228.563675,-65.031670,-227.656372,-30.703794,-60.103603,-153.078827,173.168320,-61.865425,248.612442,188.984299,-73.250114,339.335999,-8.762076,-72.406532,55.661175,20.683029,-81.278290,69.488174,733.078613,-26.707150
104,0.520000,44.459381,264.587097,-70.824791,266.491394,-209.343796,-72.633018,69.739769,-302.880157,-69.009476,-136.221100,-228.564941,-65.028328,-227.653183,-30.694120,-60.098770,-153.082092,173.176224,-61.860279,248.610397,188.981049,-73.237915,339.332611,-8.760851,-72.405922,55.667934,20.685555,-81.279396,69.489388,733.080872,-26.704367
105,0.525000,44.456356,264.592133,-70.824203,266.490387,-209.339279,-72.620033,69.731697,-302.878052,-68.990395,-136.218018,-228.563660,-65.039436,-227.658951,-30.699135,-60.096451,-153.074478,173.173157,-61.861664,248.610367,188.988464,-73.232216,339.332672,-8.762706,-72.401100,55.667728,20.681713,-81.284248,69.487312,733.083374,-26.697510
106,0.530000,44.457855,264.597900,-70.818024,266.494049,-209.348450,-72.627853,69.736404,-302.875061,-68.984016,-136.216782,-228.561249,-65.028984,-227.655334,-30.700024,-60.108303,-153.080338,173.179764,-61.868019,248.608337,188.988434,-73.230263,339.331635,-8.771110,-72.411049,55.661816,20.682995,-81.275093,69.489449,733.076660,-26.699690
107,0.535000,44.459408,264.603027,-70.830551,266.495667,-209.346191,-72.631523,69.733063,-302.870392,-68.989708,-136.212311,-228.563446,-65.030106,-227.658569,-30.691389,-60.093307,-153.075516,173.176208,-61.867687,248.607758,188.983383,-73.237350,339.335968,-8.768834,-72.425430,55.664772,20.691462,-81.277870,69.484055,733.076477,-26.696312
108,0.540000,44.459000,264.601654,-70.818588,266.491516,-209.338989,-72.626579,69.731247,-302.877899,-68.990601,-136.213959,-228.562195,-65.032433,-227.651810,-30.699503,-60.100727,-153.076843,173.179977,-61.863754,248.613052,188.985703,-73.239616,339.338257,-8.768673,-72.410507,55.664833,20.677315,-81.282249,69.494797,733.082947,-26.709843
109,0.545000,44.464375,264.596130,-70.828438,266.492218,-209.340668,-72.627327,69.731209,-302.878876,-68.992844,-136.213196,-228.565155,-65.031860,-227.652817,-30.696711,-60.101078,-153.084625,173.173508,-61.868084,248.603271,188.985886,-73.235329,339.334290,-8.766163,-72.409531,55.668327,20.678162,-81.283562,69.493019,733.078857,-26.709263
110,0.550000,44.457462,264.598206,-70.824463,266.494507,-209.347488,-72.631531,69.735062,-302.875092,-68.995895,-136.220459,-228.568069,-65.029671,-227.654816,-30.703960,-60.100895,-153.079391,173.173050,-61.861168,248.608490,188.985428,-73.237190,339.332336,-8.771001,-72.417450,55.667137,20.684855,-81.285027,69.490990,733.079895,-26.703989
111,0.555000,44.458057,264.594635,-70.825005,266.489716,-209.347641,-72.626221,69.738556,-302.874420,-68.992783,-136.212814,-228.566650,-65.036552,-227.656830,-30.701260,-60.108154,-153.077530,173.172104,-61.856956,248.605621,188.985626,-73.239807,339.334167,-8.768649,-72.413979,55.666809,20.680986,-81.275490,69.489166,733.075256,-26.713594
112,0.560000,44.461586,264.599884,-70.818253,266.494232,-209.341675,-72.631660,69.741982,-302.873657,-68.994156,-136.215912,-228.561386,-65.029823,-227.652344,-30.697779,-60.102333,-153.079193,173.172775,-61.863926,248.609436,188.987137,-73.243309,339.336456,-8.772769,-72.413231,55.669857,20.678068,-81.286453,69.491074,733.080200,-26.708513
113,0.565000,44.456947,264.602142,-70.824989,266.491394,-209.344482,-72.630058,69.733246,-302.876587,-68.995216,-136.216049,-228.564590,-65.029892,-227.657425,-30.696791,-60.102261,-153.072617,173.175171,-61.862659,248.608536,188.986130,-73.240486,339.334106,-8.760861,-72.406097,55.662121,20.684706,-81.279839,69.489960,733.080444,-26.714350
114,0.570000,44.460945,264.591522,-70.828293,266.494110,-209.344986,-72.636452,69.734245,-302.861694,-68.985939,-136.213959,-228.567825,-65.033440,-227.657944,-30.695116,-60.099468,-153.078522,173.173080,-61.861984,248.608429,188.986664,-73.240196,339.331726,-8.768263,-72.413513,55.670654,20.680727,-81.274773,69.485031,733.082458,-26.692186
115,0.575000,44.459614,264.593445,-70.824287,266.486115,-209.345032,-72.624832,69.737282,-302.881134,-68.993980,-136.217117,-228.569595,-65.038757,-227.655716,-30.698847,-60.095112,-153.084061,173.168243,-61.853741,248.611420,188.985626,-73.242737,339.337097,-8.768888,-72.419006,55.671932,20.683365,-81.291801,69.489006,733.083618,-26.710131
116,0.580000,44.463943,264.599579,-70.831284,266.490021,-209.347748,-72.633110,69.730865,-302.865479,-68.985764,-136.213013,-228.566849,-65.032280,-227.655060,-30.699265,-60.102047,-153.078079,173.176498,-61.858345,248.606674,188.984879,-73.238129,339.333313,-8.768343,-72.408379,55.672585,20.681381,-81.276405,69.480057,733.077271,-26.706852
117,0.585000,44.461761,264.595825,-70.823334,266.490662,-209.340302,-72.620239,69.729057,-302.878204,-68.995117,-136.218094,-228.561340,-65.029060,-227.655197,-30.698975,-60.103222,-153.078445,173.175598,-61.863564,248.609680,188.980667,-73.239571,339.335907,-8.766554,-72.410294,55.665112,20.680674,-81.281418,69.488686,733.078308,-26.710060
118,0.590000,44.463394,264.595306,-70.816841,266.485382,-209.344467,-72.628891,69.729630,-302.870453,-68.981201,-136.211502,-228.569778,-65.032715,-227.656799,-30.700151,-60.095833,-153.078445,173.176117,-61.872459,248.616531,188.982132,-73.243546,339.331879,-8.765491,-72.404747,55.669041,20.676342,-81.284843,69.487900,733.080139,-26.706923
119,0.595000,44.465881,264.592499,-70.824974,266.486725,-209.344894,-72.617836,69.735191,-302.880005,-69.004723,-136.214783,-228.564713,-65.036690,-227.656082,-30.696745,-60.103954,-153.077347,173.179001,-61.870834,248.614151,188.987152,-73.242584,339.332550,-8.762809,-72.409088,55.667843,20.687790,-81.275398,69.490517,733.076965,-26.706911
120,0.600000,44.463520,264.598877,-70.822121,266.492493,-209.341003,-72.621475,69.732155,-302.876648,-68.999527,-136.213638,-228.564529,-65.030899,-227.654526,-30.697168,-60.104740,-153.078262,173.174042,-61.860970,248.609528,188.985535,-73.236313,339.334473,-8.767075,-72.420494,55.663902,20.688599,-81.271461,69.497597,733.078796,-26.705669
121,0.605000,44.459564,264.590515,-70.820107,266.490295,-209.340469,-72.626091,69.731056,-302.875336,-68.984413,-136.215973,-228.565598,-65.034241,-227.656326,-30.703896,-60.109768,-153.080353,173.178833,-61.867477,248.613235,188.986526,-73.241730,339.336975,-8.770558,-72.412735,55.666115,20.681931,-81.270805,69.484894,733.079285,-26.706326
122,0.610000,44.464714,264.597382,-70.829887,266.491821,-209.345108,-72.624229,69.726463,-302.875916,-68.987846,-136.217010,-228.564133,-65.018410,-227.656250,-30.698606,-60.099789,-153.074600,173.173904,-61.876408,248.613922,188.985794,-73.230049,339.335724,-8.763628,-72.412788,55.668808,20.685226,-81.273277,69.486191,733.084839,-26.702269
123,0.615000,44.461704,264.595062,-70.819572,266.490662,-209.338593,-72.625710,69.735916,-302.872375,-68.997963,-136.214630,-228.566895,-65.038948,-227.655579,-30.697363,-60.108929,-153.080887,173.174088,-61.857224,248.615234,188.991928,-73.240242,339.332825,-8.763679,-72.404701,55.656387,20.693054,-81.272636,69.488319,733.087158,-26.703943
124,0.620000,44.460564,264.596313,-70.833961,266.493317,-209.342834,-72.636444,69.729614,-302.875671,-68.992172,-136.218079,-228.568283,-65.038475,-227.657196,-30.696653,-60.105244,-153.081055,173.171860,-61.869118,248.609711,188.985855,-73.241196,339.332733,-8.771356,-72.412323,55.678299,20.680588,-81.289848,69.488884,733.080261,-26.709143
125,0.625000,44.462635,264.592499,-70.834846,266.489929,-209.344345,-72.624435,69.733780,-302.878204,-68.998573,-136.215149,-228.566605,-65.037643,-227.659042,-30.699949,-60.097553,-153.070862,173.175491,-61.858894,248.612320,188.986740,-73.248024,339.334045,-8.763799,-72.403000,55.669434,20.676968,-81.295303,69.491234,733.077698,-26.708019
126,0.630000,44.457836,264.596588,-70.813896,266.490326,-209.337006,-72.619331,69.738365,-302.872925,-68.988518,-136.211823,-228.570038,-65.034805,-227.655594,-30.696810,-60.094765,-153.080292,173.171997,-61.864590,248.614456,188.988708,-73.246078,339.335754,-8.766260,-72.408112,55.662876,20.684608,-81.283424,69.493530,733.077515,-26.711906
127,0.635000,44.457993,264.593048,-70.814148,266.489319,-209.343277,-72.626335,69.731461,-302.874481,-68.986435,-136.209045,-228.569519,-65.033836,-227.657410,-30.694010,-60.103500,-153.075256,173.175034,-61.858616,248.604187,188.989273,-73.229736,339.330231,-8.763941,-72.409149,55.674171,20.678274,-81.284126,69.485382,733.077820,-26.711422
128,0.640000,44.460732,264.592438,-70.834366,266.490082,-209.344727,-72.626213,69.737579,-302.875610,-68.993729,-136.213730,-228.567734,-65.039566,-227.656372,-30.696997,-60.097836,-153.077728,173.175964,-61.862652,248.612198,188.986771,-73.244621,339.334290,-8.763197,-72.412651,55.663280,20.688799,-81.275925,69.494125,733.083984,-26.712769
129,0.645000,44.461216,264.601105,-70.818779,266.492188,-209.347641,-72.632668,69.734375,-302.875732,-68.995377,-136.218613,-228.567703,-65.035545,-227.654160,-30.699055,-60.105862,-153.085159,173.173660,-61.864441,248.608643,188.983948,-73.238297,339.332275,-8.770327,-72.410851,55.665474,20.678106,-81.283951,69.492386,733.083130,-26.715704
130,0.650000,44.464191,264.598083,-70.825020,266.498138,-209.339111,-72.632179,69.731697,-302.874878,-68.986565,-136.215530,-228.564285,-65.035057,-227.658569,-30.702633,-60.093418,-153.077011,173.180756,-61.857964,248.616989,188.982407,-73.249397,339.334167,-8.767692,-72.419304,55.662849,20.681772,-81.276756,69.489052,733.079651,-26.707298
131,0.655000,44.457344,264.596558,-70.823341,266.490814,-209.336395,-72.623856,69.726128,-302.876740,-68.987663,-136.213928,-228.566483,-65.034912,-227.651382,-30.694532,-60.108646,-153.080780,173.170700,-61.867729,248.606216,188.983841,-73.236481,339.333282,-8.769968,-72.415421,55.666191,20.681847,-81.278366,69.485130,733.075989,-26.702879
132,0.660000,44.464821,264.597107,-70.825737,266.492798,-209.339493,-72.629570,69.738876,-302.878052,-68.994392,-136.213776,-228.565125,-65.041168,-227.659515,-30.697927,-60.103378,-153.077881,173.173553,-61.866695,248.608475,188.987473,-73.233742,339.334900,-8.768500,-72.410881,55.666954,20.688652,-81.279297,69.486969,733.083557,-26.706274
133,0.665000,44.459698,264.597687,-70.831268,266.492065,-209.343002,-72.613579,69.731117,-302.869873,-68.988518,-136.216370,-228.568085,-65.038544,-227.654037,-30.692020,-60.100498,-153.080124,173.176315,-61.861305,248.605377,188.984390,-73.237617,339.328949,-8.769017,-72.417313,55.660065,20.685656,-81.276848,69.490082,733.081116,-26.702381
134,0.670000,44.459953,264.598297,-70.831520,266.497101,-209.345215,-72.624504,69.729721,-302.886078,-68.998901,-136.212891,-228.567871,-65.038651,-227.650986,-30.693413,-60.105255,-153.082443,173.172806,-61.876293,248.613586,188.984451,-73.243820,339.337738,-8.765176,-72.410324,55.665386,20.680767,-81.284149,69.490631,733.082031,-26.711958
135,0.675000,44.459801,264.598663,-70.827637,266.489594,-209.341171,-72.624008,69.739113,-302.873474,-68.991524,-136.215729,-228.564301,-65.036797,-227.655136,-30.701260,-60.101189,-153.077408,173.173584,-61.858414,248.608093,188.987030,-73.245834,339.333313,-8.763763,-72.407089,55.666142,20.678724,-81.287407,69.485970,733.081543,-26.703405
136,0.680000,44.460892,264.598846,-70.826233,266.489288,-209.343857,-72.627266,69.735298,-302.880280,-68.996368,-136.216034,-228.565994,-65.040199,-227.655685,-30.692810,-60.104412,-153.074524,173.172943,-61.863640,248.615479,188.980530,-73.242531,339.333099,-8.770246,-72.415657,55.658443,20.683519,-81.272331,69.495178,733.083008,-26.702114
137,0.685000,44.457478,264.593811,-70.820961,266.492828,-209.347702,-72.633560,69.733467,-302.881073,-68.997322,-136.210114,-228.562256,-65.030746,-227.656754,-30.699890,-60.091816,-153.076691,173.177200,-61.859230,248.614487,188.983795,-73.236160,339.338074,-8.767435,-72.410027,55.662193,20.681564,-81.284920,69.491035,733.079224,-26.705797
138,0.690000,44.458759,264.597168,-70.831657,266.495087,-209.343124,-72.629105,69.731178,-302.869263,-68.994576,-136.212204,-228.569122,-65.041641,-227.656158,-30.700260,-60.103638,-153.077606,173.173340,-61.852509,248.617462,188.986465,-73.247292,339.329956,-8.766339,-72.400139,55.671997,20.681057,-81.286591,69.483803,733.084351,-26.704018
139,0.695000,44.466545,264.596344,-70.827095,266.489655,-209.344498,-72.626045,69.728394,-302.872955,-68.990654,-136.212219,-228.566772,-65.041718,-227.656738,-30.698746,-60.103004,-153.078873,173.168396,-61.869965,248.610535,188.986084,-73.234482,339.332397,-8.764211,-72.407478,55.665222,20.681011,-81.279396,69.487892,733.081787,-26.702650
140,0.700000,44.459866,264.596466,-70.832237,266.492126,-209.345718,-72.631409,69.736023,-302.876007,-68.997688,-136.211685,-228.565567,-65.038948,-227.656830,-30.701084,-60.102322,-153.080673,173.175873,-61.867096,248.608582,188.993408,-73.238083,339.333496,-8.765793,-72.415283,55.661041,20.677525,-81.285217,69.489792,733.080750,-26.710848
141,0.705000,44.460308,264.595520,-70.827164,266.493011,-209.348022,-72.634270,69.730385,-302.881104,-68.993431,-136.212860,-228.561447,-65.029442,-227.657074,-30.701710,-60.109558,-153.083725,173.175552,-61.875584,248.608643,188.985733,-73.232857,339.331726,-8.766468,-72.403122,55.663048,20.687914,-81.281143,69.487312,733.075134,-26.709845
142,0.710000,44.463428,264.596252,-70.824509,266.488647,-209.343552,-72.623100,69.731819,-302.873535,-68.987579,-136.213776,-228.571655,-65.038818,-227.657501,-30.696447,-60.093830,-153.080185,173.173477,-61.860428,248.610596,188.988235,-73.237495,339.331451,-8.769385,-72.408836,55.662693,20.681490,-81.278397,69.489983,733.082886,-26.707638
143,0.715000,44.460098,264.596771,-70.829231,266.491364,-209.344650,-72.629196,69.736320,-302.871613,-68.992638,-136.209885,-228.567749,-65.031212,-227.654358,-30.696632,-60.110401,-153.075500,173.176071,-61.872402,248.610641,188.983429,-73.239494,339.328583,-8.766593,-72.400375,55.669968,20.680557,-81.290276,69.488922,733.078674,-26.710217
144,0.720000,44.452015,264.598083,-70.817780,266.490173,-209.343872,-72.636330,69.734077,-302.873444,-68.996986,-136.210892,-228.567612,-65.036774,-227.657379,-30.695433,-60.100307,-153.083237,173.172470,-61.858711,248.615723,188.991394,-73.253548,339.333069,-8.766119,-72.412315,55.661121,20.690113,-81.273430,69.486786,733.079346,-26.703636
145,0.725000,44.461781,264.599487,-70.829590,266.492554,-209.347168,-72.628532,69.728416,-302.876282,-68.995239,-136.212921,-228.565796,-65.032982,-227.654541,-30.695139,-60.101723,-153.076584,173.176132,-61.868877,248.604874,188.989761,-73.239197,339.332092,-8.767504,-72.404884,55.668037,20.676157,-81.289032,69.489319,733.082520,-26.704521
146,0.730000,44.464756,264.602386,-70.834274,266.491730,-209.345688,-72.628777,69.733910,-302.880829,-68.995667,-136.217789,-228.568314,-65.042717,-227.654678,-30.696243,-60.096523,-153.073425,173.183014,-61.857883,248.610168,188.981064,-73.242126,339.330444,-8.762977,-72.412544,55.672001,20.681162,-81.287018,69.491730,733.083862,-26.704052
147,0.735000,44.464619,264.599945,-70.829437,266.493500,-209.340393,-72.628281,69.733353,-302.875854,-68.990738,-136.211609,-228.569733,-65.032188,-227.653946,-30.701447,-60.098198,-153.080841,173.175400,-61.866596,248.613983,188.986542,-73.237335,339.331604,-8.768993,-72.410439,55.667400,20.682808,-81.275887,69.490364,733.084290,-26.702206
148,0.740000,44.456783,264.593842,-70.826706,266.489471,-209.345398,-72.633255,69.732826,-302.872955,-68.996849,-136.213684,-228.568466,-65.033104,-227.658676,-30.692099,-60.109203,-153.077148,173.171600,-61.861385,248.612137,188.987411,-73.230957,339.332489,-8.767668,-72.416245,55.661926,20.691977,-81.273331,69.490372,733.077515,-26.698795
149,0.745000,44.464733,264.595245,-70.830978,266.489105,-209.342712,-72.629021,69.725388,-302.869904,-68.987091,-136.215240,-228.566055,-65.033875,-227.654282,-30.696621,-60.103542,-153.080734,173.177887,-61.866493,248.612274,188.977966,-73.246407,339.334045,-8.769480,-72.413223,55.666344,20.678474,-81.280952,69.490669,733.079712,-26.699123
150,0.750000,44.461365,264.597992,-70.825188,266.487518,-209.343094,-72.625404,69.739830,-302.881866,-69.002373,-136.207886,-228.561066,-65.028404,-227.656769,-30.694620,-60.099148,-153.073166,173.170166,-61.870686,248.616058,188.987198,-73.236076,339.326569,-8.765520,-72.404442,55.663788,20.684229,-81.281357,69.488762,733.079041,-26.707413
151,0.755000,44.459160,264.596924,-70.820518,266.487061,-209.341156,-72.623764,69.735497,-302.883331,-69.004150,-136.215347,-228.563599,-65.032272,-227.653503,-30.699486,-60.112110,-153.076431,173.179001,-61.862160,248.615189,188.988632,-73.243027,339.330170,-8.766362,-72.402351,55.673481,20.674706,-81.284233,69.489769,733.078491,-26.706543
152,0.760000,44.462128,264.593323,-70.819138,266.491333,-209.346634,-72.632256,69.737419,-302.881195,-68.993408,-136.215714,-228.559036,-65.026131,-227.652008,-30.704130,-60.108433,-153.076996,173.176804,-61.861217,248.613235,188.992096,-73.238914,339.334442,-8.770792,-72.413132,55.659111,20.681154,-81.283775,69.486343,733.081543,-26.703474
153,0.765000,44.471519,264.597260,-70.832733,266.489014,-209.347214,-72.625534,69.734055,-302.869446,-68.985901,-136.205139,-228.568558,-65.038383,-227.655029,-30.702358,-60.100639,-153.076065,173.173172,-61.871113,248.612061,188.981812,-73.232880,339.334778,-8.771533,-72.407242,55.672325,20.680740,-81.285355,69.490662,733.075989,-26.701887
154,0.770000,44.457439,264.594543,-70.829201,266.489594,-209.333878,-72.621216,69.728020,-302.871643,-68.993202,-136.215744,-228.569351,-65.033813,-227.652771,-30.702810,-60.104488,-153.076904,173.175339,-61.867744,248.611511,188.987198,-73.235481,339.333344,-8.762444,-72.409370,55.657959,20.684862,-81.279335,69.490631,733.077271,-26.706156
155,0.775000,44.460201,264.599548,-70.824432,266.493744,-209.346237,-72.629707,69.732971,-302.877533,-68.998367,-136.214462,-228.569321,-65.040062,-227.658035,-30.697081,-60.107456,-153.076584,173.179199,-61.861694,248.620880,188.982880,-73.253143,339.335602,-8.768214,-72.413147,55.665401,20.684752,-81.276909,69.492928,733.081177,-26.703651
156,0.780000,44.458771,264.599365,-70.829269,266.492523,-209.343872,-72.621376,69.731316,-302.877991,-68.990196,-136.215210,-228.565460,-65.036469,-227.654587,-30.692375,-60.106915,-153.077179,173.177063,-61.865253,248.608185,188.984406,-73.236710,339.332642,-8.760686,-72.408035,55.661835,20.684210,-81.281212,69.489227,733.081970,-26.706238
157,0.785000,44.457600,264.601990,-70.828163,266.490417,-209.348694,-72.634346,69.734413,-302.874054,-68.992393,-136.211151,-228.569107,-65.031380,-227.654877,-30.696350,-60.094528,-153.076584,173.175156,-61.858902,248.608566,188.990723,-73.234612,339.332458,-8.763768,-72.404999,55.660049,20.688988,-81.273849,69.487877,733.081543,-26.699492
158,0.790000,44.463287,264.595306,-70.829323,266.491058,-209.342957,-72.626183,69.732918,-302.873291,-68.997169,-136.213852,-228.563858,-65.027611,-227.659454,-30.698021,-60.098553,-153.075760,173.176498,-61.863056,248.602173,188.988235,-73.236206,339.331604,-8.766889,-72.405121,55.668591,20.682890,-81.294296,69.492790,733.080139,-26.713167
159,0.795000,44.459320,264.604828,-70.819153,266.489838,-209.343369,-72.631973,69.736000,-302.875092,-68.995255,-136.212723,-228.566605,-65.032555,-227.655838,-30.693272,-60.099861,-153.080338,173.175034,-61.866516,248.619339,188.985016,-73.254593,339.332275,-8.765119,-72.407318,55.672340,20.688177,-81.274933,69.495560,733.080383,-26.708319
160,0.800000,44.459850,264.598114,-70.821823,266.492554,-209.348923,-72.628395,69.737251,-302.867615,-68.986176,-136.212479,-228.565643,-65.030312,-227.654495,-30.700214,-60.109116,-153.076584,173.181686,-61.858398,248.608688,188.988724,-73.238579,339.334229,-8.764994,-72.408463,55.658043,20.687901,-81.276947,69.492043,733.080383,-26.711868
161,0.805000,44.464104,264.598236,-70.831718,266.488922,-209.345184,-72.624268,69.735550,-302.875854,-68.994690,-136.209915,-228.571609,-65.042168,-227.656082,-30.698879,-60.100925,-153.083771,173.179749,-61.864349,248.605072,188.986191,-73.239685,339.335907,-8.767746,-72.405144,55.658382,20.688705,-81.268173,69.490112,733.077881,-26.705528
162,0.810000,44.463322,264.595673,-70.823822,266.486847,-209.346802,-72.620132,69.739891,-302.886597,-68.998703,-136.218704,-228.559998,-65.029037,-227.653107,-30.696316,-60.093933,-153.083450,173.172028,-61.867569,248.613571,188.985245,-73.245361,339.330688,-8.770026,-72.405067,55.664585,20.681046,-81.286469,69.495003,733.077637,-26.709915
163,0.815000,44.461941,264.599335,-70.819435,266.495758,-209.346039,-72.633713,69.725861,-302.867035,-68.986473,-136.211304,-228.569077,-65.027245,-227.653732,-30.698565,-60.107994,-153.079300,173.176331,-61.866459,248.612946,188.987411,-73.240898,339.336548,-8.767560,-72.410629,55.664886,20.685877,-81.277649,69.493950,733.081909,-26.707104
164,0.820000,44.466064,264.591003,-70.829079,266.488495,-209.338837,-72.615723,69.730576,-302.878937,-68.998016,-136.210510,-228.569107,-65.033707,-227.650940,-30.694904,-60.100433,-153.082520,173.172028,-61.866398,248.611969,188.989792,-73.241394,339.330750,-8.762249,-72.411064,55.658073,20.677679,-81.282936,69.487915,733.085754,-26.704947
165,0.825000,44.462296,264.601715,-70.826286,266.498657,-209.345886,-72.638748,69.729965,-302.875580,-68.985817,-136.220413,-228.565506,-65.023132,-227.655319,-30.699741,-60.097481,-153.077103,173.172623,-61.860802,248.612534,188.988434,-73.234375,339.333466,-8.763193,-72.409668,55.658134,20.684696,-81.277939,69.493126,733.079224,-26.713709
166,0.830000,44.459755,264.598206,-70.827271,266.489563,-209.345139,-72.621658,69.731224,-302.871368,-68.981644,-136.211853,-228.562958,-65.026123,-227.653366,-30.697657,-60.105682,-153.078064,173.171722,-61.865295,248.612442,188.991867,-73.234360,339.332855,-8.763293,-72.403725,55.667274,20.682667,-81.280350,69.489349,733.078796,-26.704336
167,0.835000,44.458881,264.596588,-70.824112,266.489838,-209.340378,-72.622841,69.732010,-302.880280,-68.991425,-136.216888,-228.564270,-65.027580,-227.652710,-30.698637,-60.105846,-153.079742,173.177750,-61.874516,248.607925,188.984482,-73.234718,339.333405,-8.764297,-72.411873,55.663452,20.686926,-81.275093,69.494019,733.079224,-26.702965
168,0.840000,44.463314,264.597260,-70.823479,266.486328,-209.345459,-72.602753,69.732040,-302.874573,-68.988564,-136.213257,-228.569656,-65.035194,-227.654846,-30.705252,-60.108368,-153.077179,173.175461,-61.862911,248.604401,188.988724,-73.240479,339.337738,-8.770838,-72.416924,55.665825,20.684906,-81.288391,69.489914,733.077637,-26.699692
169,0.845000,44.462593,264.599152,-70.827850,266.490112,-209.345367,-72.627281,69.724503,-302.872131,-68.986595,-136.212830,-228.568329,-65.033638,-227.649857,-30.697304,-60.099323,-153.076416,173.175781,-61.866970,248.607803,188.986084,-73.234650,339.330811,-8.766652,-72.406769,55.660225,20.687969,-81.275024,69.488838,733.085510,-26.705137
170,0.850000,44.455318,264.599365,-70.825050,266.493591,-209.341934,-72.624374,69.728333,-302.877625,-68.986343,-136.216171,-228.561035,-65.029045,-227.650406,-30.702312,-60.101097,-153.076157,173.174988,-61.867092,248.614212,188.986572,-73.245453,339.329498,-8.763741,-72.403908,55.676273,20.677374,-81.289757,69.488724,733.076050,-26.703112
171,0.855000,44.459522,264.596710,-70.816269,266.488647,-209.339767,-72.620819,69.728745,-302.875305,-68.984146,-136.219620,-228.565308,-65.030563,-227.653610,-30.696499,-60.107990,-153.079880,173.175934,-61.847767,248.608261,188.991409,-73.236610,339.331329,-8.764490,-72.400421,55.668835,20.691153,-81.278137,69.490669,733.079651,-26.706865
172,0.860000,44.461765,264.602081,-70.820023,266.488953,-209.341171,-72.620453,69.735687,-302.876892,-68.997047,-136.213791,-228.568176,-65.039558,-227.656387,-30.701824,-60.100536,-153.078415,173.168167,-61.865902,248.612457,188.982864,-73.248024,339.333374,-8.772602,-72.414978,55.665565,20.681149,-81.275414,69.483559,733.076538,-26.708961
173,0.865000,44.464191,264.600372,-70.826462,266.496643,-209.344757,-72.635963,69.724937,-302.868530,-68.986633,-136.214890,-228.564362,-65.038162,-227.656372,-30.702457,-60.101215,-153.079010,173.174393,-61.866539,248.616592,188.988480,-73.243340,339.334625,-8.766140,-72.414986,55.662392,20.689287,-81.283241,69.486168,733.082336,-26.705187
174,0.870000,44.461227,264.601318,-70.824982,266.486084,-209.349060,-72.627365,69.731781,-302.875427,-68.988487,-136.217743,-228.561127,-65.024551,-227.654556,-30.699316,-60.102871,-153.077042,173.176941,-61.859013,248.611969,188.986954,-73.234909,339.333191,-8.764144,-72.406433,55.668766,20.683468,-81.280228,69.496689,733.075256,-26.712818
175,0.875000,44.461071,264.593597,-70.827538,266.487427,-209.346161,-72.627037,69.725815,-302.872711,-68.983879,-136.214584,-228.563492,-65.029884,-227.652206,-30.694458,-60.100254,-153.076385,173.173965,-61.871990,248.615845,188.986908,-73.232086,339.337219,-8.770979,-72.409454,55.667698,20.685816,-81.278008,69.490738,733.085693,-26.698236
176,0.880000,44.460560,264.596558,-70.830254,266.492218,-209.343658,-72.627144,69.730911,-302.877594,-68.994850,-136.213867,-228.570740,-65.040161,-227.651428,-30.694286,-60.100155,-153.075104,173.174667,-61.861061,248.607101,188.989441,-73.233528,339.330292,-8.759638,-72.394371,55.664085,20.685307,-81.282410,69.487648,733.084351,-26.704945
177,0.885000,44.459267,264.596161,-70.812637,266.486298,-209.343430,-72.621704,69.732094,-302.870880,-68.987228,-136.210205,-228.561432,-65.029236,-227.652420,-30.695051,-60.100407,-153.080200,173.174942,-61.862370,248.609467,188.983276,-73.242813,339.339844,-8.764816,-72.415993,55.667332,20.677832,-81.287132,69.491547,733.079651,-26.708136
178,0.890000,44.461746,264.599609,-70.835571,266.491302,-209.342392,-72.619804,69.734138,-302.875092,-68.988876,-136.207870,-228.567413,-65.041496,-227.658524,-30.701683,-60.102264,-153.078674,173.176071,-61.869530,248.607544,188.985916,-73.227943,339.337097,-8.763832,-72.406319,55.670643,20.682425,-81.284714,69.486816,733.078491,-26.710526
179,0.895000,44.462337,264.596191,-70.818260,266.484131,-209.346970,-72.615143,69.730507,-302.873108,-68.983559,-136.214355,-228.567551,-65.029076,-227.654602,-30.692915,-60.099796,-153.081070,173.167999,-61.863762,248.610672,188.990479,-73.243484,339.334686,-8.769684,-72.410683,55.660744,20.684120,-81.287827,69.496223,733.077271,-26.710131
180,0.900000,44.460209,264.600037,-70.816078,266.487762,-209.343796,-72.620155,69.727585,-302.870667,-68.982079,-136.214584,-228.566116,-65.030846,-227.654297,-30.700840,-60.106045,-153.081772,173.173538,-61.864616,248.617859,188.986435,-73.235168,339.335938,-8.770800,-72.418800,55.673534,20.682112,-81.288734,69.498634,733.082581,-26.714270
181,0.905000,44.459480,264.595795,-70.820343,266.495758,-209.341293,-72.632172,69.726212,-302.876404,-68.995087,-136.212143,-228.563675,-65.039757,-227.657028,-30.698669,-60.098526,-153.079819,173.175888,-61.857311,248.612335,188.990738,-73.231514,339.334320,-8.768253,-72.409454,55.652802,20.686531,-81.272346,69.494827,733.079834,-26.711119
182,0.910000,44.457829,264.595428,-70.825081,266.496918,-209.346161,-72.635002,69.728539,-302.867767,-68.988312,-136.214462,-228.562592,-65.037613,-227.656677,-30.696081,-60.103970,-153.077728,173.177002,-61.862511,248.612946,188.986191,-73.245583,339.330963,-8.769585,-72.412880,55.666912,20.685213,-81.285919,69.492485,733.082153,-26.707518
183,0.915000,44.455051,264.593018,-70.828651,266.491974,-209.340561,-72.618805,69.728447,-302.874603,-68.983978,-136.216751,-228.565659,-65.033913,-227.654739,-30.694805,-60.105869,-153.076401,173.181274,-61.866398,248.607040,188.987854,-73.238708,339.337006,-8.760129,-72.411324,55.664654,20.685396,-81.279411,69.492615,733.078796,-26.707582
184,0.920000,44.461712,264.595154,-70.826469,266.488464,-209.343719,-72.627159,69.732201,-302.871948,-68.988510,-136.213165,-228.564926,-65.035202,-227.656769,-30.695097,-60.103634,-153.077087,173.178040,-61.859776,248.606873,188.985321,-73.224640,339.334045,-8.766479,-72.407127,55.662918,20.690695,-81.278320,69.493698,733.084351,-26.709915
185,0.925000,44.465233,264.599762,-70.820976,266.492523,-209.342148,-72.631348,69.724113,-302.878998,-68.991325,-136.212723,-228.562378,-65.033493,-227.655090,-30.695915,-60.104336,-153.081619,173.176498,-61.859997,248.613373,188.985626,-73.239738,339.335327,-8.762351,-72.405556,55.669514,20.691103,-81.278404,69.493050,733.079285,-26.705263
186,0.930000,44.461052,264.597687,-70.817894,266.496613,-209.338303,-72.633476,69.728462,-302.875763,-68.991592,-136.208054,-228.563614,-65.032936,-227.655258,-30.698183,-60.102150,-153.078918,173.173843,-61.857796,248.611023,188.992508,-73.242348,339.340729,-8.763824,-72.414200,55.663052,20.690647,-81.273392,69.490089,733.082947,-26.707365
187,0.935000,44.462700,264.598755,-70.831383,266.491180,-209.347824,-72.636421,69.737579,-302.877106,-69.002304,-136.210312,-228.568481,-65.039925,-227.653610,-30.697783,-60.109051,-153.085007,173.174576,-61.866383,248.616806,188.986176,-73.246262,339.331818,-8.764747,-72.410423,55.666435,20.680382,-81.282448,69.491730,733.075195,-26.704897
188,0.940000,44.459332,264.596649,-70.824066,266.492096,-209.346344,-72.628952,69.729942,-302.874725,-68.997025,-136.211655,-228.566956,-65.036461,-227.653992,-30.697920,-60.105774,-153.078720,173.172714,-61.865219,248.617386,188.980118,-73.238457,339.334595,-8.770849,-72.410858,55.661442,20.691957,-81.273186,69.489265,733.079895,-26.700912
189,0.945000,44.460518,264.597595,-70.825508,266.490204,-209.347809,-72.617950,69.730141,-302.876007,-68.988762,-136.212280,-228.566895,-65.031792,-227.652573,-30.700285,-60.107300,-153.080414,173.177307,-61.862732,248.613327,188.986115,-73.242775,339.332123,-8.769059,-72.405373,55.662804,20.686228,-81.274300,69.487427,733.082703,-26.705772
190,0.950000,44.458031,264.594147,-70.826042,266.486755,-209.339462,-72.611656,69.729324,-302.876770,-68.991096,-136.214157,-228.562637,-65.029045,-227.657440,-30.700565,-60.099159,-153.075912,173.175461,-61.863792,248.616455,188.987930,-73.242043,339.331909,-8.762874,-72.405136,55.662937,20.690113,-81.279945,69.497902,733.077515,-26.710861
191,0.955000,44.461742,264.597198,-70.817474,266.492950,-209.344543,-72.615662,69.734367,-302.876862,-68.986557,-136.215454,-228.565094,-65.036133,-227.655777,-30.697517,-60.099922,-153.076187,173.178192,-61.851131,248.602936,188.983063,-73.233398,339.337952,-8.769156,-72.416222,55.661537,20.684578,-81.281540,69.486664,733.086914,-26.707895
192,0.960000,44.458561,264.590698,-70.826691,266.493378,-209.347794,-72.619934,69.732193,-302.874756,-68.988747,-136.216644,-228.568970,-65.032898,-227.652054,-30.700163,-60.102936,-153.076279,173.177841,-61.862671,248.605652,188.992355,-73.222534,339.331207,-8.763532,-72.404442,55.658367,20.690809,-81.270203,69.494186,733.078491,-26.717354
193,0.965000,44.460510,264.598877,-70.821686,266.494446,-209.343597,-72.636086,69.726364,-302.868835,-68.987434,-136.217102,-228.571365,-65.026588,-227.659470,-30.700911,-60.103333,-153.082367,173.169434,-61.859085,248.607147,188.990250,-73.225266,339.335815,-8.766545,-72.412651,55.659084,20.689957,-81.273666,69.492493,733.082642,-26.710094
194,0.970000,44.463043,264.598450,-70.828995,266.487091,-209.347717,-72.632675,69.726433,-302.863983,-68.978989,-136.212341,-228.563812,-65.031631,-227.648209,-30.702038,-60.106537,-153.079254,173.171509,-61.861908,248.608719,188.983734,-73.232590,339.336304,-8.764021,-72.399963,55.671406,20.694614,-81.278023,69.491379,733.082642,-26.701860
195,0.975000,44.458950,264.596375,-70.824432,266.489838,-209.338806,-72.616737,69.732613,-302.870911,-68.986267,-136.215561,-228.564987,-65.024353,-227.656509,-30.702751,-60.106991,-153.079285,173.175369,-61.854877,248.611755,188.986481,-73.238708,339.332947,-8.765635,-72.401466,55.663544,20.691328,-81.281647,69.491661,733.080078,-26.709948
196,0.980000,44.466721,264.590271,-70.818886,266.497467,-209.343414,-72.633453,69.731895,-302.878052,-68.991554,-136.213425,-228.566742,-65.030235,-227.652069,-30.701643,-60.103447,-153.080261,173.174362,-61.854313,248.611755,188.981064,-73.243828,339.332306,-8.771377,-72.405235,55.663303,20.684807,-81.282516,69.491318,733.080017,-26.705023
197,0.985000,44.457077,264.595917,-70.822319,266.488556,-209.337875,-72.617157,69.729660,-302.880981,-68.991547,-136.215912,-228.563660,-65.030640,-227.651459,-30.702110,-60.104305,-153.076004,173.172928,-61.873158,248.609085,188.985703,-73.243965,339.334351,-8.765766,-72.419220,55.659695,20.682177,-81.280022,69.488358,733.081177,-26.709217
198,0.990000,44.457329,264.594727,-70.818588,266.490112,-209.344635,-72.624603,69.728027,-302.866241,-68.986794,-136.209122,-228.567581,-65.030281,-227.652390,-30.702440,-60.106327,-153.078949,173.172348,-61.868980,248.609207,188.986877,-73.238571,339.334045,-8.769356,-72.404785,55.664001,20.684504,-81.284828,69.494499,733.082642,-26.707190
199,0.995000,44.465179,264.598785,-70.840309,266.490814,-209.340729,-72.622787,69.725235,-302.872040,-68.986908,-136.215408,-228.566437,-65.031288,-227.655304,-30.697042,-60.097801,-153.075668,173.174973,-61.860832,248.612503,188.989792,-73.243690,339.333252,-8.767694,-72.409828,55.669147,20.692287,-81.276955,69.487015,733.081360,-26.705418
200,1.000000,44.459908,264.594727,-70.826691,266.492065,-209.345490,-72.619507,69.721626,-302.872040,-68.988388,-136.217865,-228.557922,-65.018425,-227.656326,-30.702412,-60.100464,-153.082230,173.173370,-61.866356,248.616104,188.987228,-73.247482,339.335938,-8.768347,-72.413467,55.665974,20.681707,-81.279396,69.488243,733.077271,-26.699629
201,1.005000,44.456940,264.594269,-70.815155,266.494415,-209.346985,-72.618988,69.727554,-302.868744,-68.989502,-136.214493,-228.562866,-65.035248,-227.651077,-30.705139,-60.105850,-153.074127,173.176956,-61.859505,248.610474,188.994385,-73.227577,339.334442,-8.760724,-72.405128,55.658951,20.683521,-81.284935,69.489227,733.079651,-26.703617
202,1.010000,44.466461,264.595215,-70.831284,266.493286,-209.342529,-72.624947,69.725929,-302.869202,-68.981247,-136.213211,-228.567078,-65.033775,-227.653244,-30.697624,-60.103542,-153.079849,173.171997,-61.862122,248.606522,188.987122,-73.241356,339.327850,-8.765856,-72.405113,55.665352,20.687338,-81.282127,69.492714,733.081116,-26.715014
203,1.015000,44.462723,264.601227,-70.821236,266.492279,-209.339600,-72.620621,69.733192,-302.869293,-68.986855,-136.213272,-228.567123,-65.039093,-227.655807,-30.697721,-60.103802,-153.080948,173.175873,-61.858387,248.601776,188.984024,-73.239899,339.335602,-8.769065,-72.407425,55.670376,20.684292,-81.286697,69.493347,733.084412,-26.712910
204,1.020000,44.460365,264.595184,-70.827484,266.492981,-209.345078,-72.624451,69.726761,-302.874451,-68.984863,-136.215378,-228.565125,-65.032684,-227.652374,-30.692797,-60.102577,-153.080673,173.175705,-61.867924,248.611526,188.990265,-73.229675,339.328461,-8.762395,-72.402481,55.672386,20.679070,-81.295593,69.492897,733.078491,-26.713612
205,1.025000,44.460213,264.596924,-70.815964,266.496399,-209.337997,-72.620041,69.727386,-302.879211,-68.995468,-136.212463,-228.572449,-65.038414,-227.657745,-30.698879,-60.097492,-153.072464,173.168900,-61.865772,248.614944,188.982086,-73.244087,339.333252,-8.764112,-72.407646,55.660690,20.689293,-81.271896,69.494247,733.078369,-26.708675
206,1.030000,44.454742,264.592834,-70.816002,266.498383,-209.342377,-72.631142,69.737953,-302.873718,-68.994102,-136.211746,-228.564041,-65.029045,-227.654999,-30.700266,-60.095177,-153.073181,173.176468,-61.873154,248.609406,188.989182,-73.235901,339.332214,-8.766082,-72.404785,55.659492,20.685940,-81.275261,69.492828,733.082092,-26.705675
207,1.035000,44.455307,264.592651,-70.816818,266.490448,-209.344696,-72.619949,69.729424,-302.879425,-68.993507,-136.218613,-228.567856,-65.036583,-227.652191,-30.700079,-60.101650,-153.077347,173.172714,-61.860397,248.606628,188.987732,-73.242523,339.335602,-8.758933,-72.403351,55.661926,20.686583,-81.281090,69.495300,733.078491,-26.708294
208,1.040000,44.459362,264.597229,-70.823105,266.490021,-209.344467,-72.625366,69.729622,-302.874512,-68.992485,-136.215622,-228.569717,-65.035927,-227.652832,-30.695801,-60.106030,-153.082855,173.174377,-61.863533,248.609589,188.990265,-73.237190,339.326416,-8.765069,-72.402672,55.656307,20.687254,-81.276405,69.490227,733.084595,-26.710672
209,1.045000,44.463017,264.593872,-70.825752,266.493408,-209.351562,-72.637093,69.729965,-302.867218,-68.986313,-136.211624,-228.571060,-65.037781,-227.650253,-30.696405,-60.104652,-153.075333,173.175140,-61.861893,248.608765,188.989731,-73.228348,339.333344,-8.766901,-72.415977,55.674976,20.675383,-81.291893,69.488907,733.075500,-26.704281
210,1.050000,44.457447,264.594452,-70.821716,266.491455,-209.346954,-72.621437,69.718231,-302.867950,-68.985649,-136.213242,-228.568253,-65.036293,-227.652374,-30.699596,-60.102592,-153.077774,173.173569,-61.858990,248.606689,188.988235,-73.228989,339.326019,-8.760977,-72.396835,55.667088,20.680750,-81.285583,69.491638,733.081360,-26.706556
211,1.055000,44.456558,264.601532,-70.812958,266.495575,-209.347412,-72.626816,69.731209,-302.863678,-68.985504,-136.217316,-228.566116,-65.038780,-227.653793,-30.698692,-60.102955,-153.076920,173.174179,-61.856155,248.618149,188.984619,-73.244675,339.333313,-8.768196,-72.406769,55.664165,20.688185,-81.278549,69.495071,733.079529,-26.705523
212,1.060000,44.464863,264.597504,-70.830734,266.492035,-209.343567,-72.624336,69.735611,-302.877502,-69.000854,-136.220627,-228.564743,-65.032921,-227.655823,-30.696829,-60.100449,-153.077316,173.178299,-61.866203,248.608063,188.987762,-73.236557,339.326263,-8.766263,-72.401848,55.668655,20.696350,-81.277832,69.483574,733.083862,-26.699177
213,1.065000,44.460495,264.596405,-70.826485,266.493805,-209.343872,-72.617622,69.733925,-302.873566,-68.982826,-136.208694,-228.569962,-65.038010,-227.649673,-30.694668,-60.099606,-153.078003,173.172104,-61.856907,248.607941,188.990189,-73.235100,339.336426,-8.763807,-72.406738,55.668427,20.678246,-81.290619,69.486542,733.086304,-26.716030
214,1.070000,44.458954,264.593628,-70.813248,266.491180,-209.336899,-72.620171,69.734062,-302.874725,-68.992699,-136.214935,-228.566864,-65.027679,-227.649979,-30.698915,-60.099045,-153.076782,173.177872,-61.859814,248.611298,188.991440,-73.235352,339.334869,-8.769451,-72.413948,55.663750,20.691845,-81.282448,69.489868,733.078674,-26.706345
215,1.075000,44.465336,264.601532,-70.819382,266.492706,-209.340134,-72.627647,69.725189,-302.878540,-68.992783,-136.212234,-228.566391,-65.026184,-227.651184,-30.701376,-60.106091,-153.077698,173.176086,-61.860821,248.609650,188.992447,-73.238991,339.329712,-8.765437,-72.403915,55.659237,20.686068,-81.277420,69.492958,733.076599,-26.704914
216,1.080000,44.455421,264.592194,-70.820045,266.487854,-209.343704,-72.624535,69.727371,-302.872650,-68.994553,-136.213623,-228.557571,-65.025543,-227.649994,-30.700199,-60.102833,-153.073441,173.170807,-61.865292,248.614227,188.986954,-73.238869,339.332031,-8.763964,-72.402069,55.662807,20.682745,-81.280228,69.488167,733.079834,-26.700857
217,1.085000,44.460587,264.592804,-70.827888,266.496368,-209.345505,-72.629158,69.721077,-302.866913,-68.980827,-136.215225,-228.567459,-65.033905,-227.654755,-30.697258,-60.103149,-153.080078,173.177139,-61.860779,248.605164,188.981461,-73.234520,339.330719,-8.772075,-72.407135,55.670052,20.688351,-81.274094,69.484184,733.080811,-26.700039
218,1.090000,44.462212,264.596771,-70.822632,266.494781,-209.342758,-72.624657,69.732536,-302.875244,-68.992851,-136.210663,-228.570343,-65.035927,-227.647980,-30.692043,-60.107422,-153.072311,173.177536,-61.862282,248.614258,188.987305,-73.240089,339.330292,-8.766096,-72.403732,55.660183,20.690243,-81.272957,69.483765,733.079773,-26.706646
219,1.095000,44.456223,264.600311,-70.818855,266.488739,-209.340134,-72.614067,69.730194,-302.874634,-68.986099,-136.213882,-228.569305,-65.037926,-227.653473,-30.698198,-60.105865,-153.082428,173.182068,-61.863945,248.608841,188.988647,-73.225945,339.329437,-8.762897,-72.392281,55.665756,20.691235,-81.280388,69.491005,733.083801,-26.703251
220,1.100000,44.457603,264.598236,-70.813660,266.499725,-209.342896,-72.627991,69.728989,-302.869537,-68.988327,-136.218094,-228.566772,-65.041924,-227.651611,-30.703558,-60.104309,-153.078400,173.178268,-61.863365,248.606812,188.985626,-73.232002,339.338989,-8.763556,-72.406357,55.662086,20.691683,-81.277374,69.490379,733.079285,-26.704792
221,1.105000,44.463932,264.595642,-70.821648,266.487671,-209.345520,-72.618576,69.725342,-302.876953,-68.986595,-136.215363,-228.569565,-65.044571,-227.654144,-30.701832,-60.105247,-153.083496,173.173584,-61.867840,248.614731,188.991760,-73.244553,339.334564,-8.761047,-72.413994,55.662689,20.685019,-81.277863,69.489594,733.083313,-26.709040
222,1.110000,44.462063,264.596558,-70.817375,266.494476,-209.343353,-72.623528,69.727638,-302.873108,-68.983894,-136.213898,-228.569000,-65.037331,-227.652710,-30.693785,-60.110435,-153.082581,173.174149,-61.863419,248.612595,188.988235,-73.241516,339.335419,-8.770056,-72.410439,55.663853,20.692625,-81.278656,69.490723,733.078674,-26.706717
223,1.115000,44.462914,264.594604,-70.820877,266.498840,-209.346848,-72.627861,69.722137,-302.873657,-68.990044,-136.214966,-228.567886,-65.041489,-227.652328,-30.698809,-60.111946,-153.080734,173.175049,-61.866127,248.611816,188.991119,-73.231918,339.332123,-8.764759,-72.410324,55.664993,20.685802,-81.279167,69.486519,733.080322,-26.704201
224,1.120000,44.461613,264.601776,-70.820923,266.491119,-209.342361,-72.629913,69.727760,-302.871796,-68.983688,-136.208267,-228.563431,-65.031891,-227.653183,-30.695879,-60.103207,-153.077988,173.173752,-61.862663,248.613693,188.986359,-73.233444,339.335968,-8.767316,-72.406044,55.668228,20.687944,-81.280594,69.488037,733.079834,-26.699902
225,1.125000,44.459332,264.599396,-70.805458,266.496002,-209.350250,-72.628311,69.724068,-302.863922,-68.983063,-136.213470,-228.566650,-65.032486,-227.654266,-30.702496,-60.106701,-153.081619,173.176926,-61.857655,248.611771,188.987244,-73.235672,339.336517,-8.765676,-72.413162,55.658836,20.689043,-81.280365,69.495995,733.082031,-26.705465
226,1.130000,44.459793,264.594269,-70.818001,266.490723,-209.348831,-72.628159,69.739098,-302.876312,-68.995430,-136.213745,-228.566757,-65.039673,-227.650681,-30.693590,-60.101093,-153.074738,173.172943,-61.866718,248.609192,188.989777,-73.242424,339.329315,-8.761208,-72.398987,55.667831,20.685377,-81.288246,69.489540,733.081055,-26.708021
227,1.135000,44.459160,264.600037,-70.833473,266.489319,-209.339249,-72.627693,69.726440,-302.870209,-68.990349,-136.206772,-228.567642,-65.042023,-227.655777,-30.702902,-60.100613,-153.075531,173.173447,-61.859661,248.610504,188.992279,-73.244019,339.333954,-8.760223,-72.403320,55.672058,20.690174,-81.282433,69.486572,733.087036,-26.705938
228,1.140000,44.464828,264.596863,-70.821739,266.491852,-209.343262,-72.617889,69.725029,-302.862549,-68.988426,-136.214218,-228.571121,-65.032303,-227.654419,-30.700672,-60.104179,-153.079041,173.175415,-61.864460,248.608887,188.985916,-73.232460,339.331146,-8.768758,-72.406822,55.663818,20.687641,-81.284615,69.485191,733.082825,-26.704582
229,1.145000,44.462906,264.595337,-70.823280,266.489746,-209.345032,-72.635529,69.730461,-302.867279,-68.990341,-136.217545,-228.564056,-65.032875,-227.653198,-30.701405,-60.106125,-153.075989,173.170578,-61.864410,248.609833,188.988235,-73.238655,339.327087,-8.768072,-72.404724,55.661049,20.693466,-81.280098,69.493652,733.080383,-26.704840
230,1.150000,44.463409,264.592621,-70.832092,266.494049,-209.339264,-72.619194,69.728180,-302.870972,-68.984764,-136.218262,-228.568710,-65.034088,-227.650925,-30.698895,-60.095806,-153.075760,173.177216,-61.860912,248.613358,188.986649,-73.245216,339.333221,-8.769060,-72.404289,55.661133,20.694668,-81.285362,69.491707,733.079102,-26.706886
231,1.155000,44.464157,264.596924,-70.827805,266.501465,-209.347000,-72.626541,69.727402,-302.875092,-68.989105,-136.212006,-228.567566,-65.036583,-227.655655,-30.701178,-60.108086,-153.072815,173.180771,-61.876274,248.614212,188.985687,-73.244003,339.334686,-8.770230,-72.409851,55.656891,20.695044,-81.277054,69.487587,733.084900,-26.717567
232,1.160000,44.460663,264.596527,-70.823250,266.490875,-209.345001,-72.623070,69.729141,-302.865112,-68.995674,-136.212418,-228.567215,-65.039780,-227.651001,-30.698151,-60.100433,-153.081192,173.176025,-61.866138,248.603271,188.985321,-73.229630,339.330811,-8.765824,-72.403816,55.673332,20.684376,-81.291252,69.490196,733.083191,-26.705410
233,1.165000,44.464046,264.600616,-70.826736,266.494080,-209.339233,-72.624481,69.731987,-302.872284,-68.988518,-136.213104,-228.567902,-65.033173,-227.655670,-30.698540,-60.102501,-153.078400,173.173676,-61.866215,248.605759,188.988220,-73.237747,339.335938,-8.763785,-72.416153,55.665859,20.688017,-81.286606,69.489304,733.079529,-26.709410
234,1.170000,44.456921,264.597412,-70.817291,266.496796,-209.344376,-72.625679,69.733131,-302.875580,-68.992088,-136.212555,-228.560791,-65.031631,-227.653931,-30.695599,-60.095524,-153.078049,173.173874,-61.864868,248.612564,188.991287,-73.232529,339.331818,-8.771364,-72.410980,55.665714,20.689297,-81.279282,69.490593,733.078613,-26.702126
235,1.175000,44.466938,264.593140,-70.822899,266.491577,-209.345520,-72.634460,69.734154,-302.875946,-68.998848,-136.213150,-228.563797,-65.032845,-227.653854,-30.697298,-60.108051,-153.075546,173.174194,-61.864819,248.611496,188.987778,-73.245651,339.329071,-8.762618,-72.407829,55.676815,20.684526,-81.289536,69.493935,733.078430,-26.712782
236,1.180000,44.463409,264.596802,-70.824036,266.495636,-209.343109,-72.620125,69.725540,-302.869171,-68.988564,-136.213867,-228.565201,-65.035988,-227.655151,-30.696005,-60.105354,-153.075226,173.175644,-61.864910,248.613220,188.991714,-73.243515,339.335571,-8.763152,-72.411285,55.672871,20.688097,-81.292725,69.492134,733.082031,-26.706316
237,1.185000,44.463383,264.598663,-70.831856,266.494385,-209.343384,-72.625015,69.725876,-302.872681,-68.994064,-136.211792,-228.564758,-65.029831,-227.650330,-30.698742,-60.105572,-153.072144,173.174103,-61.872608,248.612137,188.987411,-73.243393,339.336365,-8.766237,-72.413773,55.664013,20.694498,-81.279442,69.493477,733.088135,-26.708429
238,1.190000,44.456570,264.596710,-70.817787,266.490692,-209.343979,-72.620407,69.731804,-302.870422,-68.987595,-136.213196,-228.566376,-65.035088,-227.653763,-30.701532,-60.104156,-153.078659,173.177307,-61.864754,248.613190,188.987854,-73.247780,339.331116,-8.766416,-72.405891,55.663231,20.694185,-81.278908,69.483910,733.075745,-26.702662
239,1.195000,44.458599,264.596863,-70.813057,266.498840,-209.346603,-72.636711,69.730865,-302.872803,-68.988747,-136.210449,-228.569199,-65.038734,-227.652924,-30.699562,-60.102329,-153.073471,173.176346,-61.859131,248.608582,188.990128,-73.235863,339.330566,-8.762499,-72.406761,55.668758,20.683311,-81.284828,69.490868,733.079895,-26.707928
240,1.200000,44.457832,264.598572,-70.813416,266.495209,-209.342697,-72.632149,69.726562,-302.869141,-68.988495,-136.211746,-228.568680,-65.037704,-227.653046,-30.693401,-60.102436,-153.074509,173.184128,-61.855473,248.614532,188.988419,-73.234718,339.337585,-8.767200,-72.415756,55.663727,20.686964,-81.284103,69.492760,733.079346,-26.716242
241,1.205000,44.457886,264.594727,-70.821175,266.494141,-209.346405,-72.634804,69.736488,-302.878571,-68.999718,-136.212051,-228.562256,-65.032494,-227.660187,-30.696243,-60.101536,-153.076859,173.174271,-61.858639,248.606918,188.994354,-73.236565,339.338806,-8.766403,-72.412056,55.675262,20.682426,-81.289482,69.486778,733.078430,-26.701973
242,1.210000,44.465267,264.600800,-70.823662,266.495514,-209.346466,-72.630829,69.734123,-302.874756,-68.988838,-136.208069,-228.566360,-65.034515,-227.656464,-30.700939,-60.109043,-153.081009,173.176849,-61.861988,248.608810,188.988892,-73.230095,339.338562,-8.768744,-72.415207,55.665413,20.693720,-81.291054,69.491707,733.080200,-26.705965
243,1.215000,44.459778,264.593964,-70.823891,266.498383,-209.345154,-72.632927,69.740196,-302.876740,-68.992737,-136.213028,-228.567657,-65.038437,-227.653183,-30.700270,-60.100613,-153.079514,173.177185,-61.862034,248.611298,188.990341,-73.245476,339.336395,-8.765327,-72.412071,55.665470,20.689001,-81.289528,69.489983,733.081787,-26.705750
244,1.220000,44.463852,264.596619,-70.818672,266.492218,-209.346771,-72.620964,69.732819,-302.871124,-68.993614,-136.209625,-228.564514,-65.027939,-227.655945,-30.701935,-60.107647,-153.074493,173.172089,-61.858646,248.613571,188.987488,-73.238914,339.333282,-8.760957,-72.409279,55.667130,20.691166,-81.271889,69.492119,733.077087,-26.702576
245,1.225000,44.457352,264.593201,-70.815384,266.498962,-209.342697,-72.633041,69.723213,-302.869354,-68.991119,-136.215485,-228.569214,-65.043098,-227.653030,-30.690754,-60.105526,-153.072403,173.176758,-61.862526,248.614151,188.989975,-73.240692,339.338745,-8.761507,-72.407585,55.660877,20.682211,-81.284760,69.488373,733.086426,-26.705959
246,1.230000,44.467945,264.599426,-70.818893,266.496216,-209.344406,-72.626587,69.726860,-302.874878,-68.987602,-136.209824,-228.569717,-65.041199,-227.657501,-30.699507,-60.090401,-153.075363,173.175262,-61.870255,248.614212,188.987854,-73.238861,339.337799,-8.764742,-72.415192,55.666027,20.686239,-81.284683,69.488945,733.081116,-26.698305
247,1.235000,44.464760,264.593414,-70.828941,266.493256,-209.344742,-72.636116,69.724792,-302.871460,-68.983719,-136.217026,-228.564285,-65.035156,-227.653976,-30.696518,-60.106556,-153.082596,173.177704,-61.855072,248.610291,188.993820,-73.246696,339.332245,-8.763987,-72.408592,55.660866,20.688566,-81.274361,69.487488,733.082764,-26.708750
248,1.240000,44.461704,264.596924,-70.820694,266.495941,-209.347046,-72.632545,69.731171,-302.874756,-68.993011,-136.213882,-228.563217,-65.027077,-227.653336,-30.698400,-60.098755,-153.078751,173.174133,-61.870876,248.615692,188.989609,-73.232101,339.330383,-8.762705,-72.400841,55.665260,20.692837,-81.278168,69.486069,733.079529,-26.709637
249,1.245000,44.459305,264.599701,-70.825470,266.493439,-209.341385,-72.623192,69.730553,-302.877075,-68.988823,-136.213013,-228.566162,-65.043663,-227.652649,-30.700640,-60.100807,-153.078415,173.173813,-61.863995,248.612671,188.984512,-73.246078,339.338470,-8.757650,-72.404457,55.671371,20.687063,-81.285347,69.492332,733.073669,-26.714693
250,1.250000,44.457779,264.600098,-70.811859,266.492493,-209.350159,-72.630699,69.735031,-302.875000,-68.991699,-136.210800,-228.562378,-65.024567,-227.648300,-30.704281,-60.109051,-153.079819,173.175613,-61.856602,248.612061,188.992416,-73.232506,339.338623,-8.765153,-72.406700,55.667313,20.690939,-81.275749,69.488007,733.083984,-26.703207
251,1.255000,44.463585,264.597260,-70.828751,266.495392,-209.346542,-72.627052,69.726402,-302.874359,-68.989960,-136.213776,-228.568787,-65.040154,-227.654999,-30.699776,-60.102032,-153.077255,173.168259,-61.863358,248.610214,188.985641,-73.239388,339.332397,-8.760600,-72.406059,55.664326,20.689102,-81.280525,69.495949,733.079956,-26.708435
252,1.260000,44.464745,264.593964,-70.825424,266.496765,-209.343216,-72.636261,69.732742,-302.873505,-68.987007,-136.210129,-228.565948,-65.040779,-227.651993,-30.698526,-60.098679,-153.083435,173.170349,-61.868160,248.610748,188.987488,-73.236504,339.331940,-8.763845,-72.410294,55.661346,20.687805,-81.279381,69.493195,733.079102,-26.697718
253,1.265000,44.462883,264.599060,-70.823120,266.497925,-209.342651,-72.629356,69.730812,-302.871826,-68.990845,-136.217239,-228.568024,-65.039154,-227.650803,-30.700050,-60.105900,-153.084061,173.171432,-61.867611,248.615112,188.985352,-73.247864,339.339935,-8.763680,-72.415085,55.664089,20.693762,-81.285179,69.489319,733.081299,-26.716877
254,1.270000,44.461830,264.599030,-70.821442,266.493195,-209.350769,-72.634811,69.727623,-302.872894,-68.988335,-136.213623,-228.571869,-65.038223,-227.653107,-30.698231,-60.098202,-153.081406,173.179001,-61.850086,248.608994,188.993240,-73.236252,339.337830,-8.763122,-72.403198,55.658966,20.692440,-81.270477,69.493546,733.084351,-26.706711
255,1.275000,44.464710,264.598022,-70.820038,266.491028,-209.346146,-72.629608,69.725578,-302.874237,-68.993927,-136.214676,-228.567551,-65.041763,-227.652069,-30.696648,-60.102165,-153.079926,173.174225,-61.869339,248.611649,188.990021,-73.236389,339.335052,-8.769495,-72.413681,55.661728,20.692146,-81.288773,69.488853,733.073792,-26.707624
256,1.280000,44.457573,264.594849,-70.816292,266.489288,-209.342010,-72.621880,69.740051,-302.879333,-68.996094,-136.212570,-228.567184,-65.032051,-227.653076,-30.696262,-60.106945,-153.082153,173.181900,-61.859753,248.614594,188.993774,-73.232971,339.337646,-8.767090,-72.413399,55.664883,20.689411,-81.283249,69.492767,733.084351,-26.701811
257,1.285000,44.459362,264.597015,-70.823822,266.495544,-209.342224,-72.627319,69.730652,-302.868683,-68.981529,-136.215851,-228.564255,-65.028725,-227.649445,-30.697142,-60.104721,-153.070404,173.176605,-61.860588,248.615524,188.982529,-73.250244,339.335541,-8.767311,-72.421036,55.665939,20.690271,-81.286430,69.490532,733.076355,-26.697937
258,1.290000,44.457375,264.593658,-70.819809,266.496094,-209.346573,-72.640732,69.737274,-302.867462,-68.990845,-136.211380,-228.569885,-65.029915,-227.648865,-30.699759,-60.105080,-153.081116,173.173203,-61.865005,248.614609,188.988602,-73.240181,339.334534,-8.761593,-72.409859,55.666145,20.694340,-81.293701,69.492485,733.081726,-26.711557
259,1.295000,44.462173,264.596405,-70.822166,266.494934,-209.347534,-72.629883,69.735313,-302.881165,-69.001579,-136.209167,-228.567230,-65.041275,-227.651611,-30.700483,-60.094994,-153.074722,173.172256,-61.859211,248.610992,188.986816,-73.229126,339.333771,-8.767570,-72.406090,55.662952,20.691738,-81.273483,69.492317,733.076416,-26.713144
260,1.300000,44.461895,264.591248,-70.820534,266.500488,-209.344406,-72.629745,69.730377,-302.875031,-68.988419,-136.209763,-228.560455,-65.043449,-227.650970,-30.701674,-60.114929,-153.073318,173.182373,-61.861614,248.607544,188.989578,-73.240585,339.337036,-8.765697,-72.411362,55.661770,20.683071,-81.283691,69.488609,733.086914,-26.704405
261,1.305000,44.467590,264.598999,-70.821960,266.495361,-209.340424,-72.630447,69.737083,-302.872009,-68.989113,-136.209961,-228.569580,-65.046471,-227.654388,-30.698225,-60.105350,-153.076630,173.181412,-61.857983,248.615845,188.987473,-73.244629,339.337280,-8.767731,-72.415535,55.670452,20.689627,-81.291534,69.491188,733.084778,-26.708122
262,1.310000,44.459827,264.598450,-70.820282,266.495361,-209.343369,-72.625763,69.731575,-302.866608,-68.985802,-136.216339,-228.564423,-65.037231,-227.651901,-30.695295,-60.104828,-153.075546,173.173553,-61.863335,248.612030,188.983597,-73.240150,339.336334,-8.763632,-72.407928,55.664070,20.690895,-81.278999,69.489120,733.081177,-26.705225
263,1.315000,44.460648,264.598816,-70.823448,266.492920,-209.348267,-72.626732,69.738861,-302.875885,-68.994232,-136.211914,-228.568100,-65.041229,-227.649033,-30.698347,-60.111794,-153.074158,173.178680,-61.867706,248.612640,188.990570,-73.233620,339.339355,-8.770701,-72.411858,55.664028,20.682438,-81.277367,69.494553,733.079163,-26.698215
264,1.320000,44.462330,264.600220,-70.825012,266.495575,-209.343994,-72.625092,69.735382,-302.875000,-68.982407,-136.213806,-228.563370,-65.033028,-227.651367,-30.696514,-60.106564,-153.076492,173.175537,-61.875172,248.614944,188.982346,-73.234245,339.334503,-8.767628,-72.415268,55.661137,20.686239,-81.279755,69.490753,733.082214,-26.707012
265,1.325000,44.459854,264.596832,-70.814888,266.494507,-209.344193,-72.633255,69.736580,-302.868225,-68.985954,-136.211121,-228.566223,-65.043228,-227.651306,-30.694555,-60.101990,-153.081696,173.174805,-61.863796,248.614578,188.991791,-73.233177,339.340363,-8.756161,-72.410278,55.666924,20.693459,-81.282059,69.492958,733.079651,-26.708841
266,1.330000,44.462517,264.596161,-70.828629,266.495026,-209.343887,-72.631912,69.726227,-302.865875,-68.983559,-136.209946,-228.567917,-65.045769,-227.649109,-30.697279,-60.105427,-153.078247,173.178040,-61.869877,248.613403,188.990326,-73.244820,339.340820,-8.767816,-72.416794,55.668201,20.692810,-81.282776,69.492477,733.080750,-26.703833
267,1.335000,44.460724,264.601379,-70.821503,266.492706,-209.343872,-72.622223,69.727661,-302.877350,-68.995552,-136.210953,-228.569290,-65.036667,-227.653061,-30.701967,-60.109375,-153.076859,173.176712,-61.873867,248.610489,188.986282,-73.238350,339.336365,-8.768141,-72.410362,55.667656,20.685228,-81.292152,69.489998,733.084534,-26.704487
268,1.340000,44.461712,264.600037,-70.820511,266.492615,-209.344833,-72.627693,69.733963,-302.867126,-68.988335,-136.218048,-228.563385,-65.029030,-227.650955,-30.697437,-60.104912,-153.076782,173.180405,-61.857964,248.623062,188.988052,-73.248001,339.335602,-8.769351,-72.400177,55.661324,20.691832,-81.279320,69.492020,733.079407,-26.704519
269,1.345000,44.463814,264.601410,-70.819664,266.494720,-209.342072,-72.634621,69.738281,-302.873016,-68.989456,-136.212845,-228.562515,-65.033257,-227.651917,-30.697006,-60.099895,-153.081299,173.179428,-61.861256,248.611176,188.994400,-73.229469,339.337189,-8.765595,-72.411385,55.661324,20.691011,-81.280182,69.490318,733.075684,-26.701838
270,1.350000,44.453487,264.598328,-70.814514,266.495728,-209.340836,-72.618568,69.744545,-302.880524,-69.005714,-136.210175,-228.564514,-65.033119,-227.650909,-30.697063,-60.098583,-153.070114,173.177078,-61.862000,248.608368,188.990891,-73.235497,339.337677,-8.767267,-72.411049,55.663021,20.691637,-81.275749,69.497520,733.079285,-26.704147
271,1.355000,44.460930,264.599579,-70.820992,266.497864,-209.349457,-72.636574,69.744072,-302.888245,-68.997879,-136.218262,-228.569992,-65.036926,-227.650238,-30.707241,-60.112114,-153.083054,173.176941,-61.873356,248.611145,188.989899,-73.238617,339.336121,-8.768538,-72.404930,55.666157,20.688303,-81.287743,69.490799,733.081360,-26.707531
272,1.360000,44.467102,264.598450,-70.824936,266.495056,-209.346542,-72.627533,69.737549,-302.871826,-68.985924,-136.218628,-228.567932,-65.036469,-227.652222,-30.698385,-60.105484,-153.076019,173.173767,-61.861168,248.607346,188.993134,-73.240646,339.337494,-8.766841,-72.419998,55.661114,20.689306,-81.279114,69.497169,733.078247,-26.705006
273,1.365000,44.467052,264.604095,-70.815300,266.498932,-209.342316,-72.636215,69.731911,-302.876556,-68.990311,-136.211670,-228.563965,-65.034981,-227.651474,-30.702190,-60.107952,-153.078812,173.175049,-61.857594,248.612640,188.988129,-73.241783,339.342163,-8.764220,-72.418266,55.668911,20.684580,-81.287048,69.489853,733.082947,-26.701368
274,1.370000,44.467339,264.595215,-70.827049,266.492249,-209.345306,-72.629051,69.734657,-302.872864,-68.992744,-136.215927,-228.561401,-65.029755,-227.651535,-30.696995,-60.106361,-153.076355,173.176132,-61.870586,248.613342,188.989716,-73.231361,339.332123,-8.765243,-72.408966,55.680973,20.684612,-81.290733,69.490273,733.079834,-26.711544
275,1.375000,44.459385,264.600616,-70.817955,266.492035,-209.345245,-72.633003,69.740051,-302.877869,-69.004219,-136.211792,-228.563339,-65.032013,-227.654846,-30.700867,-60.110302,-153.076645,173.175690,-61.862766,248.609207,188.988739,-73.231194,339.332214,-8.761811,-72.411034,55.672382,20.688175,-81.290634,69.491417,733.078369,-26.710094
276,1.380000,44.462624,264.597809,-70.821869,266.494476,-209.341080,-72.623985,69.725937,-302.871094,-68.990738,-136.217453,-228.565842,-65.036430,-227.651489,-30.692440,-60.108097,-153.073212,173.180222,-61.855236,248.607742,188.989426,-73.242142,339.333588,-8.762691,-72.402969,55.671192,20.686602,-81.288803,69.490227,733.078735,-26.708086
277,1.385000,44.463070,264.600830,-70.829285,266.492310,-209.338379,-72.625305,69.739601,-302.883545,-68.999985,-136.213608,-228.568039,-65.034492,-227.653961,-30.693499,-60.109356,-153.081451,173.173965,-61.865330,248.608826,188.983841,-73.239258,339.333649,-8.766060,-72.408432,55.673035,20.689743,-81.286690,69.493118,733.082703,-26.710127
278,1.390000,44.459641,264.599426,-70.824509,266.490692,-209.343018,-72.622818,69.732704,-302.876862,-68.992393,-136.211411,-228.569107,-65.026184,-227.651993,-30.698408,-60.101727,-153.081711,173.179413,-61.864136,248.611740,188.989655,-73.236107,339.332977,-8.762128,-72.399498,55.672604,20.684120,-81.293144,69.488342,733.079163,-26.709644
279,1.395000,44.464066,264.604126,-70.820358,266.495453,-209.336777,-72.620590,69.739929,-302.879150,-68.994255,-136.207443,-228.571259,-65.041695,-227.652252,-30.695707,-60.103004,-153.077454,173.177475,-61.867580,248.614014,188.988434,-73.243217,339.341095,-8.771955,-72.409569,55.665154,20.684721,-81.290726,69.491646,733.077698,-26.702045
280,1.400000,44.465149,264.600891,-70.821739,266.490540,-209.344193,-72.629318,69.730865,-302.864532,-68.988403,-136.207993,-228.565689,-65.032036,-227.646011,-30.699259,-60.101978,-153.081650,173.173309,-61.867691,248.608765,188.991974,-73.243965,339.338745,-8.764201,-72.412788,55.665806,20.687756,-81.292297,69.492744,733.074402,-26.699255
281,1.405000,44.466534,264.597290,-70.823196,266.494141,-209.343369,-72.632515,69.734512,-302.874512,-68.989273,-136.216156,-228.567261,-65.025436,-227.655090,-30.699207,-60.106720,-153.076370,173.172379,-61.862602,248.621918,188.987061,-73.236732,339.332367,-8.760285,-72.402054,55.663296,20.689993,-81.279388,69.488876,733.083923,-26.705700
282,1.410000,44.462856,264.601746,-70.817337,266.488678,-209.344742,-72.629463,69.735092,-302.874878,-68.989838,-136.209747,-228.563263,-65.038521,-227.654099,-30.693565,-60.097664,-153.077484,173.171478,-61.873306,248.611252,188.985672,-73.241180,339.336945,-8.766699,-72.408821,55.667473,20.687912,-81.292480,69.493713,733.085815,-26.716862
283,1.415000,44.464481,264.596191,-70.819748,266.495209,-209.336517,-72.620956,69.740082,-302.884338,-68.992607,-136.211121,-228.569611,-65.035271,-227.652069,-30.698513,-60.099937,-153.078262,173.175079,-61.859600,248.611008,188.989059,-73.234306,339.344513,-8.766439,-72.409157,55.672092,20.689228,-81.290710,69.492599,733.085815,-26.709799
284,1.420000,44.467003,264.597473,-70.829720,266.498291,-209.346375,-72.628181,69.735153,-302.877289,-68.995163,-136.207932,-228.567169,-65.038078,-227.652786,-30.697933,-60.106880,-153.076508,173.174576,-61.869911,248.613083,188.984955,-73.243477,339.335876,-8.762062,-72.410835,55.668747,20.690012,-81.286896,69.491127,733.083008,-26.707726
285,1.425000,44.462448,264.598907,-70.830475,266.494202,-209.349686,-72.637268,69.737015,-302.880524,-68.997368,-136.213898,-228.561020,-65.025749,-227.656509,-30.694036,-60.098751,-153.084137,173.179993,-61.868927,248.605865,188.984909,-73.235077,339.334839,-8.763930,-72.410164,55.667133,20.691845,-81.278099,69.494156,733.076233,-26.707920
286,1.430000,44.462711,264.601562,-70.829765,266.493500,-209.341949,-72.627357,69.739502,-302.880981,-68.990822,-136.213898,-228.565552,-65.037270,-227.652527,-30.695103,-60.096973,-153.069855,173.179810,-61.870663,248.609756,188.987305,-73.234314,339.333649,-8.765812,-72.406891,55.668491,20.687363,-81.292625,69.490715,733.081360,-26.708529
287,1.435000,44.465176,264.595886,-70.826431,266.494110,-209.338394,-72.627014,69.734917,-302.875854,-68.997368,-136.212173,-228.572281,-65.038712,-227.653488,-30.696453,-60.110844,-153.071259,173.174942,-61.855728,248.612961,188.979095,-73.244125,339.333557,-8.764542,-72.405067,55.670143,20.680258,-81.292526,69.489525,733.082825,-26.710701
288,1.440000,44.465851,264.601776,-70.819000,266.500397,-209.342331,-72.639275,69.736710,-302.875458,-68.996780,-136.212799,-228.567444,-65.035492,-227.651123,-30.697748,-60.106541,-153.073685,173.182449,-61.861744,248.609924,188.988617,-73.233910,339.339264,-8.761665,-72.409271,55.665134,20.692644,-81.278084,69.493721,733.076599,-26.719362
289,1.445000,44.462715,264.598663,-70.826973,266.494324,-209.345047,-72.636963,69.740189,-302.880219,-68.994453,-136.213593,-228.566086,-65.041069,-227.650055,-30.697918,-60.104992,-153.078308,173.178070,-61.863567,248.614197,188.981781,-73.242432,339.332733,-8.760355,-72.399727,55.657398,20.695971,-81.281525,69.495735,733.083435,-26.704689
290,1.450000,44.464348,264.601166,-70.823486,266.491119,-209.339493,-72.630104,69.735832,-302.872223,-68.996552,-136.213821,-228.566483,-65.034645,-227.648087,-30.697741,-60.109417,-153.075729,173.170593,-61.869591,248.609970,188.986954,-73.231979,339.332062,-8.763906,-72.406815,55.673679,20.686195,-81.281975,69.487030,733.080750,-26.711185
291,1.455000,44.460632,264.594208,-70.823700,266.494568,-209.342316,-72.632584,69.742874,-302.877930,-68.997978,-136.209671,-228.571960,-65.043571,-227.651657,-30.699955,-60.102470,-153.075684,173.176895,-61.865486,248.608261,188.991257,-73.228989,339.329651,-8.763298,-72.400833,55.670902,20.691048,-81.280106,69.488907,733.079163,-26.709572
292,1.460000,44.462151,264.598206,-70.818352,266.487488,-209.343185,-72.624039,69.734749,-302.876648,-68.983833,-136.214615,-228.566254,-65.032249,-227.653137,-30.697796,-60.098660,-153.072327,173.176544,-61.862141,248.610764,188.984467,-73.237694,339.334717,-8.759274,-72.406494,55.673397,20.687952,-81.278984,69.493019,733.079163,-26.705782
293,1.465000,44.464523,264.598785,-70.829643,266.491882,-209.341278,-72.622696,69.741096,-302.867310,-68.986427,-136.214630,-228.569611,-65.032593,-227.654907,-30.697947,-60.104095,-153.076767,173.180374,-61.871254,248.613708,188.984848,-73.238770,339.329712,-8.760463,-72.404060,55.666229,20.693209,-81.282684,69.493683,733.081482,-26.700953
294,1.470000,44.460678,264.600922,-70.823715,266.492645,-209.343216,-72.631958,69.733833,-302.872345,-68.992966,-136.214371,-228.565735,-65.035530,-227.657196,-30.701038,-60.101650,-153.073944,173.175385,-61.867676,248.613632,188.985352,-73.238266,339.331848,-8.765194,-72.406952,55.670483,20.691299,-81.278458,69.490265,733.080750,-26.695709
295,1.475000,44.466007,264.599091,-70.831093,266.495117,-209.345886,-72.640694,69.742012,-302.870850,-68.988235,-136.212875,-228.559753,-65.026825,-227.648483,-30.701254,-60.095322,-153.076660,173.173813,-61.865589,248.617035,188.990189,-73.247787,339.334595,-8.763906,-72.399765,55.674076,20.687496,-81.286537,69.495682,733.081360,-26.708891
296,1.480000,44.462650,264.596924,-70.819595,266.490753,-209.338806,-72.624672,69.734444,-302.878906,-68.993088,-136.214737,-228.569031,-65.035759,-227.651367,-30.697603,-60.106434,-153.072433,173.177216,-61.870888,248.614746,188.987900,-73.236488,339.335327,-8.758959,-72.405716,55.671318,20.695984,-81.279869,69.494720,733.082397,-26.705587
297,1.485000,44.463333,264.596497,-70.822723,266.493713,-209.343109,-72.630898,69.743584,-302.883087,-68.999184,-136.208130,-228.567657,-65.034004,-227.654449,-30.699404,-60.106049,-153.072235,173.179321,-61.867409,248.606689,188.984207,-73.237015,339.333099,-8.763613,-72.406296,55.675682,20.687325,-81.293480,69.493462,733.076904,-26.705042
298,1.490000,44.460232,264.597504,-70.821114,266.496643,-209.341446,-72.622017,69.744751,-302.870270,-69.000816,-136.207932,-228.566025,-65.027374,-227.655075,-30.691288,-60.101624,-153.076981,173.176712,-61.865356,248.617004,188.986771,-73.240845,339.334808,-8.769017,-72.412392,55.674435,20.690491,-81.287277,69.493279,733.081726,-26.704597
299,1.495000,44.463257,264.601349,-70.827957,266.497040,-209.340210,-72.643501,69.736397,-302.878143,-68.991066,-136.211792,-228.570694,-65.032074,-227.651840,-30.699064,-60.099899,-153.077805,173.171768,-61.864506,248.610580,188.986542,-73.236076,339.332672,-8.769698,-72.408394,55.673534,20.684601,-81.284462,69.494980,733.078979,-26.713192
300,1.500000,44.465031,264.597412,-70.826019,266.492340,-209.340530,-72.625366,69.738380,-302.875458,-68.993179,-136.203384,-228.565872,-65.037750,-227.653931,-30.694735,-60.104469,-153.075363,173.172562,-61.873100,248.616196,188.985886,-73.236206,339.331940,-8.764047,-72.411804,55.671249,20.691996,-81.288193,69.493973,733.084839,-26.705467
301,1.505000,44.465096,264.599182,-70.816589,266.491943,-209.345169,-72.621002,69.732193,-302.867920,-68.982178,-136.213348,-228.563873,-65.032890,-227.653610,-30.696154,-60.102619,-153.074173,173.175323,-61.869492,248.610413,188.987747,-73.240959,339.329498,-8.766748,-72.408943,55.674789,20.683178,-81.290199,69.494957,733.080872,-26.706053
302,1.510000,44.464294,264.600616,-70.828918,266.496399,-209.344620,-72.636482,69.738739,-302.869568,-68.992447,-136.207962,-228.568710,-65.038734,-227.651764,-30.701702,-60.099964,-153.073135,173.172974,-61.866707,248.615417,188.986221,-73.231865,339.329407,-8.760935,-72.400406,55.671242,20.691711,-81.288078,69.500839,733.079834,-26.716476
303,1.515000,44.467609,264.599609,-70.825821,266.489563,-209.342621,-72.633606,69.737778,-302.877228,-68.990852,-136.212021,-228.567596,-65.033157,-227.652298,-30.696041,-60.101665,-153.076157,173.179199,-61.862389,248.615067,188.984863,-73.239899,339.333252,-8.766582,-72.417114,55.678486,20.687536,-81.293640,69.496490,733.085693,-26.714603
304,1.520000,44.471409,264.598480,-70.825912,266.497192,-209.342667,-72.634560,69.734406,-302.863953,-68.980064,-136.212570,-228.562973,-65.028793,-227.650482,-30.695501,-60.102066,-153.078171,173.176361,-61.863537,248.613144,188.985245,-73.237915,339.333405,-8.767519,-72.406059,55.666199,20.693045,-81.280586,69.492981,733.079895,-26.711407
305,1.525000,44.461391,264.594910,-70.811241,266.493744,-209.341522,-72.631699,69.738457,-302.874573,-68.992844,-136.209457,-228.567505,-65.029991,-227.655670,-30.705647,-60.105427,-153.080307,173.174088,-61.866951,248.610504,188.988266,-73.237030,339.333710,-8.766436,-72.401321,55.676384,20.679386,-81.294533,69.495682,733.084900,-26.712574
306,1.530000,44.466949,264.598358,-70.820885,266.494812,-209.342789,-72.628784,69.740639,-302.878418,-68.991234,-136.213760,-228.566437,-65.031548,-227.652496,-30.697170,-60.103035,-153.068039,173.178482,-61.856300,248.608398,188.989807,-73.236145,339.332550,-8.765429,-72.400452,55.668682,20.689283,-81.284317,69.496231,733.075928,-26.711657
307,1.535000,44.465446,264.594757,-70.817505,266.493744,-209.340836,-72.629990,69.738670,-302.874756,-68.994583,-136.215744,-228.564896,-65.028130,-227.649109,-30.695904,-60.106682,-153.075439,173.177948,-61.862915,248.614014,188.980530,-73.240509,339.329926,-8.765549,-72.397827,55.675282,20.683517,-81.293556,69.491302,733.082764,-26.706232
308,1.540000,44.462448,264.600494,-70.814522,266.492310,-209.350067,-72.636147,69.735939,-302.873322,-68.988602,-136.214325,-228.568420,-65.036736,-227.657333,-30.695393,-60.104195,-153.075470,173.177231,-61.862019,248.604095,188.988831,-73.237213,339.329895,-8.766237,-72.407257,55.670910,20.681671,-81.301529,69.497902,733.077515,-26.710920
309,1.545000,44.465107,264.594543,-70.832047,266.492432,-209.343643,-72.630943,69.738678,-302.878662,-68.988312,-136.215317,-228.563934,-65.041389,-227.649338,-30.695784,-60.108463,-153.075699,173.174683,-61.863815,248.612930,188.982468,-73.235435,339.334381,-8.761157,-72.406189,55.672230,20.688349,-81.293556,69.493774,733.077942,-26.705303
310,1.550000,44.462814,264.597687,-70.821976,266.491547,-209.341156,-72.621140,69.737625,-302.873871,-68.989067,-136.215210,-228.569778,-65.030350,-227.647812,-30.699749,-60.113319,-153.077072,173.178391,-61.872505,248.613434,188.981232,-73.238159,339.333893,-8.767570,-72.403931,55.665222,20.694365,-81.285141,69.493187,733.083191,-26.701704
311,1.555000,44.465542,264.592194,-70.812767,266.492828,-209.344391,-72.628990,69.737823,-302.874420,-68.991043,-136.206100,-228.566528,-65.031693,-227.653992,-30.695841,-60.103706,-153.076126,173.177399,-61.862247,248.609512,188.987442,-73.239876,339.333801,-8.767029,-72.402794,55.670139,20.686745,-81.278519,69.491959,733.083801,-26.712349
312,1.560000,44.463215,264.592346,-70.821609,266.490509,-209.340042,-72.628296,69.737061,-302.874054,-68.994202,-136.214081,-228.560730,-65.021957,-227.655716,-30.698235,-60.103905,-153.075851,173.173706,-61.867962,248.614258,188.991425,-73.236404,339.328552,-8.763436,-72.401108,55.679321,20.687222,-81.291756,69.491241,733.081726,-26.707018
313,1.565000,44.464123,264.596649,-70.822357,266.492493,-209.345276,-72.642349,69.738960,-302.870697,-68.997955,-136.213669,-228.570969,-65.037170,-227.648468,-30.699678,-60.109451,-153.072021,173.178467,-61.867210,248.614670,188.984436,-73.245728,339.330719,-8.765438,-72.405037,55.668114,20.691494,-81.281403,69.492958,733.079773,-26.705284
314,1.570000,44.463512,264.599854,-70.817329,266.488953,-209.343124,-72.624802,69.740417,-302.870728,-68.983040,-136.214340,-228.563019,-65.040451,-227.651077,-30.701029,-60.106476,-153.075302,173.174545,-61.864777,248.609818,188.986176,-73.239761,339.331268,-8.769930,-72.415398,55.676098,20.685328,-81.291931,69.491364,733.081726,-26.709692
315,1.575000,44.460693,264.597504,-70.809212,266.493469,-209.343674,-72.626282,69.735634,-302.872009,-68.983665,-136.211273,-228.566345,-65.035378,-227.655106,-30.696114,-60.099869,-153.075806,173.176071,-61.858990,248.616272,188.983765,-73.238403,339.339325,-8.769375,-72.415573,55.673115,20.688828,-81.280502,69.496735,733.079895,-26.702597
316,1.580000,44.463120,264.596741,-70.822182,266.489166,-209.351349,-72.633530,69.740227,-302.883789,-68.996323,-136.215820,-228.562729,-65.036751,-227.652435,-30.698483,-60.108494,-153.075287,173.176743,-61.858700,248.612701,188.987854,-73.234383,339.333130,-8.760260,-72.396683,55.666847,20.688553,-81.273232,69.494934,733.078064,-26.711084
317,1.585000,44.458496,264.595856,-70.824303,266.491730,-209.334900,-72.619484,69.738266,-302.875336,-68.998894,-136.205734,-228.565125,-65.044937,-227.649002,-30.702330,-60.104412,-153.079315,173.180695,-61.861313,248.618759,188.988098,-73.239532,339.333130,-8.767476,-72.409462,55.678219,20.690399,-81.283722,69.494537,733.077454,-26.715572
318,1.590000,44.467701,264.598358,-70.828224,266.490051,-209.339584,-72.624680,69.740448,-302.879608,-68.995346,-136.214172,-228.568085,-65.028557,-227.649780,-30.697624,-60.103470,-153.072403,173.175003,-61.868652,248.615417,188.987625,-73.243858,339.332031,-8.766600,-72.411385,55.664345,20.686447,-81.283730,69.494026,733.082336,-26.710485
319,1.595000,44.462822,264.595764,-70.826591,266.489532,-209.340164,-72.627640,69.742584,-302.876923,-68.991020,-136.207825,-228.571472,-65.037399,-227.653061,-30.699476,-60.103687,-153.081726,173.173935,-61.870266,248.612564,188.980133,-73.242088,339.329468,-8.762188,-72.401375,55.673466,20.682833,-81.284271,69.489906,733.082703,-26.708200
320,1.600000,44.462185,264.601501,-70.822403,266.498047,-209.344604,-72.630226,69.743538,-302.877869,-68.989944,-136.209244,-228.568771,-65.040993,-227.647659,-30.701569,-60.103981,-153.079056,173.173111,-61.860931,248.608780,188.983292,-73.243187,339.335480,-8.763233,-72.401756,55.665329,20.693249,-81.283333,69.494652,733.078979,-26.704882
321,1.605000,44.461441,264.596802,-70.819527,266.491974,-209.340439,-72.620209,69.731224,-302.867249,-68.988380,-136.211990,-228.560791,-65.026718,-227.653839,-30.695078,-60.106869,-153.078415,173.172134,-61.875137,248.607895,188.991104,-73.236122,339.332611,-8.766765,-72.403946,55.666382,20.691347,-81.278465,69.490219,733.082092,-26.699951
322,1.610000,44.461647,264.599182,-70.816422,266.489990,-209.344360,-72.629791,69.739792,-302.875885,-68.986656,-136.207626,-228.567886,-65.038246,-227.652893,-30.702232,-60.108337,-153.082321,173.176392,-61.866665,248.613190,188.984222,-73.232895,339.331299,-8.762103,-72.402229,55.665810,20.694103,-81.284706,69.496269,733.077087,-26.703400
323,1.615000,44.465073,264.596039,-70.810959,266.494629,-209.346268,-72.624718,69.723656,-302.863678,-68.983406,-136.207520,-228.566757,-65.042404,-227.655365,-30.700150,-60.106300,-153.071091,173.181763,-61.861279,248.614990,188.988556,-73.231697,339.333649,-8.770154,-72.411255,55.666756,20.688688,-81.279350,69.496567,733.075623,-26.703938
324,1.620000,44.461449,264.602753,-70.822784,266.488342,-209.342926,-72.627846,69.743057,-302.872894,-68.993790,-136.209579,-228.563278,-65.034264,-227.654297,-30.697720,-60.099415,-153.080093,173.169678,-61.870178,248.614975,188.987045,-73.242508,339.338257,-8.767579,-72.411575,55.665676,20.691385,-81.283348,69.499077,733.078369,-26.713285
325,1.625000,44.457779,264.601807,-70.822487,266.491486,-209.338303,-72.626526,69.736450,-302.879395,-68.995430,-136.209549,-228.570633,-65.043365,-227.648117,-30.701025,-60.105263,-153.071976,173.174561,-61.869461,248.612518,188.989441,-73.233070,339.331940,-8.763844,-72.405350,55.670025,20.684738,-81.285965,69.495377,733.083252,-26.707716
326,1.630000,44.466858,264.596375,-70.825218,266.494843,-209.342361,-72.628693,69.731995,-302.870117,-68.986710,-136.214828,-228.570923,-65.038452,-227.653671,-30.703934,-60.099205,-153.073700,173.170670,-61.871479,248.606873,188.981995,-73.233498,339.333344,-8.757692,-72.409378,55.661606,20.682470,-81.276756,69.492996,733.081909,-26.693661
327,1.635000,44.463364,264.591888,-70.821877,266.493073,-209.345993,-72.626953,69.736847,-302.865967,-68.987228,-136.210648,-228.568802,-65.035751,-227.654114,-30.699459,-60.107555,-153.072800,173.174759,-61.860996,248.607452,188.988144,-73.241821,339.330170,-8.762599,-72.420166,55.669216,20.688971,-81.287392,69.490395,733.081238,-26.700836
328,1.640000,44.464790,264.597931,-70.813179,266.491241,-209.341461,-72.629738,69.728539,-302.863892,-68.982552,-136.212601,-228.566666,-65.034050,-227.652695,-30.699535,-60.104095,-153.070953,173.180161,-61.861351,248.608612,188.985550,-73.227486,339.331146,-8.764672,-72.398720,55.664246,20.688299,-81.278023,69.495361,733.080444,-26.713688
329,1.645000,44.461414,264.599396,-70.827789,266.493256,-209.338562,-72.623108,69.737648,-302.874939,-68.988800,-136.213348,-228.567200,-65.041977,-227.652344,-30.695194,-60.102890,-153.076065,173.174103,-61.871685,248.612946,188.987137,-73.245285,339.332092,-8.762094,-72.401299,55.667046,20.697927,-81.277763,69.493210,733.080750,-26.705046
330,1.650000,44.462746,264.598633,-70.814476,266.492554,-209.339676,-72.630081,69.736633,-302.869324,-68.986320,-136.211029,-228.565811,-65.035187,-227.655106,-30.696638,-60.108471,-153.074310,173.171356,-61.861839,248.610382,188.983032,-73.240082,339.336456,-8.768834,-72.408890,55.663349,20.686731,-81.276031,69.487946,733.076416,-26.706297
331,1.655000,44.462391,264.598236,-70.818245,266.490601,-209.342789,-72.624489,69.733391,-302.869812,-68.989441,-136.210068,-228.564362,-65.031380,-227.654205,-30.698242,-60.100899,-153.071564,173.171066,-61.868603,248.616180,188.990417,-73.228973,339.327240,-8.763062,-72.399803,55.666515,20.688194,-81.280037,69.500992,733.079163,-26.711428
332,1.660000,44.467396,264.597992,-70.823975,266.494415,-209.343979,-72.637619,69.726196,-302.868835,-68.988060,-136.210449,-228.563538,-65.028984,-227.652802,-30.700459,-60.107029,-153.068375,173.176605,-61.872791,248.610367,188.988861,-73.232414,339.337646,-8.773386,-72.422058,55.662804,20.690166,-81.282013,69.493797,733.077515,-26.695068
333,1.665000,44.464146,264.598877,-70.828819,266.491364,-209.341034,-72.631477,69.729004,-302.870361,-68.985596,-136.206833,-228.566757,-65.038094,-227.649918,-30.697685,-60.105141,-153.072342,173.173447,-61.868507,248.611221,188.985474,-73.226921,339.331268,-8.763550,-72.407722,55.663826,20.688454,-81.281746,69.497177,733.077942,-26.712868
334,1.670000,44.455124,264.600067,-70.811958,266.489868,-209.340027,-72.626076,69.737434,-302.877625,-68.999535,-136.212753,-228.566666,-65.035873,-227.656403,-30.697243,-60.096031,-153.073746,173.181442,-61.877232,248.612457,188.988831,-73.241974,339.331390,-8.767500,-72.395508,55.664185,20.687401,-81.288231,69.490036,733.078857,-26.703850
335,1.675000,44.467621,264.598572,-70.824829,266.491516,-209.342697,-72.629707,69.730789,-302.866913,-68.985214,-136.210938,-228.568649,-65.036026,-227.652496,-30.697229,-60.104927,-153.075516,173.176727,-61.866985,248.617279,188.981812,-73.238274,339.334015,-8.768029,-72.407524,55.665691,20.688768,-81.278511,69.494690,733.082458,-26.705742
336,1.680000,44.462337,264.600464,-70.808563,266.491943,-209.345703,-72.638573,69.733192,-302.875275,-68.989944,-136.212296,-228.571350,-65.035828,-227.650803,-30.698626,-60.099548,-153.075409,173.175140,-61.860016,248.611450,188.981354,-73.235085,339.335297,-8.762037,-72.394600,55.659424,20.693455,-81.272964,69.495071,733.081421,-26.709860
337,1.685000,44.466797,264.600555,-70.825989,266.490936,-209.341492,-72.631447,69.732018,-302.868896,-68.989700,-136.211365,-228.571655,-65.040001,-227.652939,-30.703424,-60.108154,-153.076767,173.178894,-61.863541,248.611191,188.984772,-73.222992,339.334625,-8.763171,-72.395119,55.670174,20.688416,-81.286316,69.489006,733.088989,-26.698776
338,1.690000,44.465038,264.600769,-70.822876,266.490967,-209.343384,-72.621864,69.730698,-302.864136,-68.975197,-136.208939,-228.566544,-65.038460,-227.652054,-30.697498,-60.105885,-153.073608,173.174713,-61.871178,248.609421,188.985764,-73.237450,339.336731,-8.760459,-72.410339,55.667263,20.693195,-81.283249,69.497704,733.083618,-26.707340
339,1.695000,44.461086,264.601288,-70.827911,266.493073,-209.336975,-72.619576,69.729103,-302.861053,-68.979347,-136.208771,-228.567581,-65.037712,-227.651199,-30.698151,-60.108505,-153.076080,173.177185,-61.865238,248.607971,188.982315,-73.227776,339.331940,-8.765164,-72.401314,55.666927,20.689453,-81.284325,69.496567,733.085938,-26.695730
340,1.700000,44.462303,264.596558,-70.825569,266.492126,-209.344193,-72.625282,69.737122,-302.871063,-68.980354,-136.214844,-228.563919,-65.037834,-227.650131,-30.699419,-60.100243,-153.076309,173.175964,-61.866131,248.609055,188.989120,-73.232803,339.337189,-8.763376,-72.397621,55.662548,20.685785,-81.284378,69.495453,733.079102,-26.704584
341,1.705000,44.464031,264.596985,-70.817352,266.490448,-209.338196,-72.625038,69.743423,-302.881073,-68.986526,-136.212921,-228.564407,-65.024284,-227.650421,-30.694061,-60.106636,-153.070023,173.176193,-61.869713,248.613449,188.987869,-73.241241,339.333893,-8.768105,-72.405197,55.666870,20.696985,-81.279434,69.489540,733.081421,-26.700148
342,1.710000,44.466217,264.594360,-70.818588,266.492371,-209.346100,-72.628120,69.741241,-302.876343,-68.994362,-136.210846,-228.564911,-65.031425,-227.650146,-30.696716,-60.108959,-153.079041,173.175034,-61.865215,248.603210,188.985031,-73.240120,339.328888,-8.759737,-72.397926,55.671566,20.686317,-81.274353,69.495567,733.084473,-26.707151
343,1.715000,44.461815,264.592224,-70.824753,266.488434,-209.346497,-72.630363,69.729965,-302.876007,-68.992775,-136.214340,-228.561340,-65.034508,-227.652466,-30.698137,-60.113014,-153.079361,173.174774,-61.874496,248.617325,188.990997,-73.233589,339.334259,-8.761345,-72.406670,55.670895,20.691284,-81.283569,69.490395,733.084167,-26.706263
344,1.720000,44.463066,264.600647,-70.826256,266.495789,-209.348373,-72.634819,69.745033,-302.874847,-68.998665,-136.209839,-228.565109,-65.030312,-227.655090,-30.693823,-60.102982,-153.078247,173.176895,-61.872765,248.611526,188.987869,-73.236549,339.335876,-8.761306,-72.400421,55.664616,20.696877,-81.275276,69.490456,733.082764,-26.704144
345,1.725000,44.458630,264.602631,-70.824684,266.492798,-209.345566,-72.626945,69.733116,-302.864685,-68.982910,-136.209579,-228.566910,-65.034515,-227.646667,-30.702871,-60.104076,-153.080170,173.175720,-61.863770,248.614914,188.990662,-73.234718,339.339417,-8.767503,-72.406364,55.665817,20.688934,-81.278427,69.492500,733.083923,-26.698605
346,1.730000,44.463818,264.596619,-70.825020,266.493134,-209.345596,-72.617378,69.737137,-302.878693,-68.988678,-136.211700,-228.564651,-65.033730,-227.657150,-30.696888,-60.102612,-153.079208,173.172379,-61.874847,248.613205,188.993561,-73.228493,339.333496,-8.764768,-72.399780,55.668224,20.690289,-81.282478,69.492195,733.080200,-26.707180
347,1.735000,44.465172,264.600555,-70.821014,266.492249,-209.345520,-72.632927,69.734703,-302.879333,-68.994553,-136.212433,-228.565384,-65.030472,-227.652908,-30.698702,-60.102859,-153.080902,173.176819,-61.863609,248.608521,188.992996,-73.235092,339.335541,-8.769556,-72.411079,55.664257,20.694233,-81.273003,69.495209,733.082642,-26.698471
348,1.740000,44.461750,264.595398,-70.819649,266.491913,-209.343292,-72.632706,69.729927,-302.863434,-68.983337,-136.213776,-228.565216,-65.038078,-227.654648,-30.697765,-60.111568,-153.075180,173.172363,-61.876774,248.613632,188.986725,-73.229950,339.331238,-8.762853,-72.396362,55.668659,20.690407,-81.279327,69.491554,733.080811,-26.704937
349,1.745000,44.458439,264.599731,-70.824646,266.495972,-209.342896,-72.638626,69.727501,-302.866241,-68.981850,-136.213547,-228.563690,-65.031937,-227.651489,-30.692135,-60.108437,-153.073395,173.179489,-61.869869,248.610107,188.990372,-73.235847,339.332428,-8.767341,-72.395767,55.662075,20.692251,-81.281830,69.500397,733.081177,-26.704214
350,1.750000,44.463764,264.596802,-70.819168,266.486023,-209.345459,-72.623802,69.733391,-302.869171,-68.983818,-136.208984,-228.566498,-65.037529,-227.646759,-30.691734,-60.101063,-153.080826,173.179489,-61.867367,248.611649,188.989319,-73.234589,339.335846,-8.765126,-72.409485,55.666161,20.691847,-81.276810,69.493629,733.081787,-26.706434
351,1.755000,44.460800,264.598999,-70.831314,266.491699,-209.342987,-72.619446,69.736710,-302.872925,-68.987381,-136.210190,-228.567947,-65.041039,-227.654694,-30.697905,-60.106239,-153.076553,173.175598,-61.863708,248.614792,188.991455,-73.242088,339.327606,-8.762463,-72.399681,55.668415,20.686987,-81.283539,69.497223,733.082153,-26.710365
352,1.760000,44.463493,264.600098,-70.823906,266.489502,-209.341064,-72.623093,69.734917,-302.873413,-68.989891,-136.211975,-228.565994,-65.030647,-227.655731,-30.699430,-60.103477,-153.071777,173.178299,-61.867729,248.614548,188.983917,-73.234665,339.331940,-8.761751,-72.398994,55.669056,20.693649,-81.279785,69.488556,733.080933,-26.701300
353,1.765000,44.458729,264.594513,-70.815361,266.490295,-209.340149,-72.630005,69.725410,-302.871002,-68.979523,-136.211517,-228.564346,-65.034027,-227.651260,-30.699579,-60.103920,-153.079025,173.173828,-61.871258,248.604309,188.987427,-73.223923,339.332733,-8.762052,-72.394325,55.661957,20.692381,-81.283455,69.488251,733.078857,-26.712648
354,1.770000,44.461319,264.598572,-70.814423,266.493622,-209.343063,-72.636070,69.733482,-302.873993,-68.998199,-136.217087,-228.567383,-65.031914,-227.652924,-30.695534,-60.103374,-153.077545,173.168808,-61.864838,248.614334,188.987091,-73.229034,339.336304,-8.764183,-72.400352,55.672211,20.685747,-81.278931,69.494759,733.085632,-26.704075
355,1.775000,44.458332,264.597443,-70.813400,266.490204,-209.339172,-72.640343,69.736725,-302.881073,-68.995926,-136.216171,-228.569458,-65.036758,-227.654480,-30.696344,-60.097218,-153.077713,173.178940,-61.864536,248.606903,188.989197,-73.234398,339.330688,-8.766816,-72.406372,55.668217,20.685406,-81.294296,69.494026,733.080872,-26.706450
356,1.780000,44.466835,264.604431,-70.821320,266.492828,-209.345795,-72.633224,69.733490,-302.877655,-68.990982,-136.208786,-228.565704,-65.032936,-227.650436,-30.700472,-60.100395,-153.075089,173.180161,-61.868046,248.613647,188.987366,-73.232307,339.338837,-8.764626,-72.400421,55.674152,20.699064,-81.281265,69.491051,733.081421,-26.703278
357,1.785000,44.464005,264.596741,-70.816040,266.488922,-209.338760,-72.624687,69.734825,-302.873505,-68.985329,-136.210403,-228.571304,-65.039803,-227.652939,-30.702847,-60.097603,-153.075592,173.174286,-61.865261,248.605026,188.985703,-73.227264,339.337036,-8.762094,-72.400764,55.655930,20.693644,-81.269379,69.498749,733.080505,-26.697847
358,1.790000,44.466015,264.596893,-70.819794,266.491058,-209.343521,-72.621269,69.727257,-302.871246,-68.990601,-136.211502,-228.569672,-65.038406,-227.653381,-30.702173,-60.102150,-153.078125,173.177704,-61.867550,248.613876,188.992065,-73.238075,339.331055,-8.767620,-72.400406,55.665852,20.690205,-81.284813,69.483086,733.081238,-26.705330
359,1.795000,44.460049,264.593475,-70.814720,266.495300,-209.342896,-72.631149,69.739441,-302.875397,-68.989563,-136.213882,-228.568451,-65.027908,-227.656479,-30.696503,-60.099709,-153.076431,173.173889,-61.874130,248.607956,188.981995,-73.234566,339.331177,-8.766014,-72.396141,55.669182,20.688835,-81.284927,69.497032,733.078552,-26.703634
360,1.800000,44.466354,264.597382,-70.815895,266.493011,-209.338562,-72.619637,69.728859,-302.870697,-68.984955,-136.211624,-228.569717,-65.033501,-227.653198,-30.698009,-60.101959,-153.074829,173.174866,-61.865978,248.613678,188.988892,-73.236397,339.329437,-8.763895,-72.402718,55.666962,20.692083,-81.288246,69.494400,733.076355,-26.704617
361,1.805000,44.463345,264.593994,-70.822899,266.487091,-209.347549,-72.611565,69.726463,-302.874969,-68.989273,-136.206955,-228.567505,-65.029900,-227.649460,-30.700117,-60.101986,-153.080185,173.177078,-61.861664,248.614548,188.987595,-73.232590,339.336090,-8.766035,-72.395279,55.664242,20.693016,-81.285172,69.494896,733.077698,-26.695831
362,1.810000,44.456013,264.600708,-70.809738,266.495148,-209.347046,-72.624001,69.730812,-302.869202,-68.991539,-136.205521,-228.566803,-65.041290,-227.647125,-30.700701,-60.108894,-153.080154,173.172989,-61.875347,248.608963,188.988174,-73.223473,339.334259,-8.765325,-72.405655,55.660538,20.692827,-81.280075,69.495155,733.080750,-26.707123
363,1.815000,44.466236,264.597137,-70.821602,266.491791,-209.342255,-72.621010,69.729187,-302.867065,-68.978546,-136.212509,-228.563736,-65.036278,-227.649902,-30.698229,-60.101803,-153.077728,173.177689,-61.874607,248.613312,188.989838,-73.228996,339.342407,-8.770438,-72.419777,55.670036,20.690119,-81.295364,69.491867,733.081787,-26.709890
364,1.820000,44.459732,264.599396,-70.821159,266.491882,-209.345871,-72.624916,69.736465,-302.876251,-68.991699,-136.216629,-228.570602,-65.027138,-227.653549,-30.692760,-60.104969,-153.073471,173.172699,-61.858257,248.610519,188.984253,-73.227142,339.332947,-8.767720,-72.415672,55.673996,20.689051,-81.283363,69.494492,733.081421,-26.704548
365,1.825000,44.458191,264.597504,-70.816742,266.494171,-209.339447,-72.632362,69.729507,-302.866425,-68.983841,-136.212631,-228.564285,-65.033333,-227.653076,-30.695883,-60.110550,-153.076981,173.181229,-61.869556,248.604660,188.988678,-73.223427,339.329956,-8.759425,-72.396736,55.672035,20.684692,-81.294884,69.488937,733.082153,-26.704414
366,1.830000,44.462234,264.596313,-70.817299,266.489929,-209.344788,-72.625961,69.731552,-302.875519,-68.984352,-136.209076,-228.568771,-65.042793,-227.653412,-30.695713,-60.103298,-153.072906,173.171982,-61.859787,248.613251,188.990234,-73.234619,339.340576,-8.769717,-72.413460,55.669056,20.682686,-81.277969,69.492584,733.086121,-26.705877
367,1.835000,44.463329,264.598358,-70.819061,266.494629,-209.346954,-72.644913,69.733315,-302.870972,-68.986298,-136.212708,-228.562607,-65.036667,-227.649567,-30.695215,-60.102867,-153.073822,173.180649,-61.867046,248.614532,188.991898,-73.237648,339.339569,-8.763049,-72.411118,55.674461,20.684135,-81.291557,69.492058,733.086670,-26.701479
368,1.840000,44.460869,264.597748,-70.816170,266.498108,-209.345596,-72.628006,69.737190,-302.877991,-68.995827,-136.213913,-228.561279,-65.025208,-227.648468,-30.698973,-60.108387,-153.073898,173.175888,-61.874146,248.611771,188.988052,-73.232964,339.334442,-8.762281,-72.414452,55.677834,20.689196,-81.288658,69.494400,733.077209,-26.708155
369,1.845000,44.461193,264.597839,-70.820236,266.487885,-209.340744,-72.627060,69.738373,-302.870392,-68.985786,-136.210846,-228.569199,-65.029579,-227.649963,-30.696991,-60.101402,-153.077957,173.182358,-61.870632,248.615738,188.983047,-73.241226,339.331146,-8.763069,-72.396927,55.661552,20.693718,-81.281105,69.494476,733.077393,-26.700588
370,1.850000,44.463654,264.596588,-70.815689,266.491241,-209.343719,-72.630814,69.730698,-302.869446,-68.986664,-136.211639,-228.570480,-65.035873,-227.652252,-30.696569,-60.102482,-153.074295,173.180573,-61.868431,248.613373,188.983643,-73.236221,339.334015,-8.766297,-72.413651,55.669514,20.689053,-81.284485,69.491005,733.082886,-26.712137
371,1.855000,44.466427,264.596069,-70.818703,266.496765,-209.341888,-72.633781,69.732285,-302.875275,-68.987946,-136.211304,-228.570465,-65.030373,-227.653564,-30.698872,-60.099567,-153.081131,173.174881,-61.857834,248.603333,188.987762,-73.238380,339.335693,-8.766871,-72.396034,55.668514,20.693745,-81.288544,69.492088,733.082275,-26.699057
372,1.860000,44.461437,264.598663,-70.827927,266.487213,-209.344559,-72.623985,69.736343,-302.876099,-68.996063,-136.214188,-228.565399,-65.035622,-227.652695,-30.700260,-60.100883,-153.080170,173.173309,-61.872372,248.615356,188.988281,-73.238724,339.335876,-8.761581,-72.399101,55.664917,20.693201,-81.280243,69.499329,733.086304,-26.708326
373,1.865000,44.463280,264.595612,-70.814262,266.496857,-209.343002,-72.631500,69.723442,-302.871185,-68.976791,-136.215332,-228.566101,-65.032349,-227.653641,-30.701168,-60.097553,-153.072449,173.176331,-61.863419,248.618591,188.989288,-73.238388,339.332123,-8.766362,-72.401321,55.664524,20.690645,-81.271103,69.493706,733.088013,-26.702934
374,1.870000,44.455830,264.590546,-70.807312,266.487976,-209.350784,-72.636475,69.728226,-302.882446,-68.987251,-136.207336,-228.563522,-65.036743,-227.649918,-30.696777,-60.106564,-153.073853,173.183609,-61.865078,248.617477,188.983246,-73.250656,339.337219,-8.766816,-72.407150,55.662731,20.692860,-81.271889,69.488159,733.083252,-26.711283
375,1.875000,44.470978,264.596008,-70.823151,266.490295,-209.346313,-72.618347,69.722473,-302.871368,-68.982193,-136.213898,-228.573120,-65.029831,-227.653824,-30.702534,-60.101337,-153.077621,173.179047,-61.862217,248.614685,188.988113,-73.230553,339.332642,-8.766802,-72.403305,55.656178,20.692469,-81.281677,69.493538,733.083435,-26.709873
376,1.880000,44.461185,264.600006,-70.815430,266.491791,-209.341476,-72.627907,69.725266,-302.877716,-68.985428,-136.210037,-228.569931,-65.047676,-227.650452,-30.696554,-60.109516,-153.077515,173.173737,-61.873470,248.612869,188.985626,-73.243492,339.337891,-8.761438,-72.404953,55.657345,20.694654,-81.276581,69.496597,733.083130,-26.699183
377,1.885000,44.461479,264.595001,-70.825951,266.494110,-209.344955,-72.623322,69.735901,-302.875580,-68.996117,-136.213882,-228.569946,-65.048309,-227.650299,-30.702639,-60.102474,-153.084824,173.172516,-61.867416,248.610062,188.991013,-73.231773,339.336426,-8.766897,-72.401466,55.665146,20.692183,-81.287544,69.488480,733.078003,-26.697836
378,1.890000,44.456913,264.594543,-70.820084,266.495453,-209.341568,-72.620338,69.729614,-302.867767,-68.986420,-136.212189,-228.568695,-65.033073,-227.654877,-30.695477,-60.092533,-153.072876,173.174454,-61.867825,248.604477,188.990936,-73.229141,339.333771,-8.767267,-72.409447,55.664116,20.693129,-81.280022,69.487556,733.084717,-26.702026
379,1.895000,44.465084,264.599487,-70.815552,266.492157,-209.348129,-72.632721,69.719452,-302.863525,-68.981377,-136.214554,-228.568573,-65.026329,-227.654846,-30.693968,-60.100365,-153.077911,173.178940,-61.859486,248.610825,188.990829,-73.244888,339.333099,-8.762407,-72.394592,55.665447,20.691217,-81.280113,69.500092,733.080139,-26.695610
380,1.900000,44.464645,264.595520,-70.815056,266.492523,-209.348694,-72.624847,69.735039,-302.874237,-68.989571,-136.212372,-228.568130,-65.033699,-227.651062,-30.698257,-60.105598,-153.077057,173.171585,-61.856510,248.612717,188.988007,-73.230118,339.333893,-8.758649,-72.404526,55.667240,20.693684,-81.286041,69.497696,733.080200,-26.704861
381,1.905000,44.464043,264.604065,-70.826096,266.492798,-209.346405,-72.624649,69.732063,-302.872223,-68.978058,-136.211533,-228.571686,-65.041245,-227.652695,-30.698828,-60.111397,-153.074249,173.178726,-61.867710,248.608643,188.985229,-73.229530,339.333954,-8.762039,-72.404839,55.669334,20.687899,-81.278770,69.493828,733.080261,-26.701303
382,1.910000,44.464977,264.596985,-70.821640,266.497894,-209.339493,-72.621811,69.733475,-302.874725,-68.988197,-136.213608,-228.565948,-65.035027,-227.657120,-30.699425,-60.098892,-153.081848,173.178329,-61.866035,248.606430,188.982010,-73.239326,339.333496,-8.764112,-72.403801,55.663090,20.691427,-81.282181,69.496948,733.085876,-26.709490
383,1.915000,44.467880,264.598297,-70.817261,266.489136,-209.342072,-72.620979,69.740257,-302.879547,-68.996292,-136.219955,-228.563080,-65.029938,-227.651184,-30.695440,-60.109001,-153.069244,173.175430,-61.857464,248.615662,188.986984,-73.235512,339.334320,-8.769272,-72.409760,55.668285,20.689550,-81.290825,69.494659,733.082520,-26.710117
384,1.920000,44.460274,264.596741,-70.811775,266.495728,-209.346375,-72.628052,69.734192,-302.878296,-68.996529,-136.210190,-228.570526,-65.037842,-227.649155,-30.702269,-60.104755,-153.081482,173.180878,-61.866077,248.609024,188.988266,-73.230904,339.335297,-8.766736,-72.402199,55.659073,20.691845,-81.281761,69.495209,733.084534,-26.702755
385,1.925000,44.464176,264.600342,-70.819466,266.493896,-209.347763,-72.625999,69.733704,-302.876068,-68.988548,-136.213623,-228.568253,-65.037552,-227.651733,-30.695221,-60.106850,-153.074448,173.173080,-61.863689,248.605103,188.985825,-73.220230,339.338409,-8.763997,-72.407822,55.667282,20.694397,-81.284248,69.494881,733.079895,-26.702354
386,1.930000,44.463249,264.601196,-70.817795,266.491058,-209.342163,-72.626701,69.730179,-302.871216,-68.985344,-136.216537,-228.565201,-65.027733,-227.657639,-30.697788,-60.100422,-153.077560,173.169464,-61.872269,248.618088,188.993744,-73.247078,339.335541,-8.764496,-72.402191,55.677315,20.690071,-81.292305,69.493233,733.081848,-26.705151
387,1.935000,44.465809,264.597992,-70.816376,266.491394,-209.339890,-72.622162,69.732521,-302.865051,-68.980370,-136.217728,-228.564163,-65.033691,-227.655731,-30.702936,-60.100060,-153.073181,173.178497,-61.869293,248.614044,188.987900,-73.232918,339.335266,-8.766458,-72.401886,55.668533,20.696987,-81.284203,69.494553,733.083862,-26.701347
388,1.940000,44.461941,264.600708,-70.816589,266.497742,-209.341080,-72.632713,69.734795,-302.876556,-68.984337,-136.211472,-228.572678,-65.039894,-227.652145,-30.704201,-60.102451,-153.075226,173.176910,-61.862850,248.613846,188.987213,-73.228004,339.342010,-8.766247,-72.402428,55.665310,20.690918,-81.285736,69.497711,733.083374,-26.699594
389,1.945000,44.455864,264.593048,-70.821205,266.492065,-209.344498,-72.629120,69.731186,-302.874390,-68.993729,-136.213898,-228.570389,-65.034637,-227.651474,-30.696264,-60.101204,-153.075851,173.175293,-61.858063,248.610123,188.991196,-73.229324,339.329010,-8.763706,-72.389145,55.663601,20.694021,-81.279343,69.492950,733.080566,-26.707888
390,1.950000,44.462158,264.601349,-70.822678,266.489288,-209.338974,-72.611526,69.731712,-302.878113,-68.993919,-136.218674,-228.564468,-65.022522,-227.650223,-30.697855,-60.111599,-153.077988,173.172348,-61.866623,248.612991,188.990570,-73.229004,339.334290,-8.765324,-72.403389,55.665714,20.696413,-81.281647,69.492523,733.079285,-26.700256
391,1.955000,44.463066,264.602203,-70.824524,266.490814,-209.341599,-72.624268,69.736145,-302.874573,-68.993599,-136.214493,-228.568573,-65.033241,-227.653046,-30.700270,-60.109734,-153.074387,173.178726,-61.869373,248.611298,188.988251,-73.226601,339.337250,-8.767426,-72.406242,55.666679,20.687666,-81.289574,69.491623,733.084534,-26.704823
392,1.960000,44.458569,264.599213,-70.819756,266.498810,-209.344604,-72.626022,69.726440,-302.876678,-68.992775,-136.207230,-228.567200,-65.035553,-227.651688,-30.699574,-60.108002,-153.078522,173.175201,-61.866039,248.611832,188.989182,-73.234024,339.343048,-8.764438,-72.403618,55.671680,20.688244,-81.289268,69.492065,733.082092,-26.698208
393,1.965000,44.464108,264.598419,-70.823051,266.489319,-209.340988,-72.619278,69.740349,-302.873962,-68.988121,-136.212952,-228.563980,-65.026871,-227.649429,-30.696424,-60.105000,-153.074646,173.178665,-61.867622,248.610535,188.986557,-73.241188,339.335114,-8.764085,-72.397270,55.669048,20.695494,-81.278122,69.491714,733.078674,-26.702658
394,1.970000,44.460621,264.598114,-70.819786,266.497650,-209.339783,-72.629478,69.734703,-302.875885,-68.981361,-136.214462,-228.565659,-65.033134,-227.658417,-30.698330,-60.100559,-153.068420,173.175064,-61.865433,248.609222,188.985764,-73.227402,339.345001,-8.763297,-72.407753,55.664593,20.693184,-81.285103,69.492966,733.080811,-26.707054
395,1.975000,44.461254,264.597229,-70.822189,266.494720,-209.339554,-72.615585,69.730125,-302.865387,-68.984024,-136.224014,-228.566681,-65.030090,-227.651413,-30.699142,-60.104534,-153.075287,173.170517,-61.864605,248.606079,188.990112,-73.222252,339.340729,-8.763310,-72.402191,55.665276,20.694763,-81.287613,69.494225,733.084534,-26.696028
396,1.980000,44.463268,264.596893,-70.820366,266.495880,-209.346848,-72.639046,69.740173,-302.875183,-68.996216,-136.212097,-228.570114,-65.034676,-227.657928,-30.701263,-60.102577,-153.075836,173.170670,-61.867256,248.612228,188.985062,-73.239197,339.334839,-8.768493,-72.408562,55.673717,20.700541,-81.289230,69.488541,733.085754,-26.702785
397,1.985000,44.461235,264.591858,-70.822365,266.492462,-209.344711,-72.630310,69.735672,-302.881592,-68.997147,-136.213287,-228.565659,-65.036201,-227.653244,-30.686899,-60.097008,-153.081192,173.174683,-61.866966,248.617157,188.986008,-73.243454,339.341156,-8.760433,-72.402000,55.669479,20.696636,-81.280334,69.485542,733.082275,-26.699493
398,1.990000,44.464828,264.596863,-70.824211,266.490967,-209.341705,-72.613403,69.732094,-302.877319,-68.988113,-136.207138,-228.561813,-65.032623,-227.653137,-30.697067,-60.100533,-153.075592,173.174316,-61.866657,248.611923,188.992096,-73.233620,339.336945,-8.761227,-72.394012,55.665688,20.700869,-81.282951,69.496117,733.083313,-26.705868
399,1.995000,44.464931,264.596375,-70.814835,266.497314,-209.344955,-72.631996,69.732010,-302.878571,-68.993874,-136.214294,-228.563675,-65.032310,-227.654526,-30.696194,-60.098305,-153.074799,173.174240,-61.862480,248.613464,188.987030,-73.231277,339.332855,-8.757548,-72.378807,55.670135,20.697062,-81.284454,69.492729,733.083130,-26.709148
400,2.000000,44.460278,264.596710,-70.822601,266.495026,-209.346207,-72.632271,69.735825,-302.878052,-68.996872,-136.210785,-228.573441,-65.035942,-227.654739,-30.697573,-60.098644,-153.081146,173.174149,-61.859383,248.608200,188.990005,-73.229774,339.342224,-8.761826,-72.398232,55.673752,20.688093,-81.293770,69.498764,733.090088,-26.700096
401,2.005000,44.459721,264.600494,-70.810585,266.489685,-209.345505,-72.620773,69.728577,-302.866760,-68.981270,-136.212509,-228.570450,-65.033272,-227.655304,-30.694004,-60.108116,-153.078873,173.171356,-61.865520,248.611176,188.983490,-73.238426,339.332886,-8.762896,-72.392746,55.668041,20.700329,-81.281281,69.498596,733.082458,-26.698479
402,2.010000,44.463699,264.599640,-70.813560,266.491882,-209.338333,-72.623787,69.727013,-302.868195,-68.982674,-136.209335,-228.569321,-65.033432,-227.654846,-30.699385,-60.100109,-153.079163,173.172760,-61.870235,248.615463,188.988235,-73.226631,339.338226,-8.765463,-72.399109,55.666481,20.706095,-81.282021,69.496338,733.079834,-26.700781
403,2.015000,44.467052,264.595123,-70.826729,266.496643,-209.333176,-72.619026,69.736343,-302.877350,-68.991531,-136.213531,-228.570663,-65.035690,-227.655457,-30.698599,-60.092762,-153.079529,173.178650,-61.861286,248.613235,188.983994,-73.241882,339.337799,-8.763090,-72.393745,55.674442,20.702084,-81.293701,69.495468,733.081177,-26.706255
404,2.020000,44.465881,264.596893,-70.813560,266.490448,-209.347031,-72.622330,69.728310,-302.873901,-68.989334,-136.221649,-228.572159,-65.036728,-227.655106,-30.698675,-60.096462,-153.075165,173.173279,-61.861443,248.611877,188.984283,-73.237000,339.339569,-8.763620,-72.403099,55.667847,20.701941,-81.284645,69.496979,733.083740,-26.699556
405,2.025000,44.468178,264.595886,-70.820976,266.499268,-209.344345,-72.623657,69.729767,-302.875061,-68.986115,-136.211334,-228.562363,-65.031593,-227.654419,-30.697279,-60.104580,-153.074081,173.176727,-61.871883,248.610306,188.988739,-73.219574,339.333832,-8.764221,-72.395859,55.666752,20.693701,-81.286140,69.494682,733.076660,-26.709309
406,2.030000,44.458508,264.591614,-70.813644,266.498810,-209.341904,-72.641190,69.736061,-302.882812,-68.995338,-136.211609,-228.564133,-65.033630,-227.650375,-30.694300,-60.099743,-153.079605,173.177597,-61.868206,248.607666,188.984451,-73.223434,339.333405,-8.761663,-72.397980,55.668812,20.699240,-81.281319,69.494797,733.080383,-26.705841
407,2.035000,44.464367,264.589081,-70.821716,266.496613,-209.345398,-72.631241,69.735741,-302.873291,-68.991180,-136.209442,-228.561722,-65.029114,-227.651230,-30.699604,-60.097595,-153.079636,173.174759,-61.872276,248.606552,188.990570,-73.228844,339.336609,-8.756089,-72.392693,55.663437,20.699986,-81.286995,69.488968,733.083862,-26.693903
408,2.040000,44.457859,264.598419,-70.809647,266.493774,-209.341644,-72.629471,69.724388,-302.870270,-68.980316,-136.212906,-228.569382,-65.030952,-227.657684,-30.693213,-60.096802,-153.074173,173.172806,-61.856819,248.606155,188.988434,-73.232307,339.334412,-8.762279,-72.407082,55.669670,20.703516,-81.275467,69.490807,733.078613,-26.696756
409,2.045000,44.463661,264.595886,-70.823997,266.494141,-209.345032,-72.637047,69.725731,-302.870300,-68.986160,-136.212646,-228.565491,-65.034645,-227.654037,-30.699263,-60.098125,-153.082764,173.176178,-61.863449,248.613724,188.990051,-73.223366,339.337280,-8.769549,-72.401642,55.673534,20.699589,-81.282318,69.489655,733.071228,-26.704529
410,2.050000,44.463867,264.595612,-70.819855,266.494720,-209.345428,-72.637566,69.733521,-302.884125,-68.993118,-136.217606,-228.568085,-65.026588,-227.649719,-30.702219,-60.103249,-153.080200,173.175949,-61.862370,248.612625,188.986603,-73.236130,339.337952,-8.758653,-72.397636,55.671757,20.698391,-81.289131,69.492828,733.080444,-26.704239
411,2.055000,44.461250,264.600281,-70.811218,266.496887,-209.343628,-72.631401,69.730072,-302.875519,-68.987755,-136.212952,-228.567261,-65.027603,-227.655136,-30.701988,-60.098351,-153.074493,173.172211,-61.865604,248.609863,188.988068,-73.228989,339.342407,-8.764841,-72.404228,55.664406,20.700014,-81.280800,69.492615,733.077454,-26.699429
412,2.060000,44.456161,264.592194,-70.824028,266.493103,-209.343079,-72.627243,69.733421,-302.870422,-68.982048,-136.216476,-228.567719,-65.029060,-227.649429,-30.694157,-60.102097,-153.078873,173.173111,-61.852425,248.611694,188.986069,-73.229851,339.343323,-8.766365,-72.406746,55.669510,20.699568,-81.291756,69.490524,733.075500,-26.699772
413,2.065000,44.471996,264.598236,-70.826172,266.494476,-209.341827,-72.627228,69.723473,-302.872986,-68.985573,-136.213852,-228.566513,-65.023361,-227.656372,-30.694418,-60.101856,-153.078400,173.174973,-61.866169,248.610138,188.988556,-73.228844,339.334717,-8.765318,-72.406464,55.666943,20.703651,-81.280350,69.492470,733.077332,-26.704338
414,2.070000,44.459675,264.598633,-70.815338,266.491882,-209.343018,-72.621681,69.732201,-302.870483,-68.984528,-136.212875,-228.565643,-65.030762,-227.655685,-30.700665,-60.104649,-153.075958,173.172623,-61.860008,248.610214,188.984619,-73.228195,339.339691,-8.763124,-72.403610,55.668381,20.693291,-81.277679,69.496841,733.074097,-26.700542
415,2.075000,44.461567,264.600372,-70.820068,266.495575,-209.340256,-72.632767,69.738350,-302.876312,-68.998520,-136.212753,-228.560532,-65.030945,-227.652405,-30.700455,-60.104519,-153.081787,173.177216,-61.852383,248.616135,188.988083,-73.235130,339.337036,-8.757788,-72.395172,55.669479,20.700588,-81.286964,69.494972,733.073059,-26.702652
416,2.080000,44.463120,264.598114,-70.817032,266.495941,-209.346451,-72.632164,69.739227,-302.883087,-69.001984,-136.212326,-228.566772,-65.025116,-227.654022,-30.698225,-60.103081,-153.084488,173.174866,-61.868664,248.615372,188.982605,-73.239250,339.338196,-8.760679,-72.401772,55.672615,20.700102,-81.288383,69.492424,733.072205,-26.699053
417,2.085000,44.467373,264.597137,-70.825371,266.497498,-209.340973,-72.627007,69.729210,-302.873077,-68.979118,-136.210953,-228.568726,-65.032394,-227.654083,-30.697504,-60.097603,-153.080780,173.180283,-61.865353,248.614426,188.985474,-73.236885,339.344757,-8.763268,-72.407730,55.673126,20.697794,-81.291618,69.499405,733.063232,-26.709538
418,2.090000,44.465755,264.595673,-70.820686,266.488098,-209.348694,-72.623474,69.731232,-302.872742,-68.983421,-136.215912,-228.565872,-65.031990,-227.656769,-30.698732,-60.100060,-153.080276,173.180496,-61.868034,248.616257,188.987534,-73.240906,339.332916,-8.766723,-72.400841,55.665085,20.698523,-81.286545,69.497345,733.070435,-26.697546
419,2.095000,44.469494,264.597198,-70.818230,266.492126,-209.341293,-72.621040,69.733368,-302.878540,-68.995193,-136.209930,-228.569778,-65.034325,-227.655731,-30.697741,-60.107712,-153.077667,173.174744,-61.871113,248.617050,188.983536,-73.239494,339.329590,-8.762007,-72.395096,55.666508,20.699390,-81.280716,69.491310,733.071655,-26.688139
420,2.100000,44.459206,264.596466,-70.819542,266.494263,-209.347214,-72.628181,69.737892,-302.873901,-68.994995,-136.216812,-228.570740,-65.035919,-227.657135,-30.696716,-60.094814,-153.073639,173.175690,-61.867371,248.615219,188.991409,-73.239212,339.339722,-8.767438,-72.402412,55.665947,20.700132,-81.272598,69.488388,733.068359,-26.695879
421,2.105000,44.462189,264.595795,-70.812592,266.492493,-209.346146,-72.634834,69.735123,-302.877655,-68.986374,-136.210358,-228.565659,-65.035004,-227.650772,-30.699615,-60.102036,-153.069092,173.174225,-61.868080,248.617294,188.987503,-73.241478,339.336365,-8.762784,-72.396652,55.675209,20.695375,-81.298370,69.490906,733.059937,-26.696657
422,2.110000,44.467606,264.592896,-70.819359,266.493988,-209.337494,-72.622734,69.730179,-302.879211,-68.993851,-136.215942,-228.566086,-65.023941,-227.656708,-30.697922,-60.096497,-153.077454,173.172440,-61.867062,248.617523,188.985504,-73.236420,339.337067,-8.766155,-72.403748,55.677635,20.695257,-81.294510,69.498093,733.064819,-26.698479
423,2.115000,44.461487,264.593475,-70.823891,266.492462,-209.337448,-72.614372,69.734970,-302.872711,-68.985809,-136.214737,-228.566177,-65.031517,-227.646210,-30.698372,-60.097244,-153.074356,173.179337,-61.861629,248.611313,188.988983,-73.230530,339.333221,-8.764035,-72.405022,55.670071,20.698349,-81.280121,69.491432,733.058350,-26.698093
424,2.120000,44.464535,264.598175,-70.819183,266.487762,-209.344864,-72.619492,69.733620,-302.875488,-68.984390,-136.211914,-228.569351,-65.030251,-227.651749,-30.694201,-60.090130,-153.077057,173.173401,-61.871235,248.609497,188.986176,-73.229027,339.340271,-8.763059,-72.397186,55.666889,20.698792,-81.274406,69.489006,733.050720,-26.690781
425,2.125000,44.464016,264.595032,-70.819740,266.499481,-209.345535,-72.641914,69.735519,-302.867523,-68.989403,-136.220230,-228.564850,-65.036102,-227.655228,-30.696568,-60.097050,-153.078400,173.177994,-61.858643,248.610657,188.992569,-73.228661,339.338501,-8.769136,-72.401314,55.667877,20.693689,-81.291229,69.492363,733.045105,-26.688818
426,2.130000,44.463474,264.597687,-70.816467,266.496887,-209.346802,-72.630249,69.729843,-302.881042,-68.987297,-136.216522,-228.566376,-65.026566,-227.655945,-30.700081,-60.095390,-153.078201,173.173752,-61.859825,248.612503,188.993668,-73.232773,339.338318,-8.763596,-72.407875,55.663155,20.695570,-81.286690,69.483528,733.038574,-26.685606
427,2.135000,44.461639,264.596924,-70.819328,266.492554,-209.342331,-72.630234,69.729065,-302.866974,-68.990150,-136.216507,-228.565063,-65.036293,-227.650543,-30.696547,-60.108025,-153.081696,173.175751,-61.867634,248.615494,188.986328,-73.230965,339.340424,-8.763844,-72.392067,55.677189,20.693304,-81.295456,69.483604,733.033142,-26.694265
428,2.140000,44.468525,264.594910,-70.821083,266.498108,-209.338440,-72.625740,69.734505,-302.871735,-68.981880,-136.217178,-228.564758,-65.031380,-227.649612,-30.694227,-60.100140,-153.073303,173.174988,-61.862598,248.616547,188.989319,-73.233070,339.342804,-8.758500,-72.404228,55.664135,20.701031,-81.282318,69.482567,733.026001,-26.678129
429,2.145000,44.464336,264.598053,-70.815536,266.490051,-209.346771,-72.626503,69.732231,-302.874847,-68.986053,-136.207748,-228.561951,-65.030876,-227.654922,-30.695232,-60.104214,-153.073868,173.178619,-61.864353,248.609604,188.987259,-73.231796,339.342743,-8.768747,-72.404228,55.661259,20.692114,-81.279869,69.478615,733.018250,-26.685036
430,2.150000,44.466404,264.596619,-70.826920,266.498749,-209.346893,-72.635155,69.733459,-302.873505,-68.987869,-136.216644,-228.566208,-65.018822,-227.650177,-30.697464,-60.094837,-153.078720,173.174820,-61.867954,248.614731,188.988708,-73.227196,339.335114,-8.764880,-72.396317,55.673367,20.692869,-81.289139,69.479965,733.015747,-26.689322
431,2.155000,44.461079,264.595856,-70.822304,266.493317,-209.344421,-72.622475,69.734497,-302.870911,-68.991592,-136.218445,-228.567657,-65.022049,-227.654648,-30.701693,-60.103981,-153.073380,173.177170,-61.865295,248.612839,188.988129,-73.241837,339.342407,-8.763778,-72.414360,55.666275,20.695635,-81.296089,69.479317,733.013977,-26.684261
432,2.160000,44.468155,264.600708,-70.826546,266.496765,-209.338470,-72.620888,69.729881,-302.884064,-68.991905,-136.215027,-228.568680,-65.029823,-227.654877,-30.695736,-60.095360,-153.072388,173.175491,-61.869946,248.612671,188.994370,-73.236511,339.338257,-8.764595,-72.401077,55.668980,20.694448,-81.291748,69.482674,733.002319,-26.687826
433,2.165000,44.464836,264.600372,-70.816040,266.498901,-209.344971,-72.636932,69.730553,-302.877594,-68.987747,-136.215729,-228.566559,-65.035873,-227.653870,-30.700806,-60.103077,-153.074066,173.179688,-61.857246,248.612320,188.983688,-73.230919,339.340088,-8.761598,-72.397301,55.663700,20.701200,-81.281242,69.483559,732.994751,-26.687368
434,2.170000,44.463470,264.598846,-70.820122,266.494110,-209.341995,-72.630867,69.732155,-302.874878,-68.992142,-136.213928,-228.562714,-65.026451,-227.654388,-30.698137,-60.095558,-153.074112,173.176056,-61.863628,248.613724,188.987411,-73.234894,339.339111,-8.764740,-72.407944,55.664989,20.691132,-81.288689,69.482269,732.986023,-26.686869
435,2.175000,44.462463,264.594849,-70.813339,266.493958,-209.348526,-72.626404,69.721535,-302.865265,-68.978210,-136.216492,-228.564713,-65.027328,-227.655106,-30.699135,-60.095402,-153.072433,173.167450,-61.867771,248.617783,188.991379,-73.228630,339.340057,-8.764677,-72.400414,55.668953,20.697552,-81.281479,69.481377,732.976685,-26.683889
436,2.180000,44.467182,264.603546,-70.816200,266.494781,-209.341812,-72.625130,69.733139,-302.864960,-68.989037,-136.215591,-228.564804,-65.034744,-227.651657,-30.700211,-60.102139,-153.077896,173.172653,-61.863556,248.612350,188.982208,-73.232864,339.338501,-8.760896,-72.397476,55.666069,20.698025,-81.284248,69.477814,732.935852,-26.685314
437,2.185000,44.468887,264.599396,-70.820816,266.494781,-209.343811,-72.626968,69.736961,-302.871521,-68.982513,-136.210693,-228.560120,-65.024849,-227.649017,-30.689503,-60.087746,-153.073669,173.180542,-61.848343,248.618484,188.992050,-73.227089,339.338959,-8.762827,-72.404953,55.671829,20.693035,-81.285461,69.485115,732.894470,-26.678604
438,2.190000,44.470730,264.598999,-70.808174,266.499481,-209.341003,-72.620285,69.727173,-302.862885,-68.979218,-136.213043,-228.555237,-65.012222,-227.652191,-30.688087,-60.090816,-153.073349,173.183716,-61.855965,248.615936,188.994202,-73.223579,339.341400,-8.762915,-72.400314,55.671867,20.690636,-81.282036,69.480095,732.808105,-26.683060
439,2.195000,44.463371,264.602814,-70.800316,266.494202,-209.337372,-72.605995,69.725182,-302.863129,-68.976608,-136.214615,-228.558441,-65.018562,-227.646210,-30.687868,-60.086498,-153.073425,173.190399,-61.849537,248.619629,188.997528,-73.225677,339.341156,-8.759866,-72.394402,55.676266,20.698795,-81.274788,69.476471,732.695068,-26.682602
440,2.200000,44.464561,264.614075,-70.801498,266.495270,-209.332047,-72.617203,69.737022,-302.870789,-68.986664,-136.203308,-228.552902,-65.023071,-227.649017,-30.686655,-60.086708,-153.072800,173.191376,-61.856754,248.622574,188.995911,-73.226456,339.338379,-8.753690,-72.391609,55.667969,20.706703,-81.267342,69.478508,732.534363,-26.681232
441,2.205000,44.463345,264.608978,-70.797646,266.499512,-209.329544,-72.625076,69.730263,-302.860077,-68.985504,-136.216339,-228.550934,-65.026924,-227.651154,-30.683441,-60.085953,-153.076874,173.191711,-61.848190,248.622589,188.995651,-73.219978,339.347748,-8.755307,-72.403572,55.670002,20.707298,-81.278748,69.472633,732.308838,-26.668751
442,2.210000,44.468079,264.615295,-70.807747,266.494019,-209.324570,-72.618614,69.727196,-302.851959,-68.986450,-136.209549,-228.542465,-65.025826,-227.649811,-30.682829,-60.088867,-153.075745,173.192413,-61.856094,248.614746,189.005142,-73.221329,339.337067,-8.747993,-72.390182,55.666142,20.724566,-81.259506,69.451088,732.006409,-26.685165
443,2.215000,44.460758,264.630829,-70.782654,266.496735,-209.314117,-72.613976,69.728806,-302.844849,-68.973869,-136.213974,-228.537155,-65.011086,-227.656067,-30.668530,-60.070789,-153.078125,173.202240,-61.833248,248.616058,189.012222,-73.217896,339.334167,-8.737831,-72.385277,55.668415,20.722725,-81.255875,69.453186,731.546387,-26.710606
444,2.220000,44.456608,264.636322,-70.756714,266.493256,-209.305878,-72.596794,69.732864,-302.838837,-68.966026,-136.219208,-228.529205,-64.996704,-227.653214,-30.662724,-60.068588,-153.081833,173.209656,-61.820095,248.611694,189.024994,-73.189613,339.334412,-8.734726,-72.368713,55.667629,20.723770,-81.244423,69.466606,730.872253,-26.702835
445,2.225000,44.465065,264.637085,-70.759544,266.497406,-209.298981,-72.594620,69.725838,-302.831573,-68.959747,-136.212494,-228.522507,-64.991585,-227.658401,-30.652302,-60.049541,-153.070160,173.221161,-61.814178,248.616226,189.031219,-73.178505,339.340729,-8.723706,-72.356445,55.667927,20.736561,-81.235649,69.448471,730.074646,-26.761702
446,2.230000,44.472755,264.649780,-70.750443,266.505707,-209.294098,-72.591629,69.737480,-302.820801,-68.951561,-136.199158,-228.512650,-64.979446,-227.643661,-30.649717,-60.047714,-153.064758,173.219055,-61.816273,248.627106,189.030609,-73.174812,339.354736,-8.716467,-72.371109,55.668060,20.749872,-81.235542,69.438873,729.063477,-26.818819
447,2.235000,44.473976,264.652832,-70.740852,266.506836,-209.290497,-72.595993,69.740395,-302.821411,-68.950615,-136.202621,-228.507996,-64.978210,-227.646790,-30.642946,-60.035999,-153.063477,173.228775,-61.809433,248.634430,189.035858,-73.165291,339.352051,-8.718412,-72.359337,55.674793,20.756216,-81.235870,69.424614,727.833496,-26.815628
448,2.240000,44.476166,264.653748,-70.749115,266.493988,-209.287750,-72.592941,69.734634,-302.826202,-68.966919,-136.211487,-228.504700,-64.986954,-227.647705,-30.637024,-60.041073,-153.066833,173.230438,-61.817772,248.624573,189.031113,-73.171410,339.352295,-8.720007,-72.362038,55.679047,20.749903,-81.244537,69.411209,726.357605,-26.830263
449,2.245000,44.475430,264.653198,-70.768509,266.492523,-209.290054,-72.603355,69.723602,-302.826019,-68.976807,-136.216904,-228.504456,-65.010506,-227.648163,-30.638260,-60.071854,-153.065994,173.233063,-61.829029,248.625412,189.023239,-73.204559,339.339996,-8.723919,-72.381035,55.673466,20.736685,-81.262291,69.394402,724.625671,-26.868174
450,2.250000,44.469231,264.642853,-70.789162,266.495056,-209.291534,-72.613838,69.738678,-302.830292,-68.998322,-136.210358,-228.519485,-65.044556,-227.651917,-30.647034,-60.090004,-153.068375,173.223297,-61.857288,248.623734,189.032639,-73.218079,339.341187,-8.718980,-72.384384,55.675526,20.747971,-81.272217,69.379044,722.762634,-26.873213
451,2.255000,44.465424,264.653046,-70.806984,266.498657,-209.295654,-72.630959,69.742798,-302.829895,-68.996078,-136.203003,-228.516525,-65.039886,-227.652634,-30.646654,-60.092712,-153.067017,173.221115,-61.863209,248.622406,189.031311,-73.233665,339.347198,-8.715693,-72.401924,55.684589,20.741144,-81.284203,69.363258,720.616028,-26.928574
452,2.260000,44.460316,264.646790,-70.802658,266.508911,-209.292130,-72.647888,69.738327,-302.821472,-68.989586,-136.203201,-228.519302,-65.041664,-227.652252,-30.654032,-60.099003,-153.073120,173.223816,-61.849724,248.612778,189.037857,-73.217117,339.342529,-8.712978,-72.400253,55.666298,20.747087,-81.281250,69.335854,718.231750,-26.917799
453,2.265000,44.463276,264.656097,-70.802208,266.496948,-209.290070,-72.642403,69.737068,-302.828308,-68.995155,-136.212982,-228.515701,-65.043755,-227.651245,-30.643051,-60.097267,-153.069946,173.226410,-61.853943,248.617844,189.032242,-73.220657,339.337158,-8.716761,-72.393181,55.679790,20.749731,-81.280968,69.291473,715.634399,-26.956989
454,2.270000,44.467808,264.655060,-70.769104,266.502014,-209.288925,-72.621559,69.744949,-302.823700,-68.991211,-136.207077,-228.501297,-65.019676,-227.647110,-30.634352,-60.087803,-153.059875,173.230515,-61.846317,248.623428,189.030991,-73.212265,339.349915,-8.721276,-72.389565,55.680298,20.753996,-81.270012,69.275406,712.798401,-26.959074
455,2.275000,44.483727,264.662201,-70.771095,266.494293,-209.293396,-72.600204,69.740372,-302.811981,-68.972900,-136.205170,-228.501266,-65.018700,-227.641312,-30.631922,-60.075867,-153.056320,173.237549,-61.839928,248.631058,189.033325,-73.190964,339.352295,-8.716290,-72.364395,55.681019,20.754757,-81.259293,69.240494,709.717041,-27.015188
456,2.280000,44.484653,264.660767,-70.767525,266.497131,-209.289062,-72.603416,69.732971,-302.816986,-68.971390,-136.199692,-228.504654,-65.013573,-227.639450,-30.634918,-60.076210,-153.057434,173.230591,-61.832203,248.635880,189.034775,-73.197098,339.354248,-8.715888,-72.373253,55.681293,20.758804,-81.249191,69.194908,706.485718,-26.971796
457,2.285000,44.476128,264.649811,-70.767403,266.497314,-209.289734,-72.610237,69.731232,-302.824921,-68.981209,-136.209869,-228.504822,-65.010117,-227.646622,-30.638016,-60.077560,-153.063080,173.230042,-61.832436,248.632050,189.036102,-73.211197,339.347137,-8.714939,-72.382294,55.664276,20.756374,-81.247345,69.184212,702.950317,-27.032501
458,2.290000,44.466965,264.652740,-70.771339,266.499237,-209.288818,-72.606277,69.729530,-302.818298,-68.968483,-136.203415,-228.516296,-65.011475,-227.647461,-30.643463,-60.065308,-153.068451,173.226242,-61.830208,248.618835,189.030792,-73.209747,339.345947,-8.716838,-72.386147,55.678585,20.743488,-81.260490,69.130531,699.203308,-27.016560
459,2.295000,44.473984,264.648560,-70.772850,266.504791,-209.286942,-72.591393,69.739304,-302.821014,-68.959618,-136.204086,-228.519836,-64.999161,-227.640045,-30.647453,-60.067764,-153.067795,173.219269,-61.827492,248.628204,189.028580,-73.196449,339.345306,-8.711819,-72.367432,55.681988,20.743324,-81.260185,69.076363,695.232056,-27.025530
460,2.300000,44.475220,264.654297,-70.779312,266.503723,-209.302734,-72.612823,69.742004,-302.814026,-68.966179,-136.201523,-228.513168,-65.019241,-227.643311,-30.652969,-60.075607,-153.063690,173.216324,-61.844162,248.626099,189.023804,-73.205627,339.351776,-8.717850,-72.383583,55.678307,20.747032,-81.256859,69.034653,691.037537,-27.088060
461,2.305000,44.475319,264.643860,-70.780838,266.494263,-209.295578,-72.599495,69.732437,-302.835663,-68.973358,-136.211609,-228.513840,-65.013245,-227.650665,-30.647499,-60.082169,-153.065063,173.216263,-61.848660,248.628754,189.026352,-73.210167,339.346741,-8.723650,-72.384956,55.672958,20.731468,-81.266907,68.980827,686.642700,-27.057125
462,2.310000,44.484753,264.648224,-70.772789,266.493988,-209.301544,-72.597908,69.732162,-302.822662,-68.959839,-136.212982,-228.514786,-65.009270,-227.643066,-30.640257,-60.052731,-153.062057,173.223404,-61.832157,248.628708,189.020767,-73.189781,339.348358,-8.728662,-72.374016,55.677460,20.746286,-81.248772,68.940384,681.969055,-27.115484
463,2.315000,44.481998,264.654205,-70.747849,266.506622,-209.296890,-72.601173,69.737877,-302.819885,-68.955437,-136.205490,-228.504440,-64.990730,-227.640350,-30.638214,-60.047581,-153.054977,173.226852,-61.820621,248.626511,189.027115,-73.178490,339.347717,-8.725684,-72.364922,55.672821,20.748463,-81.235550,68.854362,677.130371,-27.140215
464,2.320000,44.471523,264.654877,-70.760963,266.501404,-209.294144,-72.591431,69.731529,-302.819702,-68.948807,-136.203918,-228.507812,-64.993813,-227.642014,-30.638382,-60.057022,-153.058914,173.231628,-61.814022,248.626007,189.029648,-73.188583,339.352722,-8.721988,-72.371620,55.679562,20.750591,-81.248352,68.788300,672.020081,-27.169928
465,2.325000,44.467438,264.652832,-70.753708,266.499420,-209.289536,-72.586205,69.734253,-302.819763,-68.949203,-136.205276,-228.512863,-64.988670,-227.643295,-30.642641,-60.059128,-153.064178,173.227875,-61.822491,248.627136,189.032990,-73.180824,339.345917,-8.718169,-72.362259,55.671654,20.750051,-81.234512,68.729485,666.678711,-27.219616
466,2.330000,44.472309,264.654877,-70.751831,266.506317,-209.286926,-72.586281,69.738602,-302.819305,-68.949715,-136.203888,-228.511261,-64.992401,-227.647095,-30.643208,-60.050999,-153.072037,173.222473,-61.831486,248.619843,189.035934,-73.172203,339.344452,-8.712151,-72.365524,55.680817,20.753819,-81.238251,68.665192,661.132202,-27.274050
467,2.335000,44.466728,264.653931,-70.751610,266.500519,-209.289871,-72.595543,69.732498,-302.810333,-68.955826,-136.202423,-228.510544,-64.994209,-227.651184,-30.645845,-60.048252,-153.068787,173.227219,-61.822048,248.625549,189.038635,-73.200844,339.349548,-8.713250,-72.366524,55.670418,20.753506,-81.235123,68.586220,655.394836,-27.289980
468,2.340000,44.483479,264.651367,-70.778549,266.496216,-209.292480,-72.612839,69.739235,-302.824463,-68.981728,-136.211136,-228.510651,-65.004173,-227.645676,-30.637150,-60.062206,-153.057693,173.228592,-61.832779,248.627655,189.037704,-73.203316,339.346558,-8.716221,-72.386765,55.680874,20.761637,-81.250076,68.489952,649.362610,-27.326670
469,2.345000,44.476757,264.653717,-70.778717,266.498505,-209.291779,-72.623474,69.732910,-302.818970,-68.973648,-136.204773,-228.511856,-65.018059,-227.648010,-30.642223,-60.079231,-153.064072,173.227737,-61.840397,248.626312,189.031143,-73.211220,339.347198,-8.724024,-72.395882,55.673359,20.745159,-81.261307,68.399994,643.194763,-27.371620
470,2.350000,44.470070,264.657013,-70.775604,266.491638,-209.296799,-72.610863,69.731522,-302.819031,-68.982231,-136.208908,-228.507996,-65.027382,-227.644104,-30.633577,-60.079124,-153.058624,173.229980,-61.849831,248.626480,189.026260,-73.215439,339.352875,-8.717992,-72.392418,55.673420,20.750038,-81.266075,68.331924,636.771606,-27.446493
471,2.355000,44.473198,264.653503,-70.787079,266.497711,-209.293564,-72.619774,69.742233,-302.825378,-68.991470,-136.212845,-228.505676,-65.030121,-227.651688,-30.644960,-60.086102,-153.071808,173.229126,-61.847710,248.625854,189.034546,-73.213051,339.339691,-8.717660,-72.377357,55.665619,20.754570,-81.267929,68.268944,630.103577,-27.496101
472,2.360000,44.469906,264.659302,-70.784943,266.500916,-209.282898,-72.609329,69.741356,-302.816132,-68.972908,-136.201874,-228.514206,-65.033638,-227.645828,-30.643923,-60.083031,-153.063538,173.224396,-61.849033,248.623672,189.040146,-73.208351,339.346802,-8.713704,-72.394806,55.677650,20.753262,-81.268196,68.179428,623.232849,-27.569326
473,2.365000,44.469944,264.661102,-70.771698,266.503082,-209.283112,-72.618828,69.742775,-302.816040,-68.973183,-136.196518,-228.507980,-65.016136,-227.646240,-30.648111,-60.075283,-153.070297,173.222931,-61.839211,248.626541,189.039261,-73.214310,339.347046,-8.701583,-72.383888,55.683266,20.750450,-81.262306,68.113991,616.133667,-27.613138
474,2.370000,44.469990,264.659241,-70.773972,266.505096,-209.283081,-72.616661,69.739120,-302.812103,-68.980759,-136.202621,-228.508362,-65.020119,-227.644150,-30.639387,-60.063042,-153.063843,173.226303,-61.840080,248.626526,189.046066,-73.207199,339.341248,-8.710091,-72.377151,55.675629,20.756208,-81.258347,67.988205,608.813293,-27.651112
475,2.375000,44.478355,264.662750,-70.772369,266.504822,-209.282898,-72.608093,69.738892,-302.813293,-68.970253,-136.204788,-228.504791,-65.014771,-227.642166,-30.640360,-60.072216,-153.058945,173.228806,-61.841167,248.634125,189.037796,-73.200539,339.344788,-8.711421,-72.378502,55.682693,20.754658,-81.262047,67.904579,601.270508,-27.699314
476,2.380000,44.480602,264.651764,-70.788284,266.497437,-209.286026,-72.613892,69.733955,-302.815491,-68.974197,-136.206085,-228.501770,-65.012856,-227.637924,-30.631996,-60.064606,-153.052963,173.227249,-61.837414,248.635849,189.046753,-73.200195,339.350525,-8.714947,-72.385666,55.683498,20.752205,-81.263458,67.815117,593.523315,-27.728466
477,2.385000,44.475658,264.655182,-70.769806,266.493652,-209.294769,-72.612694,69.737152,-302.818481,-68.984535,-136.207581,-228.504654,-65.019653,-227.647186,-30.626795,-60.069969,-153.060196,173.221420,-61.851711,248.633835,189.047546,-73.198685,339.347260,-8.725609,-72.391876,55.680126,20.750370,-81.251595,67.694885,585.388611,-27.935072
478,2.390000,44.479061,264.654724,-70.775490,266.494049,-209.296219,-72.612671,69.731613,-302.813354,-68.978096,-136.210648,-228.506851,-65.016716,-227.648254,-30.643002,-60.080532,-153.069412,173.224518,-61.842148,248.631546,189.053055,-73.197311,339.348145,-8.721851,-72.379440,55.683640,20.742313,-81.271980,67.595207,577.149902,-27.976742
479,2.395000,44.466164,264.653412,-70.780556,266.505524,-209.286026,-72.619858,69.735069,-302.814484,-68.969048,-136.194458,-228.516968,-65.019356,-227.639740,-30.645592,-60.079651,-153.076126,173.226593,-61.834679,248.628876,189.050873,-73.199142,339.346680,-8.713424,-72.387299,55.680721,20.749559,-81.253601,67.482643,568.704346,-28.053064
480,2.400000,44.469048,264.650787,-70.774178,266.507355,-209.288376,-72.610748,69.746101,-302.823669,-68.976250,-136.197311,-228.518616,-65.016739,-227.640076,-30.652529,-60.086285,-153.082932,173.229370,-61.813713,248.628021,189.047562,-73.191933,339.350739,-8.710230,-72.376068,55.678043,20.742826,-81.252563,67.380173,560.054443,-28.133150
481,2.405000,44.469296,264.652252,-70.763573,266.499359,-209.292938,-72.602997,69.744301,-302.819092,-68.957283,-136.202515,-228.511459,-65.016869,-227.639481,-30.644373,-60.067898,-153.084503,173.237930,-61.810921,248.625397,189.055420,-73.185295,339.345886,-8.712933,-72.362320,55.674385,20.747978,-81.242500,67.263168,551.225098,-28.178852
482,2.410000,44.476460,264.654236,-70.766411,266.498413,-209.293503,-72.611526,69.739243,-302.820404,-68.975151,-136.208115,-228.512085,-65.009842,-227.644135,-30.640577,-60.055813,-153.082275,173.245758,-61.806919,248.632965,189.057495,-73.179604,339.347107,-8.716893,-72.370125,55.682144,20.747416,-81.256813,67.142845,542.130371,-28.227289
483,2.415000,44.486214,264.653595,-70.765472,266.504547,-209.298264,-72.604790,69.736549,-302.817963,-68.957413,-136.200150,-228.504440,-65.002022,-227.639496,-30.632277,-60.049358,-153.068329,173.252258,-61.807972,248.639557,189.049576,-73.176476,339.354614,-8.716824,-72.378738,55.681046,20.743773,-81.254951,67.020714,532.844299,-28.269312
484,2.420000,44.488316,264.655762,-70.764015,266.504974,-209.294571,-72.598228,69.746361,-302.814728,-68.959106,-136.196671,-228.502914,-64.995689,-227.639954,-30.633286,-60.054646,-153.073074,173.248596,-61.794106,248.637177,189.053009,-73.177139,339.352203,-8.719996,-72.368561,55.685104,20.744860,-81.248505,66.874458,523.344116,-28.278179
485,2.425000,44.481773,264.654999,-70.762634,266.505249,-209.294342,-72.614853,69.741699,-302.816254,-68.957565,-136.196198,-228.507217,-64.999420,-227.637299,-30.632137,-60.056129,-153.078583,173.246201,-61.801010,248.636993,189.060654,-73.172729,339.348419,-8.712351,-72.363708,55.688110,20.745117,-81.255264,66.746681,513.606873,-28.375572
486,2.430000,44.474533,264.654694,-70.755173,266.504730,-209.286621,-72.614494,69.742035,-302.819672,-68.967430,-136.191986,-228.502029,-65.005699,-227.641998,-30.638523,-60.064529,-153.083817,173.247147,-61.793472,248.626022,189.068298,-73.164780,339.345184,-8.717263,-72.380920,55.689022,20.752794,-81.258316,66.632111,503.677429,-28.404032
487,2.435000,44.471825,264.661469,-70.777779,266.500366,-209.287613,-72.611916,69.741531,-302.809814,-68.970482,-136.200882,-228.511353,-65.013840,-227.648773,-30.634615,-60.059654,-153.088852,173.245178,-61.806301,248.621216,189.070480,-73.174873,339.344208,-8.713963,-72.385124,55.673592,20.749866,-81.253036,66.497215,493.509277,-28.479345
488,2.440000,44.472240,264.657166,-70.768730,266.503815,-209.289505,-72.607697,69.733681,-302.817169,-68.962852,-136.200272,-228.504730,-65.007744,-227.644867,-30.643534,-60.068958,-153.082184,173.244934,-61.800682,248.622025,189.072830,-73.169373,339.343719,-8.715135,-72.377411,55.673531,20.747019,-81.248581,66.367050,483.113464,-28.571348
489,2.445000,44.480251,264.657654,-70.773331,266.499298,-209.288284,-72.602814,69.729607,-302.817871,-68.962967,-136.199585,-228.503433,-65.011162,-227.643997,-30.638550,-60.075943,-153.081314,173.251785,-61.808052,248.626389,189.070404,-73.171906,339.341888,-8.716212,-72.376617,55.677578,20.747698,-81.255379,66.217346,472.516876,-28.615673
490,2.450000,44.484264,264.655762,-70.780830,266.499725,-209.287216,-72.611992,69.740944,-302.810394,-68.969086,-136.209549,-228.506729,-65.015762,-227.643021,-30.633263,-60.072731,-153.076935,173.253784,-61.811970,248.633530,189.067673,-73.176384,339.344604,-8.716863,-72.384079,55.673977,20.752066,-81.251152,66.068748,461.691162,-28.676577
491,2.455000,44.480400,264.661835,-70.775414,266.501251,-209.292145,-72.616951,69.748535,-302.819305,-68.981956,-136.202240,-228.498245,-65.003250,-227.643753,-30.634104,-60.065392,-153.071793,173.254166,-61.819595,248.634277,189.067322,-73.170425,339.347229,-8.714409,-72.379272,55.679337,20.754787,-81.251526,65.915291,450.759766,-28.615612
492,2.460000,44.447124,264.499756,-70.794678,266.496918,-209.364716,-72.603874,69.743271,-302.889496,-68.962967,-136.209076,-228.599411,-65.013412,-227.663040,-30.742603,-60.114876,-153.138504,173.158981,-61.831860,248.622955,188.981308,-73.199432,339.345825,-8.788964,-72.412865,55.664532,20.668308,-81.283897,65.414268,440.019012,-28.363157
493,2.465000,44.336330,264.174438,-70.514549,266.477478,-209.554123,-72.659637,69.728119,-303.086212,-68.914391,-136.227570,-228.868439,-65.083115,-227.736847,-31.026485,-60.253719,-153.317520,172.882431,-61.737122,248.570496,188.752106,-73.116127,339.294678,-8.967361,-72.506973,55.592285,20.470472,-81.289375,65.516602,430.361938,-28.244875
494,2.470000,44.353115,263.850616,-70.430290,266.414551,-209.823303,-72.717735,69.663620,-303.339294,-69.128242,-136.293137,-229.068619,-65.217903,-227.764374,-31.231405,-60.235729,-153.322876,172.669739,-61.635288,248.628067,188.428787,-73.034927,339.285461,-9.288713,-72.474594,55.577450,20.253391,-81.318115,65.392540,420.757416,-28.219538
495,2.475000,44.449627,263.627533,-70.440681,266.356232,-210.091370,-72.806366,69.616394,-303.554077,-69.139435,-136.356720,-229.195755,-65.273392,-227.775513,-31.333889,-60.425117,-153.249817,172.544769,-61.750919,248.732910,188.161545,-73.152069,339.299377,-9.573921,-72.714661,55.613640,20.052359,-81.414131,65.173195,413.497223,-28.271204
496,2.480000,44.724388,263.467072,-70.623856,266.207367,-210.419571,-72.801407,69.474388,-303.747894,-69.170364,-136.509415,-229.177170,-65.215927,-227.754013,-31.232798,-60.371319,-153.047791,172.567444,-61.848511,248.927811,187.867950,-73.319252,339.345764,-9.980048,-72.758919,55.674248,19.908213,-81.469360,65.245453,407.913116,-28.419373
497,2.485000,44.583736,263.433014,-70.359550,266.097687,-210.445267,-72.952934,69.367943,-303.757050,-69.267464,-136.633987,-229.206039,-65.285950,-227.873169,-31.270012,-60.381123,-153.202774,172.510345,-61.659725,248.821838,187.847351,-73.205276,339.210327,-10.002928,-72.849136,55.514351,19.901768,-81.459740,65.135941,405.259094,-28.136765
498,2.490000,44.462757,263.424591,-70.480843,266.166840,-210.346725,-73.029411,69.434837,-303.698608,-69.391014,-136.535980,-229.286407,-65.426338,-227.866058,-31.387833,-60.475151,-153.279221,172.439880,-61.756359,248.739105,187.923111,-73.293709,339.218048,-9.865283,-72.913803,55.498997,19.912230,-81.506889,65.195351,404.705383,-28.262320
499,2.495000,44.564236,263.489288,-70.440407,266.256714,-210.293762,-72.878654,69.504959,-303.679932,-69.250404,-136.448212,-229.246338,-65.382492,-227.788773,-31.342323,-60.491467,-153.171783,172.494308,-61.773010,248.824738,187.979630,-73.215164,339.312866,-9.812386,-72.795929,55.614643,19.934828,-81.462334,65.200394,406.805695,-28.267227
500,2.500000,44.526794,263.543915,-70.342705,266.204651,-210.275650,-72.665100,69.482544,-303.691223,-69.108208,-136.509232,-229.196503,-65.156784,-227.824814,-31.290051,-60.272121,-153.205856,172.546188,-61.638058,248.773331,187.998032,-73.012680,339.257965,-9.794979,-72.470741,55.561611,19.959080,-81.313194,65.216499,410.944550,-28.081694
501,2.505000,44.397343,263.678070,-70.293594,266.223267,-210.115479,-72.682457,69.497620,-303.549744,-69.083305,-136.482117,-229.158707,-65.157021,-227.848862,-31.275381,-60.231926,-153.303955,172.574875,-61.558613,248.658112,188.154587,-72.997284,339.215088,-9.595549,-72.486458,55.502052,20.064642,-81.244263,65.354805,417.231232,-28.083639
502,2.510000,44.256226,263.847992,-70.397293,266.438385,-209.824295,-72.766747,69.663475,-303.361725,-69.088318,-136.267242,-229.179764,-65.199280,-227.785049,-31.349514,-60.209396,-153.384933,172.569000,-61.594273,248.525497,188.439423,-73.007057,339.244171,-9.259612,-72.494217,55.523647,20.205015,-81.215714,65.444298,425.043762,-28.093349
503,2.515000,44.329529,264.092133,-70.412766,266.506836,-209.667084,-72.571342,69.740135,-303.182343,-68.895493,-136.200409,-229.022018,-65.039070,-227.718231,-31.196123,-60.060421,-153.294235,172.719849,-61.547894,248.534378,188.645523,-72.944374,339.295868,-9.082922,-72.339531,55.609486,20.343346,-81.161270,65.322212,434.112518,-27.920393
504,2.520000,44.320709,264.360626,-70.491455,266.444885,-209.505798,-72.467606,69.701752,-302.999542,-68.823135,-136.260239,-228.794586,-64.877312,-227.729202,-30.947916,-59.960598,-153.266220,172.948837,-61.610786,248.499329,188.848328,-72.895073,339.250885,-8.898478,-72.185158,55.584354,20.535963,-81.102402,65.715820,443.503662,-28.145794
505,2.525000,44.407101,264.610657,-70.626945,266.447632,-209.325989,-72.532066,69.683830,-302.815887,-68.875763,-136.255508,-228.557068,-64.948425,-227.698013,-30.682264,-59.987328,-153.163147,173.200195,-61.705963,248.564285,189.039551,-73.039528,339.290497,-8.735705,-72.265343,55.623798,20.727594,-81.131691,65.843521,452.772675,-28.532259
506,2.530000,44.514378,264.688538,-70.619286,266.439850,-209.288055,-72.547798,69.668961,-302.782104,-68.857307,-136.266327,-228.433517,-64.864220,-227.670319,-30.551252,-59.933144,-153.054718,173.329529,-61.691647,248.654907,189.062546,-73.051582,339.325104,-8.734381,-72.286995,55.666084,20.774452,-81.108635,66.000595,462.142029,-28.641830
507,2.535000,44.522705,264.687256,-70.451141,266.376190,-209.317139,-72.440269,69.616371,-302.801300,-68.815628,-136.347778,-228.405884,-64.750061,-227.694672,-30.505264,-59.760170,-153.063080,173.366898,-61.508732,248.648956,189.030045,-72.906815,339.293182,-8.785807,-72.194153,55.635738,20.772791,-81.048027,66.146744,471.767273,-28.502176
508,2.540000,44.530361,264.628571,-70.478973,266.449738,-209.361664,-72.512146,69.691360,-302.831696,-68.853340,-136.268250,-228.486694,-64.816093,-227.662415,-30.595121,-59.846672,-153.068497,173.277832,-61.580246,248.654739,188.998642,-72.930550,339.329590,-8.798880,-72.229836,55.662460,20.748011,-81.064247,66.241516,480.954315,-28.485813
509,2.545000,44.528194,264.600037,-70.749695,266.582886,-209.328979,-72.581955,69.809296,-302.861176,-68.954895,-136.115265,-228.568878,-64.994545,-227.578323,-30.702799,-60.047215,-153.037216,173.200211,-61.782906,248.669403,189.033401,-73.131447,339.416382,-8.750494,-72.359138,55.735935,20.705624,-81.202515,66.402740,489.510010,-28.556301
510,2.550000,44.406651,264.623474,-70.791733,266.517517,-209.269333,-72.528236,69.789070,-302.875397,-68.952583,-136.166183,-228.566849,-65.022942,-227.650742,-30.712168,-60.096405,-153.126266,173.178177,-61.792049,248.572647,189.064392,-73.159081,339.333954,-8.694684,-72.344582,55.656456,20.695324,-81.244247,66.525894,497.914612,-28.610971
511,2.555000,44.298641,264.653503,-70.701805,266.398010,-209.234863,-72.517723,69.702904,-302.851654,-68.989418,-136.285965,-228.533752,-65.007584,-227.750610,-30.671938,-60.040745,-153.224991,173.205902,-61.716091,248.474777,189.085907,-73.091660,339.219543,-8.664061,-72.316330,55.581970,20.718449,-81.265022,66.621429,506.303680,-28.559248
512,2.560000,44.394852,264.660736,-70.849808,266.468842,-209.241806,-72.699196,69.768089,-302.851776,-69.136063,-136.214111,-228.525146,-65.154572,-227.682114,-30.667982,-60.157703,-153.138840,173.217316,-61.828243,248.557816,189.083923,-73.271660,339.296448,-8.675569,-72.495461,55.666821,20.726158,-81.379143,66.731239,514.265503,-28.541857
513,2.565000,44.537563,264.662354,-71.060257,266.521606,-209.283981,-72.809242,69.795952,-302.857361,-69.199921,-136.160370,-228.496567,-65.240906,-227.608551,-30.618443,-60.279129,-153.023010,173.260071,-62.008965,248.672302,189.053894,-73.433281,339.399292,-8.721997,-72.624916,55.730453,20.733055,-81.465721,66.864632,521.908936,-28.558235
514,2.570000,44.583687,264.662689,-70.976501,266.461426,-209.347855,-72.723747,69.706665,-302.828094,-69.103081,-136.243332,-228.453125,-65.173798,-227.627029,-30.558718,-60.224072,-153.000687,173.296906,-61.963093,248.704269,189.013382,-73.349854,339.369720,-8.787055,-72.513107,55.689526,20.754259,-81.382698,66.994644,529.390442,-28.535769
515,2.575000,44.580059,264.659485,-70.847450,266.452972,-209.376022,-72.691002,69.696854,-302.816467,-69.078506,-136.254913,-228.464401,-65.139671,-227.642853,-30.562063,-60.164433,-153.023865,173.283569,-61.883316,248.700821,189.002151,-73.235527,339.361267,-8.793495,-72.439079,55.694183,20.764160,-81.338028,67.076027,536.592285,-28.501049
516,2.580000,44.540627,264.685211,-70.877708,266.515717,-209.294525,-72.683372,69.782082,-302.792114,-69.094978,-136.176575,-228.471741,-65.149681,-227.610229,-30.606667,-60.174164,-153.027542,173.268173,-61.878231,248.680222,189.066284,-73.264130,339.394196,-8.717587,-72.478081,55.727081,20.783848,-81.331329,67.188362,543.492432,-28.448303
517,2.585000,44.474880,264.693542,-70.890244,266.533051,-209.227142,-72.641403,69.808311,-302.786255,-69.033234,-136.145126,-228.493759,-65.091087,-227.625122,-30.630539,-60.150700,-153.071182,173.244507,-61.886604,248.624878,189.104904,-73.274338,339.377441,-8.657969,-72.477455,55.705723,20.779770,-81.318657,67.301025,550.100159,-28.381929
518,2.590000,44.432365,264.685913,-70.758179,266.520355,-209.237015,-72.598305,69.779022,-302.756348,-68.945747,-136.169495,-228.505539,-64.994843,-227.646088,-30.650406,-60.038948,-153.115417,173.225464,-61.801426,248.599426,189.116516,-73.158302,339.341064,-8.639731,-72.360565,55.669342,20.794542,-81.231384,67.390213,556.482117,-28.302963
519,2.595000,44.472504,264.717255,-70.651398,266.531342,-209.217361,-72.604340,69.742439,-302.701263,-68.917915,-136.161407,-228.465698,-64.994942,-227.629623,-30.610859,-60.017143,-153.084656,173.274063,-61.757767,248.631424,189.131622,-73.089920,339.367523,-8.632797,-72.336655,55.676006,20.851542,-81.180099,67.472229,562.615356,-28.208355
520,2.600000,44.544289,264.663025,-70.811821,266.516205,-209.289352,-72.687218,69.716713,-302.774872,-68.998093,-136.186630,-228.475632,-65.070671,-227.608459,-30.599072,-60.112251,-153.019897,173.274506,-61.895557,248.683167,189.061752,-73.215782,339.385803,-8.731116,-72.422035,55.699337,20.781317,-81.261566,67.547646,568.395752,-28.137535
521,2.605000,44.571995,264.661102,-70.828362,266.470612,-209.314163,-72.638939,69.686081,-302.812561,-68.965347,-136.244980,-228.445328,-65.024895,-227.629120,-30.552336,-60.091541,-153.002258,173.317474,-61.902634,248.694534,189.019730,-73.246819,339.363983,-8.768967,-72.408783,55.692493,20.751501,-81.271477,67.583298,573.978882,-28.052429
522,2.610000,44.568211,264.672028,-70.763458,266.474884,-209.310730,-72.656548,69.698936,-302.805969,-68.997719,-136.236633,-228.447296,-65.014267,-227.622910,-30.547922,-60.055233,-153.004501,173.297775,-61.847263,248.694214,189.034988,-73.182159,339.361633,-8.759205,-72.393921,55.704491,20.762371,-81.271187,67.630936,579.261658,-27.972639
523,2.615000,44.524277,264.639801,-70.682678,266.510986,-209.310287,-72.642433,69.729546,-302.835449,-68.978363,-136.201416,-228.499954,-64.993668,-227.625015,-30.620682,-60.021515,-153.022018,173.240723,-61.791153,248.670792,189.020401,-73.131874,339.368103,-8.755397,-72.363464,55.701923,20.729057,-81.221939,67.707558,584.234314,-27.881918
524,2.620000,44.441292,264.622162,-70.789062,266.485596,-209.294434,-72.623779,69.722824,-302.854706,-68.977203,-136.218231,-228.532196,-65.019371,-227.663025,-30.668476,-60.094666,-153.084122,173.207504,-61.868977,248.601105,189.029709,-73.215088,339.323853,-8.722921,-72.387299,55.653744,20.706804,-81.263657,67.758232,589.008240,-27.829765
525,2.625000,44.387314,264.632233,-70.764191,266.496704,-209.269623,-72.557144,69.731529,-302.832550,-68.912643,-136.212952,-228.551529,-64.982277,-227.677292,-30.700899,-60.067047,-153.121109,173.189362,-61.845947,248.565765,189.051208,-73.163765,339.310059,-8.694656,-72.329636,55.641201,20.715527,-81.228157,67.813362,593.526062,-27.793722
526,2.630000,44.431423,264.643280,-70.650673,266.537201,-209.265991,-72.538605,69.781303,-302.818542,-68.893898,-136.161606,-228.541916,-64.943642,-227.642731,-30.695354,-60.014767,-153.086807,173.193695,-61.760269,248.613571,189.061661,-73.076195,339.353577,-8.687216,-72.278648,55.695122,20.729101,-81.194199,67.838928,597.750000,-27.771938
527,2.635000,44.496189,264.668427,-70.643745,266.515991,-209.283752,-72.539612,69.761337,-302.804932,-68.906937,-136.180725,-228.493179,-64.925842,-227.624146,-30.621916,-59.962788,-153.041840,173.235489,-61.745880,248.651917,189.049316,-73.082458,339.366516,-8.700907,-72.292549,55.710030,20.755968,-81.173569,67.909691,601.753601,-27.770061
528,2.640000,44.534786,264.651520,-70.739388,266.452057,-209.346359,-72.570984,69.711121,-302.836212,-68.926697,-136.258362,-228.463654,-64.910896,-227.649948,-30.576078,-59.977398,-153.022690,173.269394,-61.779140,248.664627,189.000916,-73.179916,339.341553,-8.775981,-72.357300,55.679672,20.752609,-81.204109,67.971916,605.439331,-27.747858
529,2.645000,44.556393,264.627014,-70.680328,266.456421,-209.393051,-72.545845,69.734138,-302.844757,-68.917320,-136.254654,-228.488007,-64.887939,-227.639221,-30.589582,-59.939041,-153.018356,173.234146,-61.732071,248.679184,188.969330,-73.114769,339.356384,-8.809751,-72.335411,55.702148,20.737621,-81.168510,67.987595,609.021545,-27.564312
530,2.650000,44.519684,264.655243,-70.648773,266.486267,-209.341095,-72.517311,69.761360,-302.805237,-68.925705,-136.204742,-228.486206,-64.932251,-227.625687,-30.606115,-59.966331,-153.031311,173.222366,-61.714790,248.663300,189.018341,-73.094933,339.374451,-8.755787,-72.324135,55.706940,20.775246,-81.176117,68.040497,612.219421,-27.585863
531,2.655000,44.442478,264.661926,-70.752861,266.482544,-209.274139,-72.529968,69.757439,-302.811310,-68.951057,-136.204727,-228.497375,-64.994614,-227.658371,-30.636404,-60.049965,-153.089264,173.213028,-61.786377,248.595657,189.055405,-73.154739,339.328583,-8.689837,-72.345932,55.672279,20.755711,-81.226044,68.081062,615.097107,-27.558023
532,2.660000,44.367355,264.667633,-70.805862,266.480408,-209.234421,-72.559990,69.751312,-302.816956,-68.967560,-136.208832,-228.519501,-65.022667,-227.683914,-30.672344,-60.089897,-153.135300,173.196243,-61.841534,248.538651,189.076035,-73.209007,339.296875,-8.658927,-72.367287,55.641064,20.740948,-81.262520,68.084526,617.742981,-27.605938
533,2.665000,44.362232,264.668457,-70.749413,266.479980,-209.237900,-72.598740,69.756073,-302.799377,-68.980484,-136.205536,-228.526932,-65.028191,-227.682159,-30.673107,-60.073196,-153.140335,173.193359,-61.806610,248.541336,189.078537,-73.190544,339.293243,-8.663889,-72.379173,55.654556,20.758369,-81.257812,68.147598,620.102844,-27.617422
534,2.670000,44.433380,264.661499,-70.784119,266.467682,-209.278580,-72.635185,69.733101,-302.794769,-69.020439,-136.222763,-228.505981,-65.069077,-227.667282,-30.639069,-60.098564,-153.096481,173.221222,-61.845432,248.592102,189.051804,-73.216278,339.323761,-8.700919,-72.417236,55.656593,20.768297,-81.274200,68.168381,622.242126,-27.634365
535,2.675000,44.524643,264.669586,-70.872147,266.469025,-209.319366,-72.670830,69.698853,-302.813660,-69.032509,-136.246048,-228.464645,-65.094551,-227.648911,-30.586668,-60.143715,-153.027496,173.272568,-61.913506,248.660202,189.021423,-73.278625,339.350494,-8.751945,-72.454109,55.674038,20.776291,-81.306618,68.169014,624.053040,-27.623354
536,2.680000,44.572479,264.674622,-70.837311,266.471924,-209.317276,-72.647575,69.714073,-302.832062,-69.027802,-136.235992,-228.434052,-65.068329,-227.631241,-30.546432,-60.121174,-152.987579,173.306702,-61.886929,248.699356,189.007126,-73.242241,339.368713,-8.759471,-72.421631,55.706909,20.764343,-81.313324,68.209892,625.634216,-27.624933
537,2.685000,44.536457,264.678619,-70.725449,266.457184,-209.279663,-72.589523,69.722961,-302.817688,-69.004333,-136.235153,-228.436737,-65.026268,-227.646606,-30.553991,-60.052731,-153.008362,173.301208,-61.809162,248.672394,189.022308,-73.160347,339.344971,-8.733618,-72.358459,55.697819,20.750784,-81.265816,68.260521,626.921265,-27.657272
538,2.690000,44.459377,264.696350,-70.732910,266.467041,-209.237366,-72.619827,69.723381,-302.791321,-68.991325,-136.225296,-228.449982,-65.007225,-227.664764,-30.576263,-60.040848,-153.063461,173.280655,-61.824959,248.606934,189.071854,-73.186119,339.316071,-8.676758,-72.365402,55.665184,20.776669,-81.254272,68.258675,627.974792,-27.618019
539,2.695000,44.425713,264.691040,-70.828094,266.520355,-209.215195,-72.663811,69.754547,-302.770660,-68.987343,-136.180267,-228.495392,-65.061729,-227.650162,-30.634453,-60.110214,-153.093430,173.241837,-61.884922,248.596985,189.095688,-73.265694,339.340363,-8.637081,-72.426498,55.665085,20.783766,-81.297012,68.293221,628.753235,-27.628540
540,2.700000,44.441093,264.663818,-70.816330,266.534607,-209.248047,-72.680321,69.749428,-302.786774,-68.999420,-136.156219,-228.529404,-65.083801,-227.632202,-30.670042,-60.134933,-153.082901,173.221710,-61.893948,248.614456,189.076202,-73.259293,339.361816,-8.670375,-72.435051,55.663754,20.772043,-81.291222,68.301659,629.272644,-27.586201
541,2.705000,44.465855,264.650970,-70.788322,266.492523,-209.290024,-72.675446,69.713951,-302.790527,-69.007935,-136.210815,-228.509857,-65.085045,-227.647919,-30.644562,-60.114807,-153.071960,173.232040,-61.890244,248.618073,189.050400,-73.217331,339.337891,-8.712956,-72.391495,55.665798,20.765285,-81.265434,68.320145,629.526550,-27.558525
542,2.710000,44.514263,264.666382,-70.816696,266.470184,-209.296616,-72.668129,69.700394,-302.783203,-68.994820,-136.241501,-228.468414,-65.066956,-227.650650,-30.583946,-60.114437,-153.037827,173.275101,-61.901974,248.653702,189.031860,-73.226540,339.334290,-8.738175,-72.401772,55.679356,20.770697,-81.285873,68.305611,629.520386,-27.519264
543,2.715000,44.563992,264.670929,-70.834641,266.489563,-209.318390,-72.656982,69.729324,-302.809723,-69.005402,-136.216782,-228.453461,-65.038605,-227.627747,-30.563900,-60.087677,-152.993561,173.283142,-61.899750,248.694443,189.015839,-73.251869,339.380280,-8.759248,-72.435600,55.726482,20.758749,-81.298767,68.273239,629.192078,-27.481861
544,2.720000,44.560532,264.649719,-70.782326,266.490540,-209.337799,-72.655792,69.730743,-302.825226,-69.007736,-136.209305,-228.481644,-65.021988,-227.619125,-30.596239,-60.073509,-153.003616,173.257660,-61.836712,248.689316,188.995056,-73.227882,339.375732,-8.765467,-72.420479,55.712322,20.749247,-81.279175,68.300774,628.726074,-27.484100
545,2.725000,44.504452,264.641663,-70.786095,266.506195,-209.327744,-72.648933,69.743584,-302.812134,-68.985619,-136.205200,-228.516479,-65.027405,-227.637497,-30.635374,-60.078270,-153.044342,173.231888,-61.847595,248.654099,189.020309,-73.192749,339.366943,-8.746336,-72.405014,55.694633,20.752697,-81.259369,68.277473,628.037598,-27.460295
546,2.730000,44.466377,264.649628,-70.793617,266.533142,-209.290741,-72.593506,69.798859,-302.813202,-68.952896,-136.166580,-228.538162,-65.017517,-227.625641,-30.669504,-60.087845,-153.065948,173.205215,-61.846783,248.633224,189.047119,-73.205040,339.365082,-8.700851,-72.370689,55.701984,20.755035,-81.245895,68.280258,627.105835,-27.464577
547,2.735000,44.442806,264.671936,-70.741722,266.534698,-209.244812,-72.541565,69.809708,-302.806946,-68.933151,-136.151932,-228.518921,-64.974991,-227.630112,-30.666229,-60.054367,-153.081055,173.210876,-61.821301,248.617233,189.080948,-73.158493,339.354889,-8.663996,-72.323853,55.693043,20.762146,-81.212852,68.264313,625.969788,-27.435062
548,2.740000,44.459816,264.678406,-70.676903,266.501984,-209.257553,-72.531410,69.775337,-302.804932,-68.924179,-136.184830,-228.484314,-64.938934,-227.641388,-30.632557,-59.986740,-153.067856,173.239365,-61.739758,248.619598,189.064926,-73.108078,339.341461,-8.683390,-72.311852,55.689049,20.755671,-81.200119,68.233856,624.570923,-27.429003
549,2.745000,44.512787,264.668762,-70.687111,266.482697,-209.291824,-72.536972,69.751999,-302.845490,-68.955704,-136.214462,-228.463776,-64.924271,-227.637482,-30.587862,-59.982803,-153.027954,173.262268,-61.748295,248.659286,189.020966,-73.147514,339.353333,-8.739625,-72.345253,55.691700,20.747129,-81.211136,68.200096,622.892090,-27.480158
550,2.750000,44.561527,264.664215,-70.731148,266.480438,-209.327072,-72.540466,69.749390,-302.847076,-68.948219,-136.220108,-228.461014,-64.933220,-227.624481,-30.574543,-59.996712,-152.993317,173.270355,-61.764603,248.688507,188.996689,-73.172684,339.377441,-8.770247,-72.356506,55.713642,20.728746,-81.222847,68.201157,621.085876,-27.491913
551,2.755000,44.537918,264.650818,-70.711769,266.471863,-209.333221,-72.534004,69.744293,-302.846436,-68.953720,-136.224930,-228.478760,-64.962486,-227.635605,-30.594810,-60.013195,-153.012573,173.250076,-61.774399,248.672913,188.990860,-73.136406,339.358093,-8.768817,-72.328728,55.710545,20.730274,-81.228050,68.160568,618.952148,-27.513453
552,2.760000,44.467453,264.635345,-70.709618,266.476562,-209.315247,-72.550774,69.746147,-302.834717,-68.948936,-136.232819,-228.512985,-64.976219,-227.655701,-30.637709,-60.024563,-153.068146,173.217346,-61.782169,248.618805,189.020752,-73.117294,339.334320,-8.739030,-72.318237,55.682022,20.728828,-81.226944,68.092712,616.681824,-27.517273
553,2.765000,44.419846,264.640320,-70.772385,266.497559,-209.279053,-72.574959,69.758911,-302.835205,-68.951881,-136.194717,-228.534958,-64.994431,-227.653076,-30.675344,-60.064251,-153.102509,173.193787,-61.819466,248.582169,189.045853,-73.186958,339.328400,-8.699347,-72.367134,55.664455,20.735649,-81.244659,68.061218,614.176208,-27.592819
554,2.770000,44.409935,264.634857,-70.809418,266.509033,-209.270950,-72.630432,69.751495,-302.821899,-68.979187,-136.182312,-228.555740,-65.032295,-227.656845,-30.694664,-60.101517,-153.114914,173.186172,-61.860683,248.577286,189.050644,-73.235214,339.331421,-8.689930,-72.406593,55.662041,20.733936,-81.270897,68.044113,611.389343,-27.611162
555,2.775000,44.430889,264.635986,-70.799980,266.493469,-209.307678,-72.661369,69.737633,-302.813232,-68.994987,-136.212997,-228.540558,-65.058380,-227.665512,-30.669779,-60.100510,-153.098938,173.201447,-61.854355,248.595596,189.031281,-73.224579,339.320099,-8.715224,-72.398338,55.665966,20.739449,-81.270172,67.998764,608.400696,-27.693230
556,2.780000,44.486996,264.636871,-70.786324,266.469116,-209.328217,-72.653450,69.714226,-302.812408,-68.976845,-136.241043,-228.506775,-65.033073,-227.658417,-30.628145,-60.080700,-153.063263,173.225479,-61.866356,248.636368,189.014221,-73.212112,339.336792,-8.751719,-72.392914,55.675655,20.757324,-81.261703,67.964394,605.185181,-27.711700
557,2.785000,44.542454,264.661835,-70.809204,266.468323,-209.327072,-72.632301,69.699478,-302.811432,-68.991058,-136.239105,-228.464752,-65.029015,-227.644531,-30.579580,-60.086559,-153.018005,173.268967,-61.873177,248.673019,189.008118,-73.225403,339.353333,-8.759501,-72.403542,55.690369,20.754978,-81.278488,67.942513,601.740906,-27.741119
558,2.790000,44.537167,264.687225,-70.804047,266.466461,-209.296646,-72.652023,69.703300,-302.808411,-69.023918,-136.241577,-228.440125,-65.035530,-227.646179,-30.551085,-60.088242,-153.011795,173.296295,-61.859886,248.674011,189.040466,-73.232422,339.350403,-8.735274,-72.419533,55.668652,20.777077,-81.276138,67.852203,597.895264,-27.955450
559,2.795000,44.479858,264.695007,-70.777641,266.464081,-209.260422,-72.660187,69.700508,-302.776642,-68.998497,-136.228058,-228.453033,-65.036377,-227.659439,-30.583523,-60.067932,-153.060852,173.280792,-61.854340,248.627075,189.073990,-73.213417,339.325287,-8.698808,-72.403030,55.660828,20.781477,-81.274017,67.813583,593.996033,-27.991489
560,2.800000,44.422928,264.694397,-70.780617,266.485535,-209.225479,-72.638535,69.721024,-302.779327,-68.971977,-136.207108,-228.480774,-65.037025,-227.664261,-30.613550,-60.082439,-153.100586,173.250793,-61.864155,248.588028,189.103653,-73.201530,339.318420,-8.650576,-72.385201,55.658024,20.781963,-81.277809,67.767944,589.898560,-27.986412
561,2.805000,44.415165,264.692474,-70.805191,266.497437,-209.211441,-72.622772,69.733139,-302.767670,-68.971931,-136.189270,-228.484711,-65.051758,-227.660110,-30.634180,-60.115749,-153.110550,173.239883,-61.888008,248.584778,189.118423,-73.209213,339.321228,-8.638102,-72.396866,55.647007,20.789362,-81.276672,67.718643,585.532410,-28.008884
562,2.810000,44.443111,264.689056,-70.781532,266.501190,-209.231720,-72.628807,69.723892,-302.781464,-68.997231,-136.194077,-228.479752,-65.058205,-227.653198,-30.623602,-60.110806,-153.096848,173.243118,-61.860611,248.604950,189.101807,-73.189789,339.328766,-8.658176,-72.386856,55.673298,20.778801,-81.273109,67.653816,580.901245,-28.000103
563,2.815000,44.502125,264.690002,-70.787514,266.489655,-209.270203,-72.620430,69.738083,-302.803680,-68.993347,-136.207062,-228.469925,-65.033936,-227.637054,-30.595402,-60.075409,-153.054504,173.265884,-61.839111,248.644241,189.070679,-73.188721,339.349243,-8.707523,-72.392097,55.684795,20.774580,-81.262817,67.601540,576.123047,-28.027992
564,2.820000,44.546741,264.665588,-70.801048,266.487000,-209.314346,-72.630722,69.749725,-302.817078,-68.994240,-136.216187,-228.456985,-65.002396,-227.630188,-30.575199,-60.055180,-153.022781,173.281464,-61.829536,248.673462,189.041992,-73.212891,339.371552,-8.746157,-72.402740,55.709564,20.761368,-81.266022,67.551758,571.017639,-28.060764
565,2.825000,44.559052,264.651642,-70.799828,266.490875,-209.337769,-72.650597,69.759148,-302.835876,-69.008247,-136.214478,-228.474899,-65.022255,-227.623718,-30.588223,-60.065647,-153.022018,173.269073,-61.834801,248.684372,189.016418,-73.210007,339.378998,-8.771320,-72.418503,55.707333,20.751730,-81.264336,67.484879,565.723938,-28.097570
566,2.830000,44.538498,264.628326,-70.793930,266.508911,-209.343857,-72.631325,69.768463,-302.837494,-68.995934,-136.199677,-228.514496,-65.026703,-227.620163,-30.633587,-60.080109,-153.042068,173.236801,-61.827332,248.677109,189.024567,-73.179619,339.379425,-8.767340,-72.400124,55.703228,20.743570,-81.251038,67.419998,560.236206,-28.126596
567,2.835000,44.494743,264.622192,-70.786484,266.524506,-209.320984,-72.590637,69.788147,-302.833313,-68.962418,-136.174835,-228.544724,-64.999489,-227.622482,-30.675636,-60.072014,-153.071564,173.202911,-61.814884,248.643021,189.034454,-73.170685,339.370758,-8.739762,-72.363182,55.700783,20.731674,-81.235764,67.327049,554.468445,-28.132343
568,2.840000,44.449726,264.634918,-70.764030,266.526337,-209.287445,-72.582413,69.795189,-302.832916,-68.944939,-136.164337,-228.544296,-64.984856,-227.634598,-30.689970,-60.068581,-153.095932,173.201569,-61.800781,248.614380,189.059662,-73.165985,339.359711,-8.708232,-72.372673,55.694523,20.725300,-81.249519,67.267632,548.517883,-28.144682
569,2.845000,44.450996,264.646057,-70.749542,266.517395,-209.278198,-72.582527,69.787140,-302.838715,-68.961365,-136.176727,-228.529541,-64.986694,-227.638763,-30.668468,-60.044056,-153.097626,173.216858,-61.781151,248.606354,189.058609,-73.162804,339.350739,-8.702957,-72.369499,55.697987,20.732964,-81.237282,67.177368,542.345642,-28.206051
570,2.850000,44.503319,264.649872,-70.733574,266.502472,-209.297501,-72.572105,69.780571,-302.848999,-68.971680,-136.194214,-228.507355,-64.972511,-227.633682,-30.633045,-60.017353,-153.063599,173.243790,-61.757690,248.646851,189.040070,-73.157974,339.353333,-8.719924,-72.344292,55.711342,20.727219,-81.241623,67.073700,535.918030,-28.241667
571,2.855000,44.544533,264.652740,-70.754089,266.483856,-209.322296,-72.555832,69.738121,-302.850128,-68.960739,-136.215591,-228.479279,-64.964478,-227.624466,-30.587730,-60.030037,-153.032639,173.269211,-61.773624,248.673691,189.019989,-73.167198,339.372284,-8.764975,-72.365532,55.705246,20.726706,-81.243423,66.994484,529.302856,-28.273848
572,2.860000,44.554836,264.664948,-70.760780,266.481110,-209.319962,-72.584389,69.722069,-302.842560,-68.978790,-136.227081,-228.464066,-64.985260,-227.631775,-30.581009,-60.051212,-153.018082,173.293930,-61.798634,248.687561,189.029343,-73.163658,339.367218,-8.764612,-72.363831,55.698353,20.736427,-81.258339,66.902618,522.477844,-28.339109
573,2.865000,44.521389,264.676636,-70.743721,266.482849,-209.283493,-72.579193,69.725014,-302.820038,-68.973648,-136.214020,-228.464691,-64.995842,-227.639297,-30.589458,-60.050022,-153.046188,173.289810,-61.774429,248.659790,189.060089,-73.149490,339.347809,-8.722974,-72.350761,55.689983,20.750473,-81.253883,66.790283,515.417786,-28.340738
574,2.870000,44.461163,264.685425,-70.750397,266.499634,-209.245941,-72.576164,69.746681,-302.800140,-68.951988,-136.193069,-228.479599,-64.989380,-227.643372,-30.618761,-60.042934,-153.085007,173.267227,-61.782654,248.610168,189.102493,-73.140976,339.338104,-8.683306,-72.347427,55.683628,20.764538,-81.240944,66.680519,508.126312,-28.391230
575,2.875000,44.428474,264.676056,-70.759422,266.500305,-209.230118,-72.593323,69.737160,-302.778320,-68.945457,-136.187561,-228.498474,-64.993767,-227.659821,-30.638325,-60.064854,-153.107101,173.258713,-61.804962,248.592484,189.108459,-73.161591,339.326508,-8.662435,-72.367256,55.655758,20.776268,-81.236687,66.594719,500.608978,-28.446953
576,2.880000,44.437012,264.658264,-70.787079,266.497711,-209.263123,-72.628036,69.722191,-302.786652,-68.959740,-136.198868,-228.511169,-65.030846,-227.652817,-30.652044,-60.096043,-153.113022,173.244766,-61.825748,248.593857,189.084427,-73.182587,339.331909,-8.690179,-72.394936,55.646885,20.761282,-81.256927,66.505104,492.909332,-28.632189
577,2.885000,44.495979,264.528687,-70.962975,266.489868,-209.426361,-72.727226,69.708862,-302.902954,-69.037613,-136.222672,-228.621628,-65.125908,-227.642288,-30.742083,-60.207985,-153.083267,173.149292,-61.958462,248.628860,188.951935,-73.324844,339.334167,-8.833749,-72.500153,55.664417,20.650751,-81.378418,66.481766,486.075836,-28.688660
578,2.890000,44.514221,264.461761,-71.187088,266.455109,-209.509811,-72.833412,69.689339,-302.967438,-69.123657,-136.256699,-228.670547,-65.251450,-227.654938,-30.767096,-60.336987,-153.070526,173.105789,-62.140549,248.628372,188.862640,-73.514969,339.324615,-8.939370,-72.661827,55.672855,20.590624,-81.503822,66.402916,480.057404,-28.617485
579,2.895000,44.511742,264.415741,-71.360023,266.446045,-209.543228,-72.993614,69.676285,-303.019043,-69.282784,-136.273819,-228.711517,-65.412544,-227.655304,-30.794056,-60.489784,-153.074234,173.060791,-62.286911,248.625702,188.803040,-73.714157,339.306152,-8.996075,-72.849442,55.664246,20.537376,-81.660843,66.290718,474.192200,-28.599960
580,2.900000,44.477222,264.380371,-71.247505,266.461121,-209.560242,-72.951683,69.706367,-303.079071,-69.278664,-136.264679,-228.761459,-65.371071,-227.665161,-30.848818,-60.418606,-153.092651,173.021118,-62.196487,248.605240,188.781830,-73.613037,339.305634,-9.009206,-72.779655,55.659473,20.490595,-81.610519,66.218597,469.329773,-28.555889
581,2.905000,44.418301,264.386658,-71.196556,266.464111,-209.537750,-72.880806,69.711304,-303.057068,-69.203918,-136.241821,-228.785309,-65.326469,-227.678665,-30.887730,-60.373318,-153.147156,172.991394,-62.139122,248.551208,188.820343,-73.546417,339.293610,-8.960293,-72.719490,55.626404,20.498943,-81.575569,66.139664,465.205475,-28.415546
582,2.910000,44.388241,264.405273,-71.136337,266.477875,-209.509323,-72.786926,69.707718,-303.023132,-69.103409,-136.220352,-228.790375,-65.249924,-227.680298,-30.898668,-60.336658,-153.168350,172.986221,-62.104061,248.542404,188.858170,-73.485275,339.292877,-8.911711,-72.610741,55.616470,20.512581,-81.472221,66.087944,461.657104,-28.420742
583,2.915000,44.412861,264.403534,-70.980095,266.479706,-209.499664,-72.626015,69.725533,-303.058777,-68.998207,-136.217865,-228.776215,-65.102272,-227.669708,-30.898016,-60.204903,-153.141434,173.005508,-61.950691,248.556320,188.832672,-73.291626,339.305206,-8.930311,-72.443520,55.653652,20.473452,-81.371872,66.061821,459.005554,-28.294422
584,2.920000,44.483929,264.412048,-70.718849,266.494324,-209.509659,-72.444000,69.755051,-303.049255,-68.839203,-136.212357,-228.724609,-64.881607,-227.643448,-30.862522,-59.999920,-153.082520,173.039093,-61.727089,248.613235,188.830917,-73.059738,339.332397,-8.933346,-72.240501,55.685909,20.492685,-81.209000,66.011307,456.956085,-28.178677
585,2.925000,44.546700,264.441376,-70.647186,266.493195,-209.509369,-72.404427,69.745583,-303.010040,-68.783188,-136.208282,-228.670731,-64.795090,-227.620895,-30.798029,-59.916031,-153.032089,173.087524,-61.675327,248.670120,188.835281,-73.023849,339.356812,-8.944263,-72.230225,55.706516,20.526262,-81.154907,65.983093,455.659729,-28.184832
586,2.930000,44.558750,264.428040,-70.755188,266.458435,-209.549393,-72.500008,69.714989,-303.035431,-68.864029,-136.244705,-228.669388,-64.847435,-227.635529,-30.786776,-59.968231,-153.032135,173.091919,-61.721066,248.671997,188.801834,-73.134300,339.349060,-8.990703,-72.329834,55.681816,20.521618,-81.186539,66.020790,455.062927,-28.205017
587,2.935000,44.524998,264.423492,-70.768326,266.439178,-209.550049,-72.499756,69.692894,-303.029663,-68.865952,-136.272736,-228.685440,-64.866325,-227.660904,-30.799635,-59.973419,-153.071533,173.079987,-61.731316,248.639816,188.802826,-73.141441,339.316986,-8.991790,-72.344734,55.662220,20.520414,-81.205978,66.023666,455.073242,-28.191767
588,2.940000,44.467674,264.390442,-70.788994,266.466095,-209.543808,-72.526009,69.736649,-303.044647,-68.892410,-136.233154,-228.750748,-64.922066,-227.661926,-30.873005,-60.027126,-153.112747,173.013718,-61.780735,248.593994,188.807129,-73.163002,339.308838,-8.965721,-72.352936,55.661652,20.503548,-81.234161,66.007019,455.629974,-28.199409
589,2.945000,44.421238,264.396912,-70.840729,266.508240,-209.505035,-72.590141,69.768204,-303.030090,-68.909546,-136.189194,-228.779312,-64.997032,-227.651413,-30.918570,-60.092369,-153.142868,172.982773,-61.839451,248.564346,188.849045,-73.199623,339.317505,-8.913569,-72.382713,55.663425,20.508284,-81.265869,66.010254,456.560913,-28.258202
590,2.950000,44.386337,264.420502,-70.888924,266.494843,-209.474197,-72.620888,69.738289,-303.009033,-68.963722,-136.203659,-228.764938,-65.056282,-227.668488,-30.885693,-60.146198,-153.165649,173.010300,-61.894398,248.538895,188.886124,-73.229950,339.296936,-8.879758,-72.404320,55.643150,20.539824,-81.297005,66.015121,457.999115,-28.288265
591,2.955000,44.411381,264.458649,-70.845444,266.459808,-209.478683,-72.613266,69.683472,-302.962585,-68.942657,-136.244461,-228.706451,-65.030174,-227.682678,-30.835594,-60.109100,-153.161530,173.057983,-61.866444,248.556473,188.894714,-73.201782,339.292938,-8.885721,-72.389069,55.626602,20.576460,-81.270058,66.048737,459.877136,-28.410208
592,2.960000,44.491085,264.493011,-70.838547,266.467041,-209.487228,-72.625099,69.694313,-302.943176,-68.967102,-136.256485,-228.644760,-65.018379,-227.661148,-30.763464,-60.102665,-153.100449,173.122864,-61.838951,248.612396,188.897888,-73.182098,339.318390,-8.891729,-72.392189,55.665779,20.608185,-81.269676,66.064995,462.064789,-28.510860
593,2.965000,44.555626,264.527649,-70.842171,266.476624,-209.446381,-72.595383,69.731850,-302.938629,-68.986847,-136.226303,-228.588226,-65.035698,-227.636169,-30.706030,-60.110241,-153.031769,173.177032,-61.859238,248.673569,188.918915,-73.197945,339.358093,-8.884801,-72.383072,55.705269,20.621220,-81.286369,66.115379,464.639984,-28.590132
594,2.970000,44.542870,264.563995,-70.824875,266.477753,-209.396469,-72.616699,69.728195,-302.909882,-68.990875,-136.227783,-228.555862,-65.039505,-227.630295,-30.672970,-60.104717,-153.033997,173.207870,-61.858444,248.670044,188.957382,-73.199638,339.347412,-8.833307,-72.397919,55.698990,20.648928,-81.287956,66.177628,467.492249,-28.604086
595,2.975000,44.467659,264.586945,-70.853737,266.458954,-209.351074,-72.665459,69.709221,-302.886810,-69.013145,-136.236496,-228.558228,-65.050575,-227.664795,-30.693726,-60.106182,-153.091003,173.196167,-61.860157,248.611542,188.999908,-73.242661,339.315521,-8.785718,-72.429428,55.656784,20.667948,-81.312065,66.214577,470.616913,-28.678541
596,2.980000,44.405647,264.581970,-70.929794,266.467010,-209.332230,-72.737434,69.697632,-302.881927,-69.069130,-136.242340,-228.582687,-65.125412,-227.685181,-30.707922,-60.169235,-153.139999,173.184097,-61.923508,248.555847,189.025848,-73.330368,339.290253,-8.752012,-72.523659,55.629402,20.673529,-81.382889,66.283264,473.979004,-28.771698
597,2.985000,44.407063,264.562958,-71.052773,266.482544,-209.355270,-72.820030,69.728424,-302.905487,-69.143936,-136.230316,-228.617737,-65.221710,-227.679459,-30.742422,-60.267509,-153.141693,173.153519,-62.009998,248.557724,189.005402,-73.426086,339.296692,-8.769404,-72.599350,55.633938,20.655165,-81.454430,66.342819,477.536652,-28.771555
598,2.990000,44.449486,264.543732,-71.059006,266.496552,-209.390717,-72.818596,69.748192,-302.921814,-69.151878,-136.207993,-228.633881,-65.256859,-227.658325,-30.752659,-60.292999,-153.113159,173.142929,-62.039707,248.595016,188.983337,-73.413078,339.327454,-8.800786,-72.577072,55.671505,20.649805,-81.460876,66.378006,481.310822,-28.732191
599,2.995000,44.484665,264.546082,-71.035004,266.465668,-209.414200,-72.790749,69.725456,-302.914246,-69.134903,-136.240234,-228.614594,-65.234711,-227.656738,-30.717180,-60.282181,-153.084412,173.159271,-62.033810,248.618866,188.963211,-73.382439,339.322144,-8.835296,-72.558136,55.668133,20.654535,-81.442474,66.402626,485.295319,-28.701630
600,3.000000,44.506519,264.541779,-71.008408,266.437988,-209.435822,-72.771049,69.673813,-302.919006,-69.117134,-136.281677,-228.585602,-65.198898,-227.667511,-30.687260,-60.257469,-153.071304,173.183975,-61.990322,248.630539,188.929199,-73.373032,339.308197,-8.870298,-72.549171,55.657368,20.652138,-81.417091,66.470192,489.461700,-28.648241
601,3.005000,44.514668,264.541168,-70.991562,266.450714,-209.428726,-72.754425,69.688187,-302.933899,-69.120491,-136.261185,-228.584229,-65.180885,-227.664230,-30.693336,-60.231724,-153.062820,173.195023,-61.969276,248.638733,188.934570,-73.357033,339.329742,-8.870537,-72.552956,55.671886,20.636477,-81.414223,66.514168,493.737213,-28.579071
602,3.010000,44.494350,264.539520,-70.913628,266.507416,-209.404480,-72.720230,69.751259,-302.919373,-69.069672,-136.211761,-228.611694,-65.128632,-227.638763,-30.729074,-60.188530,-153.066360,173.169312,-61.926956,248.639542,188.968323,-73.289841,339.355133,-8.825928,-72.478539,55.694530,20.658649,-81.357597,66.568611,498.249390,-28.505646
603,3.015000,44.460224,264.576599,-70.813835,266.530762,-209.346878,-72.632492,69.783165,-302.875671,-68.971352,-136.170700,-228.604599,-65.048042,-227.631027,-30.738535,-60.113506,-153.096802,173.160873,-61.844898,248.609039,189.018051,-73.186249,339.358459,-8.760348,-72.382378,55.690441,20.685692,-81.256157,66.624985,502.821503,-28.330553
604,3.020000,44.431835,264.665009,-70.629616,266.532074,-209.242950,-72.493500,69.788078,-302.791656,-68.866882,-136.162872,-228.519363,-64.912422,-227.634949,-30.661182,-59.979713,-153.114639,173.227554,-61.700829,248.602142,189.105377,-73.029037,339.342102,-8.670821,-72.263931,55.671898,20.763199,-81.145294,66.697258,507.023865,-28.197941
605,3.025000,44.470928,264.679138,-70.553673,266.520142,-209.241196,-72.416748,69.778252,-302.801239,-68.821365,-136.159683,-228.489059,-64.830345,-227.631180,-30.633640,-59.897018,-153.081390,173.257935,-61.599045,248.625824,189.089554,-72.974312,339.355804,-8.677089,-72.216400,55.680401,20.757021,-81.085236,66.737267,510.738190,-28.209793
606,3.030000,44.524490,264.694641,-70.532951,266.501556,-209.265854,-72.401108,69.764427,-302.790894,-68.791382,-136.194931,-228.443115,-64.759834,-227.628632,-30.571033,-59.827991,-153.040588,173.305664,-61.573803,248.669250,189.082443,-72.957809,339.373718,-8.699750,-72.206726,55.694843,20.771482,-81.065987,66.762978,514.302002,-28.250290
607,3.035000,44.569477,264.716614,-70.534821,266.493500,-209.280762,-72.397285,69.751534,-302.784485,-68.772484,-136.210464,-228.406540,-64.743149,-227.619980,-30.525316,-59.826614,-153.011673,173.336655,-61.594105,248.706818,189.069702,-72.959557,339.382355,-8.716962,-72.193253,55.720432,20.777020,-81.065926,66.835663,517.707520,-28.189484
608,3.040000,44.581654,264.666718,-70.594391,266.492615,-209.309296,-72.458214,69.750542,-302.843018,-68.869995,-136.204819,-228.447678,-64.835655,-227.607269,-30.561850,-59.896206,-152.995972,173.313416,-61.660263,248.710999,189.030014,-73.013893,339.387360,-8.763109,-72.244545,55.722313,20.732246,-81.128227,66.877434,520.711792,-28.167238
609,3.045000,44.529057,264.661102,-70.666115,266.491486,-209.314758,-72.537170,69.732025,-302.821014,-68.894409,-136.214783,-228.474045,-64.913506,-227.634232,-30.601034,-59.960079,-153.048904,173.272034,-61.717712,248.669678,189.044708,-73.078278,339.354126,-8.747699,-72.299850,55.679699,20.744194,-81.166473,66.886414,523.449402,-28.205156
610,3.050000,44.434952,264.640411,-70.780632,266.483185,-209.294510,-72.609268,69.707130,-302.813416,-68.951012,-136.225876,-228.524796,-64.985535,-227.670334,-30.661840,-60.059711,-153.116623,173.229965,-61.809834,248.590775,189.048172,-73.195091,339.316406,-8.716537,-72.393250,55.649578,20.736177,-81.242844,66.930702,525.997681,-28.257240
611,3.055000,44.414848,264.627563,-70.859131,266.518707,-209.285690,-72.678436,69.754051,-302.860016,-69.040291,-136.186646,-228.574005,-65.093124,-227.658981,-30.712748,-60.154106,-153.129654,173.197006,-61.871342,248.581924,189.054718,-73.262978,339.331238,-8.707829,-72.461945,55.652405,20.715113,-81.312889,66.956734,528.277893,-28.248240
612,3.060000,44.434589,264.634399,-70.841644,266.544800,-209.271820,-72.691505,69.781860,-302.839355,-69.030960,-136.159348,-228.565720,-65.123772,-227.627914,-30.707249,-60.159489,-153.102722,173.205582,-61.872723,248.606110,189.071594,-73.236618,339.349670,-8.694007,-72.427086,55.675087,20.720287,-81.305603,66.985863,530.295593,-28.268587
613,3.065000,44.470638,264.636169,-70.785706,266.496307,-209.297012,-72.610359,69.722328,-302.823639,-68.976540,-136.198990,-228.522247,-65.050415,-227.644165,-30.651127,-60.102188,-153.085159,173.245636,-61.838997,248.620773,189.044235,-73.165939,339.341248,-8.726643,-72.361702,55.679260,20.733812,-81.258247,66.975822,532.011658,-28.301266
614,3.070000,44.521908,264.661865,-70.732437,266.453278,-209.317947,-72.557327,69.686325,-302.798889,-68.940636,-136.254776,-228.473724,-64.983803,-227.649887,-30.582394,-60.044926,-153.058990,173.287979,-61.795425,248.651321,189.037872,-73.115166,339.333557,-8.758980,-72.328232,55.681553,20.764387,-81.219437,67.019112,533.499634,-28.301022
615,3.075000,44.564930,264.705811,-70.715057,266.482086,-209.280594,-72.591637,69.699135,-302.771973,-68.957916,-136.226059,-228.421844,-64.997581,-227.628708,-30.530382,-60.030136,-153.014816,173.347137,-61.771023,248.687347,189.066116,-73.134544,339.364624,-8.729072,-72.361984,55.688683,20.797396,-81.211456,67.035774,534.770081,-28.359894
616,3.080000,44.542320,264.704407,-70.748138,266.504364,-209.269089,-72.633263,69.737549,-302.782745,-68.979202,-136.197327,-228.439529,-64.991913,-227.618546,-30.563736,-60.041046,-153.023163,173.320267,-61.783726,248.686340,189.077927,-73.175995,339.380798,-8.704935,-72.389748,55.706673,20.788116,-81.242638,67.070839,535.701782,-28.436203
617,3.085000,44.473339,264.688965,-70.744537,266.499207,-209.252762,-72.598488,69.747803,-302.787231,-68.950829,-136.200989,-228.473862,-64.970383,-227.644470,-30.602695,-60.021259,-153.081497,173.283401,-61.784885,248.623856,189.092545,-73.172279,339.346039,-8.685296,-72.372223,55.685589,20.783730,-81.229492,67.077423,536.400452,-28.398172
618,3.090000,44.418823,264.688660,-70.768944,266.484772,-209.235733,-72.604012,69.741760,-302.772766,-68.946953,-136.210419,-228.486008,-64.995377,-227.670700,-30.634148,-60.061512,-153.122818,173.260941,-61.795124,248.579346,189.100906,-73.189461,339.321045,-8.661407,-72.383926,55.657104,20.778027,-81.248634,67.079712,536.818176,-28.376400
619,3.095000,44.428997,264.680389,-70.832237,266.492523,-209.247482,-72.673973,69.733459,-302.791321,-69.024742,-136.201569,-228.502167,-65.100159,-227.661530,-30.641516,-60.134804,-153.120300,173.252457,-61.857327,248.590454,189.093613,-73.241951,339.321533,-8.675223,-72.427658,55.650249,20.765572,-81.307259,67.111977,536.966736,-28.395794
620,3.100000,44.475853,264.667480,-70.871872,266.488586,-209.274933,-72.681519,69.742668,-302.815460,-69.064102,-136.210175,-228.493362,-65.107040,-227.652771,-30.622942,-60.156826,-153.072952,173.259048,-61.876747,248.620422,189.059845,-73.273788,339.343323,-8.715419,-72.465805,55.676628,20.747248,-81.344490,67.100082,536.862061,-28.392727
621,3.105000,44.521065,264.656525,-70.880623,266.485229,-209.312439,-72.682350,69.756752,-302.844543,-69.060791,-136.221344,-228.483490,-65.090836,-227.640106,-30.605484,-60.133892,-153.042618,173.264664,-61.890385,248.663910,189.032089,-73.278465,339.356750,-8.744310,-72.467178,55.703228,20.736584,-81.337440,67.061325,536.550720,-28.353943
622,3.110000,44.537155,264.655121,-70.819725,266.476471,-209.325989,-72.677361,69.737755,-302.847076,-69.046631,-136.230103,-228.476700,-65.070633,-227.638885,-30.590933,-60.117901,-153.033401,173.281158,-61.848232,248.664352,189.021790,-73.232903,339.351593,-8.758245,-72.427589,55.704647,20.734327,-81.303665,67.032745,536.027588,-28.309179
623,3.115000,44.519337,264.659607,-70.788918,266.480927,-209.300903,-72.612541,69.735428,-302.829803,-69.021538,-136.221008,-228.481171,-65.055138,-227.636749,-30.594614,-60.098904,-153.043335,173.280441,-61.827976,248.658051,189.035995,-73.186806,339.354401,-8.744336,-72.393341,55.691994,20.746122,-81.270699,67.046867,535.263245,-28.255585
624,3.120000,44.488712,264.650513,-70.764099,266.513580,-209.283005,-72.564255,69.767044,-302.829681,-68.959343,-136.184662,-228.505081,-64.998520,-227.632233,-30.642754,-60.061741,-153.063889,173.254257,-61.792656,248.642105,189.055649,-73.159622,339.353271,-8.718766,-72.339302,55.693909,20.739395,-81.236908,67.054253,534.283386,-28.259388
625,3.125000,44.460590,264.651459,-70.713737,266.546295,-209.269943,-72.554413,69.804787,-302.819702,-68.932434,-136.149994,-228.538132,-64.971931,-227.624405,-30.674740,-60.029640,-153.094894,173.222244,-61.769978,248.628296,189.072784,-73.128967,339.365753,-8.692838,-72.327057,55.702789,20.743494,-81.212433,67.070732,533.069092,-28.275551
626,3.130000,44.469837,264.656708,-70.703407,266.540436,-209.273300,-72.586189,69.808891,-302.821716,-68.946312,-136.157593,-228.524887,-64.949684,-227.622650,-30.667938,-60.008854,-153.091614,173.231842,-61.749245,248.619263,189.081894,-73.127586,339.364410,-8.693614,-72.346893,55.698944,20.752615,-81.210648,67.048599,531.611450,-28.249290
627,3.135000,44.479961,264.653442,-70.705971,266.506287,-209.295578,-72.589966,69.752304,-302.812439,-68.920403,-136.200470,-228.506088,-64.938972,-227.638992,-30.638048,-59.989799,-153.081711,173.252075,-61.746929,248.631149,189.057343,-73.134193,339.347076,-8.715608,-72.336411,55.684963,20.740177,-81.199028,67.012131,529.935730,-28.196125
628,3.140000,44.526237,264.643799,-70.722672,266.483490,-209.335358,-72.575752,69.729393,-302.819183,-68.917717,-136.226273,-228.496429,-64.919815,-227.639648,-30.611341,-59.984344,-153.052734,173.261703,-61.756123,248.671677,189.018784,-73.133476,339.354523,-8.772120,-72.348610,55.685005,20.738842,-81.204796,66.984779,528.009277,-28.232943
629,3.145000,44.550537,264.643005,-70.743439,266.482086,-209.347443,-72.598625,69.707039,-302.825714,-68.952110,-136.232635,-228.483887,-64.959450,-227.634720,-30.597235,-60.021423,-153.032425,173.277054,-61.776745,248.679184,189.013000,-73.158142,339.356659,-8.786136,-72.360313,55.686085,20.737795,-81.217354,66.946922,525.841431,-28.245838
630,3.150000,44.534340,264.651520,-70.756714,266.493073,-209.325241,-72.638336,69.728043,-302.836121,-68.987587,-136.226379,-228.489517,-65.013100,-227.640503,-30.605602,-60.071281,-153.036728,173.280609,-61.807270,248.669586,189.028687,-73.170723,339.365417,-8.763018,-72.386749,55.690910,20.740767,-81.242722,66.897491,523.466736,-28.246881
631,3.155000,44.483273,264.663666,-70.776459,266.489838,-209.281937,-72.617775,69.729965,-302.825043,-68.967400,-136.212433,-228.494415,-65.002403,-227.649277,-30.626211,-60.063637,-153.079575,173.269119,-61.811367,248.630203,189.060959,-73.170868,339.346466,-8.709927,-72.367210,55.678715,20.744518,-81.244698,66.854446,520.898193,-28.270836
632,3.160000,44.434887,264.671936,-70.735802,266.505096,-209.232895,-72.567116,69.744133,-302.799500,-68.929283,-136.189423,-228.500031,-64.976532,-227.653717,-30.643068,-60.036037,-153.110733,173.256592,-61.781441,248.587128,189.099655,-73.135452,339.329041,-8.671084,-72.343140,55.663853,20.755491,-81.222504,66.813423,518.030884,-28.282635
633,3.165000,44.434994,264.681000,-70.711533,266.507996,-209.223923,-72.563667,69.747513,-302.796051,-68.946091,-136.176407,-228.491714,-64.986763,-227.645798,-30.645123,-60.053646,-153.102554,173.255310,-61.770935,248.600723,189.108704,-73.136902,339.332336,-8.651135,-72.333229,55.668213,20.761946,-81.222610,66.772736,514.999084,-28.323917
634,3.170000,44.476685,264.686096,-70.744560,266.509613,-209.242966,-72.572655,69.745949,-302.803467,-68.962852,-136.180466,-228.478683,-65.001152,-227.629822,-30.614489,-60.063107,-153.071213,173.282364,-61.790913,248.630997,189.102432,-73.133270,339.352722,-8.686485,-72.350601,55.674068,20.759207,-81.227249,66.718178,511.717865,-28.376648
635,3.175000,44.525684,264.686768,-70.761635,266.502991,-209.285919,-72.606506,69.746361,-302.803925,-68.961288,-136.204651,-228.457047,-64.976219,-227.621841,-30.579950,-60.041615,-153.030838,173.294922,-61.794102,248.667175,189.067978,-73.149986,339.363983,-8.715011,-72.357773,55.708157,20.769121,-81.237381,66.691040,508.188843,-28.430035
636,3.180000,44.545986,264.672485,-70.750526,266.481567,-209.313354,-72.610634,69.717010,-302.801147,-68.973663,-136.229904,-228.455902,-64.985939,-227.632507,-30.567055,-60.035454,-153.033051,173.302719,-61.795078,248.675980,189.050186,-73.166245,339.363953,-8.750957,-72.383247,55.698994,20.773506,-81.232956,66.637947,504.427246,-28.453213
637,3.185000,44.527275,264.666504,-70.764427,266.476105,-209.319336,-72.640488,69.710854,-302.810822,-68.989197,-136.230881,-228.467957,-65.011581,-227.639389,-30.587530,-60.054729,-153.050049,173.291641,-61.784660,248.658813,189.051529,-73.187325,339.351013,-8.754663,-72.410149,55.689190,20.759947,-81.245659,66.602913,500.483826,-28.497007
638,3.190000,44.488361,264.652039,-70.832756,266.493103,-209.300812,-72.636543,69.737915,-302.815735,-68.995438,-136.213776,-228.501770,-65.035713,-227.647903,-30.626684,-60.093140,-153.072815,173.248718,-61.834934,248.634384,189.063339,-73.218628,339.345673,-8.729347,-72.416267,55.673988,20.746901,-81.275017,66.560181,496.251099,-28.599066
639,3.195000,44.454174,264.536530,-70.961838,266.514221,-209.394180,-72.696266,69.761009,-302.911896,-69.045204,-136.188782,-228.626053,-65.116829,-227.643555,-30.758280,-60.208069,-153.101837,173.139282,-61.949631,248.607452,188.983826,-73.320694,339.348083,-8.795920,-72.488411,55.688457,20.647596,-81.383339,66.548859,492.453308,-28.685209
640,3.200000,44.429234,264.474182,-71.138222,266.487213,-209.464737,-72.808937,69.750313,-302.980133,-69.131149,-136.214005,-228.713715,-65.247627,-227.666931,-30.820007,-60.317127,-153.134613,173.060028,-62.096676,248.572144,188.909409,-73.465157,339.309479,-8.866795,-72.615852,55.659435,20.578360,-81.495979,66.554634,489.711548,-28.603348
641,3.205000,44.441772,264.421906,-71.323875,266.476562,-209.501312,-72.951180,69.731735,-303.038330,-69.296188,-136.224487,-228.744217,-65.419441,-227.658646,-30.842402,-60.479595,-153.115463,173.028244,-62.252998,248.576721,188.848648,-73.663651,339.303223,-8.934581,-72.800362,55.648842,20.532145,-81.642586,66.481392,487.040314,-28.512438
642,3.210000,44.494247,264.409027,-71.234024,266.488251,-209.517197,-72.888222,69.742119,-303.067230,-69.256699,-136.218536,-228.748154,-65.364914,-227.641129,-30.836384,-60.389244,-153.065048,173.040268,-62.151379,248.624237,188.811279,-73.577545,339.335846,-8.975616,-72.748726,55.685055,20.498350,-81.596771,66.430855,485.066406,-28.485954
643,3.215000,44.504723,264.428497,-71.123322,266.463715,-209.513580,-72.805061,69.725037,-303.055878,-69.203598,-136.242340,-228.700806,-65.279358,-227.647842,-30.800922,-60.317719,-153.061691,173.080551,-62.051647,248.624023,188.827789,-73.485550,339.327332,-8.961428,-72.658585,55.674599,20.514370,-81.550369,66.411575,483.750488,-28.337721
644,3.220000,44.500927,264.482880,-71.022911,266.453125,-209.478302,-72.711266,69.701653,-302.994141,-69.087013,-136.247864,-228.655289,-65.179237,-227.653992,-30.765503,-60.244106,-153.068405,173.118805,-61.979729,248.614700,188.880783,-73.355286,339.322632,-8.906290,-72.532204,55.672852,20.553320,-81.417717,66.413132,482.757141,-28.293850
645,3.225000,44.488377,264.479309,-70.879318,266.490021,-209.452194,-72.592720,69.732018,-302.998169,-68.980530,-136.213867,-228.671967,-65.048576,-227.644424,-30.787981,-60.139420,-153.075790,173.110550,-61.893448,248.626724,188.894135,-73.221710,339.332886,-8.884036,-72.390450,55.675076,20.548172,-81.299828,66.411461,482.385712,-28.193756
646,3.230000,44.472370,264.486420,-70.643066,266.522308,-209.415863,-72.379433,69.769928,-302.962555,-68.769287,-136.178085,-228.667526,-64.822624,-227.634857,-30.810558,-59.946243,-153.093567,173.096695,-61.682457,248.609024,188.919525,-72.986168,339.347839,-8.847274,-72.191292,55.689827,20.565075,-81.143196,66.395096,482.498962,-28.119236
647,3.235000,44.470711,264.517334,-70.560295,266.527161,-209.395340,-72.368706,69.777199,-302.901825,-68.716324,-136.169342,-228.642212,-64.740784,-227.626007,-30.787638,-59.878708,-153.098953,173.114929,-61.617073,248.608582,188.958893,-72.928040,339.353394,-8.811484,-72.171837,55.682926,20.619909,-81.080475,66.395111,482.934937,-28.139372
648,3.240000,44.482040,264.517731,-70.643494,266.501282,-209.430069,-72.489365,69.735687,-302.908813,-68.795547,-136.204712,-228.630173,-64.798645,-227.641037,-30.761488,-59.909092,-153.093445,173.132309,-61.670303,248.624588,188.938461,-73.036903,339.342072,-8.838652,-72.264191,55.664570,20.636518,-81.109772,66.430336,483.758453,-28.161633
649,3.245000,44.499554,264.516876,-70.708580,266.454498,-209.458298,-72.521812,69.682640,-302.907837,-68.819870,-136.264633,-228.608948,-64.840332,-227.659973,-30.726263,-59.927986,-153.091553,173.169235,-61.706856,248.630585,188.916641,-73.106018,339.319061,-8.878266,-72.308426,55.654690,20.629782,-81.144928,66.474686,484.940552,-28.197859
650,3.250000,44.516632,264.465973,-70.753235,266.447357,-209.503830,-72.551773,69.679581,-302.941223,-68.852951,-136.267868,-228.645874,-64.873444,-227.656311,-30.763762,-59.984638,-153.079071,173.123260,-61.752911,248.635483,188.860428,-73.124817,339.315552,-8.930403,-72.343979,55.662506,20.591022,-81.206787,66.480209,486.397430,-28.162971
651,3.255000,44.507454,264.449677,-70.825630,266.472382,-209.505966,-72.617706,69.713280,-302.969696,-68.934410,-136.235733,-228.681061,-64.986916,-227.645493,-30.795809,-60.070362,-153.080994,173.096176,-61.851063,248.633865,188.859848,-73.205154,339.329315,-8.930663,-72.400352,55.680061,20.575348,-81.260063,66.456070,488.174225,-28.215389
652,3.260000,44.458580,264.457001,-70.949638,266.481384,-209.477554,-72.714500,69.709976,-302.980225,-69.031357,-136.235886,-228.698441,-65.112770,-227.659805,-30.819403,-60.182365,-153.111511,173.075272,-61.938698,248.590057,188.885452,-73.301468,339.312317,-8.895367,-72.479828,55.660858,20.566034,-81.351036,66.497078,490.297943,-28.260788
653,3.265000,44.400120,264.492310,-70.925522,266.470062,-209.424316,-72.694992,69.695938,-302.942017,-69.018738,-136.243729,-228.678070,-65.115303,-227.684387,-30.802805,-60.178085,-153.156693,173.103882,-61.927036,248.548019,188.945251,-73.284599,339.286163,-8.836882,-72.462990,55.620872,20.600842,-81.333748,66.493156,492.694855,-28.323423
654,3.270000,44.407185,264.518158,-70.885468,266.485229,-209.395523,-72.674316,69.711777,-302.920166,-69.015823,-136.229523,-228.658463,-65.100830,-227.675507,-30.786135,-60.167397,-153.155670,173.115189,-61.893051,248.554550,188.971130,-73.237541,339.303467,-8.807427,-72.436676,55.634773,20.624475,-81.327126,66.527901,495.333282,-28.407318
655,3.275000,44.457592,264.554688,-70.851669,266.504364,-209.359039,-72.627625,69.753304,-302.922485,-69.018410,-136.192108,-228.614929,-65.090218,-227.645172,-30.743700,-60.152061,-153.095779,173.153809,-61.868103,248.597168,188.988220,-73.199425,339.335480,-8.780966,-72.400002,55.685928,20.634785,-81.315247,66.541649,498.269653,-28.438284
656,3.280000,44.499039,264.634399,-70.798485,266.485474,-209.298096,-72.572441,69.745667,-302.871552,-68.998825,-136.201218,-228.508774,-65.032349,-227.639221,-30.638000,-60.102673,-153.048706,173.243835,-61.830906,248.637939,189.032578,-73.177460,339.342041,-8.745373,-72.364891,55.692490,20.696302,-81.273766,66.576683,501.337891,-28.339298
657,3.285000,44.520382,264.721619,-70.613403,266.456757,-209.242081,-72.485359,69.726044,-302.787079,-68.912056,-136.237503,-228.403259,-64.887627,-227.647919,-30.523781,-59.941986,-153.044525,173.346634,-61.658936,248.651276,189.096573,-73.025528,339.329407,-8.690755,-72.268570,55.686535,20.783739,-81.163040,66.627075,503.936890,-28.359043
658,3.290000,44.521027,264.736206,-70.547096,266.467377,-209.236069,-72.484367,69.728928,-302.767975,-68.894264,-136.227722,-228.393616,-64.835037,-227.646301,-30.514870,-59.872093,-153.048538,173.352707,-61.601318,248.660660,189.112427,-72.991287,339.347260,-8.687588,-72.269379,55.693886,20.811460,-81.127625,66.639069,506.004089,-28.517200
659,3.295000,44.514465,264.742798,-70.673271,266.492249,-209.228699,-72.557030,69.747131,-302.750641,-68.924973,-136.203049,-228.408203,-64.906586,-227.634155,-30.535900,-59.960499,-153.047226,173.337402,-61.701305,248.659271,189.129593,-73.103271,339.362457,-8.656949,-72.336159,55.689362,20.825859,-81.179703,66.696808,507.995728,-28.683958
660,3.300000,44.491474,264.732697,-70.785133,266.519257,-209.223038,-72.578995,69.768547,-302.745300,-68.945259,-136.171722,-228.439926,-64.984299,-227.624161,-30.578270,-60.050648,-153.064514,173.304596,-61.798714,248.643738,189.129517,-73.178017,339.376892,-8.652330,-72.386856,55.688705,20.819023,-81.236290,66.742966,509.822235,-28.640585
661,3.305000,44.468761,264.671204,-70.836807,266.525940,-209.263016,-72.666924,69.792534,-302.809692,-69.045967,-136.163879,-228.502457,-65.083946,-227.631958,-30.635590,-60.131756,-153.074127,173.249603,-61.857819,248.627945,189.095978,-73.225945,339.356598,-8.687236,-72.437775,55.705788,20.766201,-81.314926,66.759666,511.210571,-28.604229
662,3.310000,44.455280,264.648590,-70.933220,266.485596,-209.300598,-72.756836,69.756187,-302.817291,-69.141525,-136.204666,-228.517914,-65.196671,-227.650742,-30.639383,-60.215424,-153.096786,173.240143,-61.930092,248.606171,189.067200,-73.322746,339.334045,-8.722435,-72.528008,55.677376,20.767736,-81.394714,66.757080,512.320129,-28.670185
663,3.315000,44.476215,264.645203,-71.087212,266.466522,-209.312714,-72.868324,69.698723,-302.824585,-69.214508,-136.231277,-228.504227,-65.303871,-227.662766,-30.617701,-60.333858,-153.083740,173.257538,-62.045082,248.602005,189.046402,-73.456604,339.322418,-8.741983,-72.645218,55.647293,20.758524,-81.488129,66.747711,513.294250,-28.669788
664,3.320000,44.523224,264.639923,-71.129547,266.508789,-209.321121,-72.894821,69.746956,-302.851685,-69.257233,-136.192307,-228.520401,-65.357780,-227.620682,-30.625240,-60.381985,-153.041214,173.259750,-62.097309,248.659698,189.043411,-73.493370,339.369751,-8.746709,-72.671135,55.686108,20.744873,-81.528755,66.758965,513.996033,-28.629162
665,3.325000,44.536652,264.653564,-70.992218,266.523956,-209.297928,-72.792252,69.780472,-302.831146,-69.180656,-136.167877,-228.503281,-65.270332,-227.608170,-30.624571,-60.303379,-153.032593,173.259766,-62.015057,248.664810,189.057571,-73.344215,339.384949,-8.726013,-72.557129,55.722088,20.753128,-81.445923,66.766960,514.383850,-28.556879
666,3.330000,44.492874,264.683685,-70.862076,266.498596,-209.254730,-72.685333,69.739349,-302.802643,-69.065720,-136.203247,-228.466721,-65.133545,-227.640778,-30.596226,-60.187943,-153.057495,173.286423,-61.899841,248.635727,189.085052,-73.231895,339.348083,-8.694510,-72.439194,55.698158,20.771996,-81.341835,66.787567,514.565735,-28.482382
667,3.335000,44.485741,264.700958,-70.784912,266.501556,-209.236816,-72.601364,69.741135,-302.801727,-68.989594,-136.198929,-228.453140,-65.027763,-227.642380,-30.587194,-60.098091,-153.068787,173.302429,-61.820087,248.637802,189.103180,-73.183388,339.344940,-8.680346,-72.363991,55.678326,20.783106,-81.269905,66.794724,514.483337,-28.443195
668,3.340000,44.505798,264.727905,-70.716049,266.531647,-209.212738,-72.578773,69.751862,-302.768341,-68.938530,-136.165955,-228.443771,-64.969879,-227.620255,-30.575527,-60.026619,-153.048325,173.329285,-61.755562,248.661407,189.123276,-73.139671,339.377655,-8.655482,-72.351059,55.686642,20.791708,-81.225693,66.792343,514.159058,-28.450699
669,3.345000,44.519054,264.715942,-70.669228,266.537109,-209.218399,-72.551392,69.768257,-302.767120,-68.912346,-136.153442,-228.442047,-64.914108,-227.601212,-30.574329,-59.963715,-153.032547,173.315384,-61.714642,248.676086,189.121414,-73.096527,339.388916,-8.664273,-72.331474,55.706539,20.794096,-81.183220,66.787537,513.641968,-28.421469
670,3.350000,44.528236,264.693970,-70.676094,266.500183,-209.261002,-72.549301,69.749969,-302.787140,-68.894196,-136.198349,-228.431198,-64.871971,-227.629578,-30.567108,-59.943214,-153.042572,173.318756,-61.716026,248.667419,189.091751,-73.101700,339.368225,-8.695370,-72.318748,55.705509,20.783445,-81.183380,66.800041,512.835876,-28.313551
671,3.355000,44.527374,264.673126,-70.715408,266.469177,-209.299591,-72.561844,69.711952,-302.797241,-68.901405,-136.234634,-228.446869,-64.899879,-227.640732,-30.571241,-59.972752,-153.039551,173.303116,-61.750240,248.664948,189.049026,-73.135887,339.343567,-8.740474,-72.341331,55.681496,20.764076,-81.181511,66.785522,511.823547,-28.258841
672,3.360000,44.524128,264.641449,-70.761284,266.483063,-209.329346,-72.616714,69.691833,-302.820160,-68.953156,-136.229996,-228.493408,-64.980598,-227.642151,-30.614420,-60.045334,-153.051697,173.264465,-61.795666,248.663269,189.030533,-73.173035,339.346161,-8.765259,-72.385078,55.680195,20.734791,-81.231155,66.771912,510.583405,-28.235073
673,3.365000,44.507099,264.614746,-70.806953,266.516083,-209.348557,-72.637749,69.725632,-302.852356,-68.984444,-136.205765,-228.546356,-65.037346,-227.633316,-30.674828,-60.094872,-153.069702,173.223648,-61.829556,248.648361,189.023636,-73.194656,339.362305,-8.766196,-72.409492,55.689465,20.708780,-81.261620,66.717834,509.095123,-28.248730
674,3.370000,44.475109,264.601959,-70.825081,266.532471,-209.334503,-72.620827,69.760590,-302.850281,-68.976585,-136.175095,-228.571152,-65.034729,-227.622162,-30.701496,-60.105366,-153.085266,173.200241,-61.849724,248.627319,189.040421,-73.204926,339.364441,-8.743485,-72.389015,55.691315,20.710587,-81.267311,66.665405,507.399628,-28.257530
675,3.375000,44.452152,264.621887,-70.741417,266.509521,-209.315079,-72.560791,69.744850,-302.825928,-68.917496,-136.184387,-228.552979,-64.984322,-227.638016,-30.687458,-60.059849,-153.098831,173.206161,-61.794086,248.605621,189.046799,-73.122169,339.343994,-8.727726,-72.328300,55.679623,20.723244,-81.208580,66.637383,505.491852,-28.223936
676,3.380000,44.466148,264.640900,-70.650116,266.491608,-209.302170,-72.494621,69.746819,-302.824554,-68.891678,-136.203064,-228.518127,-64.928131,-227.641479,-30.647116,-59.999516,-153.091461,173.231049,-61.729904,248.614319,189.056229,-73.033615,339.335236,-8.721657,-72.262108,55.681637,20.737125,-81.155937,66.622940,503.289154,-28.279327
677,3.385000,44.511311,264.665161,-70.648621,266.496948,-209.286896,-72.454765,69.741501,-302.800995,-68.861633,-136.195221,-228.479706,-64.881714,-227.631271,-30.614538,-59.966564,-153.054825,173.266251,-61.704956,248.657700,189.062347,-73.029358,339.362732,-8.722739,-72.267616,55.699909,20.757444,-81.149338,66.588043,500.911713,-28.340813
678,3.390000,44.553154,264.677216,-70.689362,266.527161,-209.293747,-72.518166,69.778603,-302.817139,-68.913742,-136.171295,-228.457352,-64.887383,-227.605087,-30.591213,-59.969860,-153.013947,173.284851,-61.719162,248.690582,189.065842,-73.094017,339.396973,-8.729820,-72.323708,55.727776,20.754648,-81.183220,66.575211,498.337280,-28.429337
679,3.395000,44.548431,264.622894,-70.736732,266.506683,-209.344604,-72.569000,69.771622,-302.867981,-68.950333,-136.191513,-228.505753,-64.918129,-227.613220,-30.631468,-59.990963,-153.030609,173.246170,-61.740719,248.676651,189.017609,-73.155464,339.380524,-8.780085,-72.372223,55.716217,20.701790,-81.242722,66.579659,495.615875,-28.590078
680,3.400000,44.497555,264.519257,-70.967682,266.451385,-209.440155,-72.693878,69.726326,-302.954834,-69.063194,-136.249557,-228.610260,-65.061852,-227.662155,-30.725296,-60.146526,-153.075012,173.157806,-61.900951,248.621124,188.928375,-73.341408,339.322235,-8.868894,-72.515450,55.671593,20.613220,-81.374771,66.612808,493.957489,-28.565245
681,3.405000,44.454769,264.474365,-71.217834,266.442566,-209.474762,-72.841248,69.704132,-303.000519,-69.200356,-136.263412,-228.684357,-65.288956,-227.681778,-30.784231,-60.364552,-153.108032,173.084915,-62.121696,248.581161,188.887741,-73.561104,339.293701,-8.907028,-72.696579,55.647491,20.550793,-81.566971,66.585678,492.686676,-28.503643
682,3.410000,44.437767,264.455170,-71.289474,266.481018,-209.457764,-72.919403,69.739769,-303.030396,-69.298592,-136.220505,-228.719574,-65.411957,-227.659378,-30.823324,-60.464355,-153.109451,173.054581,-62.209396,248.574890,188.881378,-73.627853,339.313629,-8.897527,-72.775497,55.659554,20.525463,-81.634750,66.541214,491.619781,-28.517941
683,3.415000,44.415585,264.424500,-71.235352,266.477203,-209.481094,-72.936424,69.763252,-303.071228,-69.325470,-136.223969,-228.753326,-65.430328,-227.665573,-30.860460,-60.455154,-153.128662,173.023605,-62.176903,248.559143,188.863480,-73.587151,339.306152,-8.919298,-72.772888,55.665958,20.506010,-81.656204,66.498032,491.311035,-28.452042
684,3.420000,44.411461,264.478027,-71.136482,266.450195,-209.461441,-72.841660,69.693092,-302.982025,-69.187981,-136.260635,-228.699081,-65.300369,-227.683716,-30.800224,-60.357494,-153.150436,173.071609,-62.091217,248.557739,188.900742,-73.484848,339.287872,-8.875965,-72.648849,55.630810,20.567907,-81.528763,66.485718,491.404358,-28.397181
685,3.425000,44.461391,264.498291,-71.062294,266.464874,-209.455780,-72.774742,69.675797,-302.948486,-69.086327,-136.247482,-228.660202,-65.207214,-227.670212,-30.764055,-60.274231,-153.101105,173.127411,-62.031349,248.598831,188.915268,-73.406273,339.304840,-8.870526,-72.543930,55.642506,20.600489,-81.422562,66.510017,491.822540,-28.352125
686,3.430000,44.528923,264.519440,-70.777283,266.495300,-209.434845,-72.527405,69.723183,-302.936310,-68.922737,-136.217255,-228.613129,-64.979057,-227.631622,-30.727623,-60.074871,-153.054398,173.154510,-61.810287,248.657242,188.922302,-73.131279,339.353790,-8.862138,-72.326538,55.688847,20.610748,-81.216766,66.515221,492.600769,-28.303135
687,3.435000,44.534252,264.554077,-70.591225,266.515015,-209.408173,-72.424637,69.757851,-302.886688,-68.790855,-136.188644,-228.585220,-64.815430,-227.611557,-30.703472,-59.922691,-153.033234,173.183426,-61.682430,248.676025,188.961014,-72.961449,339.377991,-8.828472,-72.205025,55.722187,20.660257,-81.118317,66.539726,493.693237,-28.259714
688,3.440000,44.528297,264.575989,-70.606888,266.522888,-209.378433,-72.442978,69.751205,-302.846558,-68.754845,-136.178574,-228.568420,-64.786720,-227.610962,-30.695648,-59.890530,-153.054214,173.192139,-61.669346,248.671768,188.993484,-72.991478,339.384460,-8.800952,-72.233017,55.712017,20.686550,-81.087097,66.556503,495.094574,-28.265358
689,3.445000,44.494419,264.562469,-70.755463,266.501770,-209.395401,-72.587944,69.722496,-302.868713,-68.871590,-136.205139,-228.594254,-64.886444,-227.643005,-30.719011,-59.966690,-153.081009,173.177063,-61.753338,248.638351,188.983643,-73.169060,339.353699,-8.813090,-72.378716,55.670609,20.664892,-81.186111,66.622643,496.775452,-28.267609
690,3.450000,44.452076,264.524323,-70.773674,266.457123,-209.421799,-72.607048,69.678696,-302.905365,-68.911789,-136.261368,-228.616608,-64.910873,-227.677734,-30.750237,-59.992062,-153.121124,173.153687,-61.758625,248.592529,188.946243,-73.197823,339.311096,-8.845520,-72.402946,55.615559,20.644510,-81.202370,66.654663,498.778503,-28.225185
691,3.455000,44.456593,264.564941,-70.778214,266.471771,-209.379532,-72.604927,69.703560,-302.878967,-68.934830,-136.239487,-228.590271,-64.958145,-227.665756,-30.715210,-60.032307,-153.110565,173.174728,-61.790020,248.605301,188.989319,-73.174126,339.324829,-8.800526,-72.387238,55.658207,20.664215,-81.227814,66.636658,500.730621,-28.094763
692,3.460000,44.472408,264.611176,-70.733002,266.501617,-209.319748,-72.595070,69.763069,-302.869110,-68.972717,-136.195023,-228.544983,-65.010841,-227.640121,-30.679981,-60.057716,-153.073395,173.223816,-61.801579,248.619537,189.030884,-73.122627,339.348083,-8.748486,-72.340591,55.696838,20.691540,-81.240402,66.601921,502.100769,-28.105572
693,3.465000,44.475288,264.673218,-70.619614,266.484375,-209.272354,-72.490341,69.715874,-302.821716,-68.893936,-136.222382,-228.483170,-64.927521,-227.653458,-30.615301,-59.978912,-153.072433,173.275009,-61.715160,248.629425,189.064499,-73.015823,339.335388,-8.715669,-72.251030,55.670147,20.732870,-81.153206,66.599976,503.107544,-28.273890
694,3.470000,44.471535,264.709259,-70.617050,266.457642,-209.266220,-72.480385,69.670120,-302.770325,-68.860924,-136.252960,-228.444229,-64.892738,-227.670258,-30.567533,-59.952164,-153.092819,173.308273,-61.672802,248.613678,189.092850,-72.999634,339.312164,-8.692810,-72.222755,55.632137,20.787714,-81.126991,66.613197,504.159882,-28.396912
695,3.475000,44.512985,264.719238,-70.575478,266.510376,-209.232422,-72.419563,69.736839,-302.761658,-68.811035,-136.190216,-228.435165,-64.843468,-227.628540,-30.561546,-59.909542,-153.050476,173.324234,-61.641262,248.655334,189.101181,-72.982399,339.368469,-8.677508,-72.221680,55.691776,20.786257,-81.099846,66.629250,504.833405,-28.417917
696,3.480000,44.543491,264.718384,-70.615898,266.549316,-209.198822,-72.452141,69.834625,-302.809479,-68.921577,-136.125809,-228.424255,-64.886734,-227.585327,-30.573952,-59.959587,-153.005203,173.313446,-61.672527,248.685425,189.113327,-73.009735,339.403534,-8.670603,-72.264648,55.751411,20.769609,-81.174828,66.646553,505.162048,-28.463087
697,3.485000,44.509739,264.729462,-70.685036,266.519409,-209.219223,-72.534729,69.801659,-302.771393,-68.955261,-136.160522,-228.428925,-64.944756,-227.611603,-30.561123,-60.002468,-153.040909,173.308136,-61.728165,248.661987,189.127090,-73.079292,339.367401,-8.649774,-72.305542,55.726593,20.798494,-81.203773,66.657806,505.280853,-28.563669
698,3.490000,44.468941,264.697327,-70.854408,266.481293,-209.269211,-72.680031,69.723541,-302.788116,-69.034180,-136.221802,-228.461884,-65.064140,-227.660233,-30.593012,-60.108215,-153.087219,173.284912,-61.846699,248.616852,189.094177,-73.259880,339.333252,-8.692560,-72.464211,55.662846,20.789619,-81.316711,66.691681,505.133026,-28.671543
699,3.495000,44.490658,264.653870,-71.057907,266.492218,-209.317184,-72.841438,69.716568,-302.811768,-69.167801,-136.212753,-228.514908,-65.227608,-227.646408,-30.633684,-60.253105,-153.076035,173.242020,-61.980415,248.621826,189.059311,-73.444138,339.350647,-8.736005,-72.656380,55.668308,20.754219,-81.464920,66.682564,504.734344,-28.746305
700,3.500000,44.501492,264.626617,-71.143311,266.508270,-209.318192,-72.905678,69.762054,-302.842255,-69.268616,-136.190186,-228.538406,-65.340858,-227.629852,-30.654377,-60.348423,-153.065872,173.231842,-62.068016,248.635056,189.046631,-73.521416,339.375092,-8.752912,-72.731995,55.691864,20.735472,-81.534897,66.668137,504.188293,-28.767256
701,3.505000,44.491760,264.632721,-71.053085,266.485199,-209.319962,-72.802277,69.776146,-302.847626,-69.198204,-136.209000,-228.527634,-65.269424,-227.645096,-30.647318,-60.311581,-153.075775,173.230789,-62.029339,248.621063,189.050537,-73.395546,339.347473,-8.742777,-72.581612,55.707722,20.738260,-81.472031,66.650810,503.364441,-28.729441
702,3.510000,44.470932,264.665100,-70.980537,266.456329,-209.298096,-72.754021,69.726830,-302.806641,-69.147179,-136.238739,-228.488098,-65.261261,-227.669022,-30.604448,-60.291721,-153.090302,173.261292,-61.992657,248.613373,189.071564,-73.331665,339.327240,-8.720572,-72.516006,55.675953,20.781778,-81.424202,66.613907,502.362976,-28.663767
703,3.515000,44.481979,264.700989,-70.953209,266.476318,-209.258530,-72.738960,69.689529,-302.781342,-69.123741,-136.229935,-228.462341,-65.231186,-227.654282,-30.582411,-60.273056,-153.078186,173.298096,-61.958584,248.626099,189.097900,-73.309196,339.327057,-8.694094,-72.494408,55.645271,20.792501,-81.389091,66.582802,501.061554,-28.696445
704,3.520000,44.492683,264.715332,-70.886436,266.513245,-209.224121,-72.687767,69.733894,-302.782928,-69.087494,-136.184372,-228.453979,-65.158958,-227.629105,-30.580805,-60.188126,-153.055023,173.311996,-61.903843,248.651932,189.114670,-73.277519,339.359375,-8.671069,-72.478493,55.682888,20.785576,-81.360672,66.559586,499.564819,-28.698715
705,3.525000,44.508606,264.717590,-70.777550,266.521759,-209.211365,-72.589699,69.780746,-302.787140,-68.981918,-136.166656,-228.446548,-65.008125,-227.616562,-30.578173,-60.048801,-153.045563,173.309494,-61.803959,248.649475,189.126938,-73.176353,339.378723,-8.656258,-72.390114,55.716251,20.783918,-81.277611,66.548706,497.865601,-28.650021
706,3.530000,44.515530,264.651733,-70.795715,266.508698,-209.284225,-72.602371,69.772507,-302.826599,-68.960579,-136.181061,-228.494659,-64.985550,-227.615112,-30.629225,-60.061546,-153.047180,173.253906,-61.828640,248.645645,189.064438,-73.174736,339.362488,-8.716249,-72.374184,55.722252,20.721289,-81.282997,66.603615,496.334656,-28.620687
707,3.535000,44.508480,264.543304,-71.020332,266.472076,-209.394577,-72.743790,69.692207,-302.914459,-69.070496,-136.231201,-228.587326,-65.138870,-227.637329,-30.702782,-60.231472,-153.057755,173.189819,-61.990578,248.632904,188.953918,-73.376846,339.333649,-8.832896,-72.540565,55.676601,20.635635,-81.418114,66.641075,495.650635,-28.485779
708,3.540000,44.504002,264.459625,-71.250443,266.472321,-209.481186,-72.907875,69.687675,-302.992615,-69.209221,-136.240356,-228.685806,-65.319817,-227.650864,-30.783150,-60.387184,-153.062897,173.108780,-62.171909,248.630676,188.865829,-73.606163,339.334320,-8.933343,-72.766960,55.652981,20.558966,-81.570549,66.634453,495.245300,-28.406422
709,3.545000,44.494640,264.405182,-71.201477,266.499329,-209.529343,-72.903923,69.737801,-303.045471,-69.212280,-136.227463,-228.751099,-65.305161,-227.646423,-30.846525,-60.352352,-153.078781,173.042252,-62.120541,248.623322,188.821274,-73.566353,339.339172,-8.974702,-72.734291,55.680962,20.514135,-81.558067,66.592865,495.208038,-28.328426
710,3.550000,44.450642,264.408661,-71.088531,266.475616,-209.531570,-72.867188,69.731514,-303.022217,-69.167923,-136.236664,-228.754105,-65.255783,-227.661560,-30.858398,-60.296841,-153.122589,173.021149,-62.063354,248.588531,188.836563,-73.468292,339.310913,-8.948136,-72.646240,55.669277,20.523901,-81.481323,66.580910,495.700684,-28.150301
711,3.555000,44.435200,264.451080,-70.966560,266.459747,-209.490295,-72.710655,69.684914,-302.957611,-69.013596,-136.252457,-228.710251,-65.131439,-227.675079,-30.827314,-60.211803,-153.143509,173.063217,-61.972603,248.567841,188.886002,-73.320168,339.297058,-8.893835,-72.487839,55.632812,20.570150,-81.339577,66.549973,496.493225,-28.058714
712,3.560000,44.459934,264.466766,-70.779221,266.484039,-209.453537,-72.492485,69.694839,-302.946228,-68.850159,-136.227219,-228.680893,-64.948441,-227.657211,-30.804914,-60.077179,-153.109955,173.099655,-61.813168,248.594742,188.898682,-73.109329,339.309998,-8.883871,-72.288429,55.634388,20.582430,-81.191605,66.557716,497.532623,-28.025665
713,3.565000,44.507023,264.529602,-70.477158,266.503967,-209.408249,-72.242584,69.751373,-302.910980,-68.669479,-136.196915,-228.607956,-64.732742,-227.628647,-30.747259,-59.857628,-153.066864,173.139404,-61.579750,248.650665,188.943649,-72.829407,339.361511,-8.840769,-72.055191,55.698967,20.608082,-81.035286,66.568161,498.936737,-27.945032
714,3.570000,44.533375,264.674713,-70.265472,266.517090,-209.277420,-72.167557,69.786186,-302.792145,-68.583511,-136.184830,-228.469421,-64.579994,-227.615677,-30.595081,-59.645267,-153.044662,173.281418,-61.381813,248.672821,189.053619,-72.675888,339.375519,-8.726918,-71.953064,55.724293,20.762413,-80.873459,66.569984,500.045715,-27.824821
715,3.575000,44.550941,264.751495,-70.156052,266.521698,-209.213242,-72.141647,69.783089,-302.715271,-68.516220,-136.171371,-228.388229,-64.474876,-227.592468,-30.509428,-59.523300,-153.022858,173.354187,-61.263187,248.696030,189.113129,-72.624962,339.388397,-8.659926,-71.908867,55.722900,20.843336,-80.766655,66.579987,500.559387,-27.938553
716,3.580000,44.547417,264.784821,-70.142700,266.504395,-209.177826,-72.065254,69.753433,-302.677521,-68.444260,-136.179184,-228.356171,-64.398201,-227.594849,-30.473995,-59.446659,-153.026306,173.389938,-61.176708,248.685303,189.146500,-72.616386,339.376526,-8.629714,-71.890228,55.694752,20.876957,-80.731293,66.614861,500.843872,-28.122677
717,3.585000,44.522732,264.778290,-70.217461,266.491821,-209.166245,-72.098198,69.755287,-302.678162,-68.500740,-136.185684,-228.347702,-64.444298,-227.611359,-30.483015,-59.526741,-153.040939,173.386276,-61.241589,248.666107,189.152084,-72.685257,339.361359,-8.621379,-71.939545,55.682259,20.863571,-80.802979,66.615883,501.050781,-28.151951
718,3.590000,44.517876,264.705902,-70.438461,266.526093,-209.216141,-72.295547,69.810646,-302.800171,-68.720963,-136.156418,-228.433884,-64.667114,-227.610550,-30.575462,-59.751141,-153.041260,173.297104,-61.484646,248.669205,189.098816,-72.863533,339.383392,-8.680882,-72.123367,55.732620,20.757847,-81.008240,66.620186,500.887756,-28.209349
719,3.595000,44.483059,264.639709,-70.734940,266.495972,-209.298538,-72.558998,69.798035,-302.872040,-68.953163,-136.196976,-228.515762,-64.925240,-227.640564,-30.646795,-59.992046,-153.068024,173.239975,-61.751637,248.630508,189.038757,-73.144020,339.356689,-8.741315,-72.356430,55.716869,20.688198,-81.232468,66.624535,500.434052,-28.359568
720,3.600000,44.452446,264.607819,-70.946739,266.447998,-209.347565,-72.749084,69.695206,-302.858185,-69.069839,-136.256500,-228.546692,-65.117676,-227.678955,-30.670492,-60.165741,-153.114700,173.214264,-61.924091,248.586441,189.019897,-73.337936,339.300995,-8.773962,-72.537979,55.635567,20.703997,-81.353958,66.600037,499.786377,-28.512884
721,3.605000,44.452702,264.594391,-71.092651,266.460754,-209.363937,-72.883766,69.662949,-302.854462,-69.214699,-136.251953,-228.571503,-65.324959,-227.670197,-30.685213,-60.331657,-153.120956,173.201660,-62.044064,248.586655,189.004456,-73.483688,339.302277,-8.787418,-72.671310,55.609379,20.712698,-81.495964,66.566017,498.982635,-28.623680
722,3.610000,44.477848,264.627014,-71.166435,266.493195,-209.313126,-72.880516,69.736137,-302.838531,-69.290878,-136.202301,-228.538712,-65.409546,-227.641846,-30.661539,-60.439693,-153.080841,173.222015,-62.116100,248.615219,189.048035,-73.495346,339.338867,-8.744324,-72.692947,55.668125,20.725725,-81.566353,66.517670,497.921997,-28.779902
723,3.615000,44.477242,264.612030,-71.182198,266.496552,-209.318481,-72.825699,69.783615,-302.889252,-69.270180,-136.194824,-228.563843,-65.419052,-227.634735,-30.674585,-60.462017,-153.072174,173.199905,-62.165787,248.617828,189.026260,-73.478477,339.344391,-8.757705,-72.633247,55.704041,20.682222,-81.588692,66.511887,497.088501,-28.839668
724,3.620000,44.451923,264.562866,-71.155548,266.451508,-209.383209,-72.828018,69.726837,-302.915466,-69.202705,-136.248810,-228.597778,-65.361443,-227.668045,-30.696934,-60.417931,-153.109940,173.172424,-62.155815,248.582779,188.976318,-73.457336,339.299591,-8.805810,-72.599983,55.660458,20.653343,-81.556892,66.559029,496.961700,-28.833378
725,3.625000,44.468006,264.558807,-71.227547,266.452301,-209.382690,-72.929779,69.665085,-302.879669,-69.246559,-136.247360,-228.593643,-65.397911,-227.663635,-30.693996,-60.443150,-153.097580,173.179886,-62.191616,248.586578,188.979553,-73.573639,339.306671,-8.811088,-72.723518,55.613197,20.679234,-81.584709,66.583679,497.203766,-28.801241
726,3.630000,44.508289,264.564880,-71.219223,266.514923,-209.369263,-72.964111,69.718201,-302.895447,-69.282646,-136.189270,-228.598969,-65.388458,-227.616043,-30.707411,-60.406288,-153.051819,173.192245,-62.142258,248.643753,188.993591,-73.583641,339.368347,-8.804206,-72.782257,55.666088,20.673222,-81.582283,66.614769,497.587738,-28.783726
727,3.635000,44.502178,264.583008,-71.093513,266.510284,-209.359680,-72.875481,69.766022,-302.895966,-69.212685,-136.194931,-228.575607,-65.270981,-227.621826,-30.691935,-60.293934,-153.063004,173.198227,-62.030651,248.638611,188.997772,-73.479874,339.368622,-8.785453,-72.669762,55.698547,20.677258,-81.508904,66.624405,498.440552,-28.661184
728,3.640000,44.467232,264.657959,-70.906532,266.470459,-209.297821,-72.733543,69.742676,-302.792603,-69.068634,-136.220581,-228.496902,-65.146194,-227.651001,-30.624353,-60.183029,-153.085205,173.250702,-61.921978,248.609497,189.075668,-73.299568,339.325958,-8.712061,-72.489861,55.683392,20.768236,-81.357307,66.633659,499.168732,-28.456825
729,3.645000,44.493477,264.708496,-70.737427,266.489990,-209.248520,-72.607742,69.702522,-302.757935,-68.948357,-136.205048,-228.448090,-65.024246,-227.646027,-30.575411,-60.067680,-153.072662,173.309250,-61.798313,248.636093,189.106598,-73.120209,339.342133,-8.671082,-72.333405,55.676846,20.789766,-81.225128,66.627464,499.376495,-28.343182
730,3.650000,44.512539,264.707153,-70.575020,266.515656,-209.242325,-72.436142,69.707726,-302.768005,-68.816460,-136.196625,-228.438644,-64.838181,-227.630035,-30.575775,-59.931034,-153.048538,173.317490,-61.660812,248.669281,189.093063,-72.976936,339.360443,-8.691082,-72.210197,55.674442,20.768093,-81.098289,66.612572,499.334229,-28.354948
731,3.655000,44.518353,264.717255,-70.471992,266.510315,-209.240112,-72.302528,69.727890,-302.736908,-68.680740,-136.196777,-228.429611,-64.704819,-227.627914,-30.555624,-59.801022,-153.046661,173.340027,-61.547375,248.677567,189.106369,-72.892052,339.368256,-8.689712,-72.134583,55.690411,20.804436,-81.016479,66.587830,499.157227,-28.321184
732,3.660000,44.537880,264.700867,-70.474358,266.522919,-209.261795,-72.366898,69.770973,-302.748352,-68.716537,-136.180038,-228.446793,-64.732368,-227.613373,-30.565081,-59.800312,-153.026276,173.307266,-61.573158,248.691681,189.088486,-72.886818,339.383453,-8.697465,-72.136734,55.733051,20.800800,-81.021683,66.584854,498.813751,-28.229719
733,3.665000,44.555862,264.664581,-70.546791,266.539886,-209.297745,-72.432785,69.783424,-302.792542,-68.784317,-136.164459,-228.478622,-64.804527,-227.594879,-30.604992,-59.872997,-153.017807,173.272156,-61.647724,248.697601,189.059326,-72.946098,339.384308,-8.734037,-72.186005,55.734531,20.748739,-81.068130,66.598846,498.277283,-28.228895
734,3.670000,44.526531,264.579926,-70.723129,266.508118,-209.370407,-72.508987,69.737259,-302.872833,-68.853821,-136.196213,-228.561020,-64.890846,-227.618576,-30.687632,-59.980598,-153.043945,173.210861,-61.746719,248.657013,188.983719,-73.095917,339.361206,-8.807831,-72.303543,55.677818,20.666708,-81.173569,66.628983,497.793182,-28.264467
735,3.675000,44.485294,264.469818,-70.943878,266.485840,-209.472290,-72.657150,69.720490,-302.981689,-69.008034,-136.221664,-228.674225,-65.040543,-227.647812,-30.794821,-60.141891,-153.079178,173.107361,-61.883610,248.618347,188.889694,-73.306107,339.333649,-8.906366,-72.481453,55.667053,20.558208,-81.347610,66.645164,497.693756,-28.231199
736,3.680000,44.469555,264.446777,-71.068001,266.499268,-209.482468,-72.793030,69.776093,-303.032410,-69.161339,-136.208099,-228.718674,-65.209183,-227.641815,-30.830566,-60.267052,-153.090973,173.061813,-62.005486,248.603516,188.868744,-73.439590,339.337006,-8.906425,-72.634903,55.689438,20.530745,-81.461449,66.627892,497.822693,-28.180967
737,3.685000,44.461662,264.475952,-71.030304,266.508392,-209.445511,-72.793053,69.779083,-303.003265,-69.151382,-136.199265,-228.697037,-65.221985,-227.640289,-30.809998,-60.256638,-153.100357,173.085419,-61.986290,248.601364,188.911133,-73.385498,339.339539,-8.863572,-72.576820,55.687908,20.560896,-81.429878,66.582893,498.002472,-28.183678
738,3.690000,44.456779,264.519928,-70.841537,266.479614,-209.424011,-72.608360,69.722862,-302.920959,-68.976013,-136.220566,-228.634079,-65.058975,-227.654022,-30.765804,-60.122219,-153.110474,173.120010,-61.862865,248.596558,188.954605,-73.197998,339.325378,-8.820151,-72.386070,55.666451,20.618078,-81.289406,66.555885,498.224792,-28.196499
739,3.695000,44.477512,264.598877,-70.694145,266.473297,-209.365448,-72.460770,69.706436,-302.852295,-68.873833,-136.234207,-228.553497,-64.935097,-227.655899,-30.678022,-60.034958,-153.097366,173.191360,-61.734528,248.621277,189.008118,-73.047951,339.332367,-8.783864,-72.268356,55.652786,20.692810,-81.170929,66.535599,498.444031,-28.233690
740,3.700000,44.517754,264.657562,-70.590981,266.492340,-209.300858,-72.378014,69.744102,-302.826843,-68.833862,-136.206177,-228.483200,-64.867279,-227.635513,-30.619320,-59.954739,-153.057846,173.258240,-61.643326,248.659988,189.049896,-72.961716,339.366516,-8.741241,-72.204750,55.696648,20.733206,-81.103271,66.542740,498.578583,-28.317829
741,3.705000,44.528912,264.696838,-70.485405,266.503693,-209.260284,-72.305428,69.785614,-302.791626,-68.744476,-136.197662,-228.434357,-64.736046,-227.627594,-30.565302,-59.825420,-153.043472,173.303299,-61.560799,248.681641,189.090332,-72.877762,339.376465,-8.702056,-72.132187,55.717621,20.768063,-81.047546,66.556908,498.631989,-28.374781
742,3.710000,44.521297,264.711945,-70.479561,266.510651,-209.249054,-72.340530,69.768700,-302.742584,-68.691383,-136.185150,-228.425446,-64.684120,-227.616394,-30.557156,-59.768631,-153.049484,173.314926,-61.549751,248.672836,189.099579,-72.887856,339.369843,-8.679157,-72.148964,55.704884,20.797167,-81.026260,66.568123,498.649414,-28.405790
743,3.715000,44.519558,264.697449,-70.642197,266.512939,-209.260361,-72.529419,69.732918,-302.761444,-68.861824,-136.187347,-228.441071,-64.840958,-227.615753,-30.578815,-59.914520,-153.047699,173.291550,-61.674019,248.663025,189.092911,-73.074966,339.364655,-8.691129,-72.301712,55.691254,20.786644,-81.135269,66.614708,498.624115,-28.478582
744,3.720000,44.492622,264.651978,-70.877060,266.479980,-209.295975,-72.704758,69.698334,-302.817566,-69.047142,-136.218002,-228.491150,-65.066277,-227.645630,-30.624504,-60.118885,-153.069305,173.266907,-61.860703,248.623444,189.054993,-73.284882,339.334595,-8.726274,-72.503227,55.655426,20.749121,-81.312378,66.630783,498.541962,-28.542130
745,3.725000,44.455845,264.605103,-71.055573,266.461823,-209.333969,-72.796379,69.709045,-302.862122,-69.133698,-136.238098,-228.552032,-65.198273,-227.671906,-30.673944,-60.254677,-153.106628,173.216873,-61.996677,248.592056,189.022202,-73.414818,339.321655,-8.767131,-72.604660,55.645878,20.709320,-81.448517,66.603020,498.408417,-28.573740
746,3.730000,44.444927,264.564636,-71.105156,266.478790,-209.363663,-72.871857,69.736687,-302.896027,-69.198212,-136.223618,-228.603607,-65.302528,-227.662979,-30.711151,-60.340027,-153.114563,173.172668,-62.088539,248.595322,189.002609,-73.464188,339.316040,-8.782853,-72.637054,55.673351,20.674128,-81.510712,66.568878,498.280609,-28.588625
747,3.735000,44.453041,264.552094,-71.116158,266.484711,-209.370728,-72.904129,69.709633,-302.893158,-69.223633,-136.219940,-228.622818,-65.381783,-227.655838,-30.721609,-60.393078,-153.108658,173.162079,-62.118443,248.596344,188.984283,-73.469391,339.321411,-8.799808,-72.667213,55.663532,20.657223,-81.538406,66.539154,498.217651,-28.589043
748,3.740000,44.459213,264.570068,-71.080566,266.468445,-209.365051,-72.833321,69.669006,-302.875977,-69.155029,-136.243423,-228.584839,-65.309395,-227.667084,-30.692692,-60.359035,-153.105667,173.195908,-62.074978,248.597504,188.992950,-73.415764,339.310150,-8.790188,-72.584930,55.628742,20.688206,-81.462753,66.544418,498.256012,-28.575438
749,3.745000,44.473400,264.607758,-70.944931,266.470306,-209.337158,-72.689621,69.703934,-302.860687,-69.070694,-136.238297,-228.546402,-65.170654,-227.659027,-30.664068,-60.246971,-153.088760,173.226990,-61.956776,248.614029,189.019531,-73.299568,339.330811,-8.771165,-72.473228,55.662582,20.702374,-81.384186,66.555901,498.361786,-28.569016
750,3.750000,44.494904,264.646698,-70.809158,266.503021,-209.309311,-72.634598,69.756325,-302.830688,-69.017975,-136.205399,-228.507431,-65.071640,-227.641129,-30.635077,-60.131760,-153.063202,173.243164,-61.845642,248.641678,189.052368,-73.178658,339.356049,-8.732454,-72.395584,55.700603,20.732443,-81.294823,66.563675,498.477173,-28.541557
751,3.755000,44.514301,264.668701,-70.728119,266.520111,-209.284927,-72.618286,69.768494,-302.819458,-68.976143,-136.180740,-228.486969,-64.995491,-227.626343,-30.621557,-60.043976,-153.046722,173.267181,-61.785545,248.663956,189.067291,-73.147018,339.376495,-8.713512,-72.354446,55.713589,20.745077,-81.242943,66.593674,498.542145,-28.471893
752,3.760000,44.528793,264.656982,-70.719810,266.526794,-209.302673,-72.578445,69.750908,-302.807190,-68.890404,-136.183487,-228.483612,-64.903099,-227.611084,-30.612995,-59.970325,-153.040024,173.263107,-61.751873,248.675888,189.058746,-73.137077,339.376801,-8.720638,-72.345818,55.700363,20.746449,-81.191925,66.624138,498.553741,-28.435778
753,3.765000,44.522964,264.647125,-70.720360,266.515747,-209.320206,-72.541618,69.746666,-302.821625,-68.894547,-136.187424,-228.500854,-64.881935,-227.617401,-30.623405,-59.962353,-153.046768,173.251694,-61.713963,248.670364,189.043671,-73.131088,339.380371,-8.744840,-72.357460,55.688721,20.730652,-81.180069,66.637794,498.519165,-28.426052
754,3.770000,44.520756,264.630646,-70.755661,266.500244,-209.326645,-72.585365,69.761269,-302.854248,-68.978065,-136.197632,-228.518188,-64.966782,-227.625244,-30.645908,-60.025391,-153.049179,173.236923,-61.757843,248.660233,189.028992,-73.175697,339.361145,-8.753359,-72.390747,55.701195,20.709768,-81.248047,66.631393,498.427063,-28.384571
755,3.775000,44.503971,264.600769,-70.848076,266.504578,-209.349121,-72.638985,69.760399,-302.883972,-69.024437,-136.201553,-228.551437,-65.050056,-227.631180,-30.671776,-60.111473,-153.057724,173.213638,-61.853592,248.655334,189.012466,-73.227844,339.358490,-8.772883,-72.419693,55.708813,20.681166,-81.305229,66.610634,498.348053,-28.341642
756,3.780000,44.491615,264.574646,-70.897118,266.498077,-209.374771,-72.640114,69.756279,-302.895721,-69.001526,-136.200317,-228.584167,-65.068123,-227.631897,-30.702074,-60.151695,-153.065018,173.181854,-61.905621,248.636368,188.995132,-73.252304,339.355774,-8.796971,-72.432426,55.684452,20.660421,-81.314079,66.589622,498.274231,-28.327827
757,3.785000,44.480003,264.548615,-70.880859,266.496307,-209.403137,-72.643761,69.724365,-302.899170,-68.998177,-136.205887,-228.605362,-65.088181,-227.640991,-30.724861,-60.160641,-153.088837,173.157944,-61.882149,248.614136,188.973923,-73.225464,339.342896,-8.808481,-72.425880,55.663616,20.663906,-81.296539,66.580414,498.240173,-28.316921
758,3.790000,44.477520,264.553528,-70.858803,266.496948,-209.395432,-72.611977,69.724678,-302.895203,-69.006645,-136.211792,-228.604187,-65.085960,-227.644684,-30.729172,-60.162258,-153.088486,173.164642,-61.856941,248.626190,188.976700,-73.224571,339.346771,-8.807464,-72.421661,55.657234,20.663076,-81.298729,66.563721,498.257751,-28.300167
759,3.795000,44.494667,264.574585,-70.827728,266.512817,-209.372513,-72.564606,69.749313,-302.889893,-68.955757,-136.194443,-228.580444,-65.028061,-227.635498,-30.712166,-60.107124,-153.073456,173.186188,-61.842880,248.632660,188.991760,-73.178139,339.357086,-8.796902,-72.375458,55.687279,20.673647,-81.262085,66.566452,498.312775,-28.297915
760,3.800000,44.510979,264.593872,-70.737892,266.509155,-209.349976,-72.520973,69.754402,-302.860657,-68.888573,-136.187790,-228.546417,-64.939903,-227.622986,-30.688026,-60.032040,-153.057770,173.210190,-61.781120,248.650360,189.006393,-73.102188,339.372131,-8.774316,-72.306313,55.702389,20.689932,-81.207809,66.581444,498.376831,-28.297262
761,3.805000,44.519165,264.620209,-70.675934,266.502899,-209.339539,-72.522858,69.727646,-302.830231,-68.864029,-136.197220,-228.518661,-64.897835,-227.622070,-30.644489,-59.973412,-153.056152,173.233841,-61.720718,248.661682,189.029312,-73.073013,339.358978,-8.755631,-72.290894,55.680206,20.723665,-81.159531,66.597702,498.439514,-28.319654
762,3.810000,44.527370,264.633240,-70.694489,266.498322,-209.320953,-72.537758,69.725006,-302.826111,-68.889717,-136.202606,-228.511734,-64.901848,-227.621414,-30.639297,-59.975979,-153.047287,173.252518,-61.722652,248.661804,189.030685,-73.120590,339.366058,-8.760645,-72.336357,55.684570,20.719732,-81.176285,66.608002,498.454926,-28.350582
763,3.815000,44.517330,264.634247,-70.748528,266.493896,-209.318695,-72.535667,69.736244,-302.844604,-68.914047,-136.202789,-228.509201,-64.911507,-227.632233,-30.643269,-59.991711,-153.046585,173.246353,-61.748852,248.657532,189.029266,-73.161583,339.365570,-8.768589,-72.370308,55.693920,20.702181,-81.221565,66.604309,498.452759,-28.402317
764,3.820000,44.498539,264.625732,-70.772560,266.480896,-209.320602,-72.574615,69.724159,-302.846222,-68.955025,-136.217880,-228.522263,-64.968140,-227.646179,-30.652582,-60.037724,-153.076508,173.234100,-61.787338,248.640594,189.030777,-73.174835,339.342194,-8.752237,-72.366776,55.683884,20.703125,-81.243477,66.592812,498.442535,-28.430735
765,3.825000,44.465664,264.619141,-70.810463,266.474945,-209.330673,-72.644859,69.711891,-302.849060,-69.001442,-136.231186,-228.539978,-65.071251,-227.658051,-30.663446,-60.119373,-153.094391,173.221039,-61.865082,248.614914,189.030136,-73.206451,339.329407,-8.749332,-72.391380,55.659859,20.715641,-81.279762,66.580238,498.411957,-28.446007
766,3.830000,44.459118,264.614685,-70.916138,266.473419,-209.316162,-72.676018,69.688759,-302.852234,-69.026505,-136.224991,-228.552094,-65.131714,-227.661865,-30.672226,-60.184902,-153.103302,173.221420,-61.925114,248.597443,189.031281,-73.274422,339.318268,-8.745476,-72.441864,55.643955,20.701834,-81.335526,66.565239,498.389740,-28.486263
767,3.835000,44.445583,264.609619,-70.944328,266.480286,-209.323456,-72.684662,69.695427,-302.863007,-69.043587,-136.231064,-228.555679,-65.136803,-227.665802,-30.685141,-60.210522,-153.104584,173.209442,-61.932346,248.599609,189.026627,-73.321083,339.323853,-8.756071,-72.484489,55.646568,20.694996,-81.356918,66.549706,498.373810,-28.499138
768,3.840000,44.463814,264.605927,-70.906204,266.484406,-209.337601,-72.712975,69.732994,-302.867554,-69.091148,-136.225601,-228.561249,-65.143692,-227.660858,-30.685719,-60.197098,-153.096512,173.207870,-61.911552,248.611298,189.019409,-73.296379,339.336243,-8.762496,-72.487762,55.673542,20.699760,-81.371597,66.552399,498.384766,-28.514656
769,3.845000,44.495407,264.604309,-70.896683,266.499542,-209.349457,-72.712204,69.736229,-302.851624,-69.056854,-136.207947,-228.547668,-65.139465,-227.635574,-30.673616,-60.181725,-153.071671,173.222672,-61.914509,248.642487,189.026382,-73.270920,339.357758,-8.765510,-72.475182,55.695724,20.708944,-81.340919,66.574043,498.404572,-28.506935
770,3.850000,44.525826,264.608917,-70.882957,266.515381,-209.348373,-72.663361,69.742035,-302.846893,-69.005508,-136.193634,-228.534576,-65.084480,-227.625153,-30.666117,-60.154644,-153.048279,173.225937,-61.901615,248.656769,189.027252,-73.243324,339.367218,-8.770619,-72.443832,55.698341,20.712549,-81.308624,66.598328,498.417938,-28.494095
771,3.855000,44.513447,264.616364,-70.837280,266.505005,-209.342239,-72.639732,69.733971,-302.837494,-68.987099,-136.204834,-228.527115,-65.029778,-227.631546,-30.651236,-60.098915,-153.055466,173.230270,-61.849281,248.652985,189.024963,-73.224388,339.362762,-8.767885,-72.418938,55.679596,20.720181,-81.280083,66.595169,498.439056,-28.481470
772,3.860000,44.483246,264.623840,-70.800056,266.493927,-209.330750,-72.638756,69.738846,-302.841614,-69.002602,-136.212341,-228.521851,-65.008972,-227.650696,-30.654732,-60.068401,-153.078995,173.231155,-61.802502,248.637375,189.042755,-73.199287,339.349121,-8.756883,-72.422760,55.680023,20.723629,-81.269508,66.582924,498.449402,-28.478027
773,3.865000,44.480629,264.628845,-70.811943,266.498749,-209.323273,-72.631645,69.750816,-302.843536,-68.993256,-136.212982,-228.531906,-65.017151,-227.645203,-30.654560,-60.073753,-153.075851,173.225266,-61.806023,248.630859,189.043350,-73.197624,339.353638,-8.751055,-72.438301,55.686348,20.716930,-81.266777,66.586411,498.444641,-28.450607
774,3.870000,44.486584,264.618591,-70.826599,266.504303,-209.327591,-72.612442,69.755379,-302.859009,-68.975891,-136.198318,-228.544189,-65.021324,-227.640533,-30.674963,-60.099972,-153.076004,173.217041,-61.843021,248.637955,189.034439,-73.209946,339.354584,-8.751597,-72.399872,55.685204,20.698936,-81.274689,66.598900,498.416626,-28.416477
775,3.875000,44.488609,264.604675,-70.819191,266.500732,-209.351120,-72.618492,69.740265,-302.874817,-68.993080,-136.209763,-228.554993,-65.027328,-227.639908,-30.675575,-60.108185,-153.078659,173.206009,-61.831184,248.633118,189.022003,-73.191666,339.347137,-8.762578,-72.390976,55.678501,20.680532,-81.278297,66.597946,498.377106,-28.391729
776,3.880000,44.486935,264.598907,-70.826263,266.494141,-209.345825,-72.618774,69.730766,-302.875671,-69.007027,-136.210510,-228.551529,-65.055107,-227.650833,-30.679987,-60.128300,-153.076416,173.205399,-61.846378,248.626648,189.015350,-73.202759,339.341156,-8.772342,-72.400101,55.682270,20.687998,-81.293762,66.580750,498.346588,-28.386209
777,3.885000,44.493919,264.605560,-70.868637,266.500641,-209.345245,-72.622391,69.747032,-302.885712,-69.011467,-136.209396,-228.547928,-65.054039,-227.640701,-30.678011,-60.137321,-153.064407,173.209549,-61.867920,248.636276,189.010651,-73.246925,339.352753,-8.774862,-72.428986,55.684349,20.676435,-81.312546,66.578224,498.337860,-28.380590
778,3.890000,44.508656,264.595062,-70.864120,266.508026,-209.352753,-72.626968,69.749657,-302.885742,-68.996262,-136.199692,-228.557343,-65.041054,-227.630753,-30.684553,-60.117271,-153.058975,173.206085,-61.853249,248.646790,189.002533,-73.237549,339.367401,-8.784829,-72.425934,55.698406,20.676830,-81.302391,66.588638,498.343689,-28.369846
779,3.895000,44.520874,264.590729,-70.804817,266.516907,-209.361084,-72.622070,69.748100,-302.877380,-68.983139,-136.195801,-228.560303,-65.014519,-227.623001,-30.688599,-60.079060,-153.054077,173.203934,-61.829079,248.659836,189.003830,-73.192169,339.366241,-8.784150,-72.390732,55.696117,20.679829,-81.262108,66.604355,498.350586,-28.366726
780,3.900000,44.513176,264.595032,-70.788200,266.506134,-209.358490,-72.581276,69.734100,-302.857513,-68.938301,-136.197647,-228.556061,-64.991188,-227.629333,-30.683838,-60.065807,-153.060760,173.205475,-61.808552,248.648331,189.012619,-73.158745,339.370850,-8.776033,-72.371223,55.695656,20.691032,-81.240685,66.602158,498.373505,-28.352949
781,3.905000,44.493847,264.608765,-70.787506,266.497803,-209.345688,-72.557480,69.736359,-302.852753,-68.930954,-136.203644,-228.543884,-64.980476,-227.640533,-30.676584,-60.055130,-153.067062,173.214005,-61.810097,248.643234,189.023529,-73.174767,339.353973,-8.768176,-72.369080,55.683826,20.696266,-81.230644,66.591568,498.388733,-28.367086
782,3.910000,44.485027,264.610535,-70.788269,266.493195,-209.340775,-72.571411,69.728477,-302.845734,-68.949036,-136.203812,-228.546310,-64.986183,-227.638153,-30.672981,-60.055458,-153.074738,173.223236,-61.804947,248.638336,189.024780,-73.176086,339.345367,-8.757397,-72.372101,55.676655,20.703922,-81.239609,66.592316,498.409882,-28.401522
783,3.915000,44.492485,264.609894,-70.779037,266.496429,-209.347534,-72.604759,69.723900,-302.850403,-68.960045,-136.210846,-228.543030,-64.998756,-227.639542,-30.672733,-60.063133,-153.072937,173.217987,-61.809986,248.637955,189.022644,-73.176796,339.349091,-8.768985,-72.379410,55.672863,20.709082,-81.241989,66.598442,498.406860,-28.404892
784,3.920000,44.499718,264.608124,-70.811195,266.488464,-209.353378,-72.623276,69.703484,-302.845551,-68.953217,-136.216156,-228.539566,-65.008682,-227.641251,-30.664566,-60.086536,-153.072174,173.226852,-61.840729,248.646561,189.020187,-73.192276,339.351105,-8.773119,-72.399574,55.670971,20.709549,-81.259941,66.597260,498.398773,-28.407635
785,3.925000,44.493202,264.615845,-70.843704,266.481720,-209.338303,-72.601669,69.699120,-302.847687,-68.968163,-136.227707,-228.530243,-65.028160,-227.647202,-30.664961,-60.101810,-153.078171,173.229721,-61.855362,248.628662,189.025620,-73.212608,339.341614,-8.766737,-72.405739,55.667110,20.710789,-81.271561,66.583298,498.397186,-28.405903
786,3.930000,44.481133,264.617584,-70.836098,266.484650,-209.341263,-72.627670,69.711975,-302.853210,-68.998436,-136.223679,-228.535706,-65.054123,-227.652634,-30.665981,-60.130260,-153.082443,173.220993,-61.859184,248.626251,189.023544,-73.220192,339.336304,-8.764088,-72.401390,55.664581,20.701880,-81.294670,66.574898,498.394226,-28.429308
787,3.935000,44.479774,264.614990,-70.852234,266.496948,-209.321518,-72.647209,69.728706,-302.852905,-69.016937,-136.205765,-228.543015,-65.071617,-227.646881,-30.677872,-60.141468,-153.079132,173.218933,-61.871460,248.626419,189.024033,-73.223457,339.345154,-8.751640,-72.426270,55.677685,20.698364,-81.307663,66.573441,498.390381,-28.446632
788,3.940000,44.488632,264.622955,-70.877151,266.511902,-209.319626,-72.665260,69.739815,-302.853455,-69.010185,-136.190063,-228.539001,-65.072754,-227.634628,-30.667877,-60.136070,-153.073502,173.223816,-61.885269,248.637619,189.039017,-73.258385,339.350250,-8.746255,-72.430344,55.676540,20.703915,-81.307053,66.578491,498.395538,-28.447659
789,3.945000,44.494102,264.615234,-70.860023,266.505371,-209.323532,-72.649391,69.742691,-302.856781,-69.015358,-136.203674,-228.541687,-65.065224,-227.636810,-30.668913,-60.130398,-153.071320,173.219147,-61.867634,248.632477,189.034363,-73.229462,339.349030,-8.754751,-72.430107,55.680813,20.703806,-81.299583,66.579460,498.405212,-28.452515
790,3.950000,44.494583,264.622528,-70.829201,266.493805,-209.333496,-72.624596,69.741203,-302.854797,-69.017715,-136.211166,-228.536514,-65.063637,-227.643509,-30.661543,-60.112598,-153.073456,173.225616,-61.834167,248.633499,189.035980,-73.196617,339.348053,-8.759112,-72.414627,55.678257,20.710213,-81.291412,66.575386,498.418732,-28.449741
791,3.955000,44.501286,264.619263,-70.828041,266.499268,-209.327942,-72.607590,69.742668,-302.859863,-69.012222,-136.207230,-228.524765,-65.036125,-227.641937,-30.649672,-60.112419,-153.065826,173.226242,-61.828842,248.639923,189.036438,-73.209023,339.352936,-8.762221,-72.404648,55.684723,20.705360,-81.288216,66.580391,498.422485,-28.456865
792,3.960000,44.505402,264.618713,-70.835991,266.497192,-209.344238,-72.624817,69.742188,-302.859283,-68.993645,-136.209808,-228.535629,-65.036575,-227.636795,-30.659615,-60.109550,-153.060486,173.224533,-61.844090,248.649033,189.024445,-73.218826,339.360840,-8.769094,-72.415588,55.689518,20.694649,-81.290932,66.590675,498.407990,-28.458538
793,3.965000,44.493484,264.607574,-70.822540,266.495300,-209.351166,-72.645363,69.744370,-302.863525,-68.998680,-136.211914,-228.547440,-65.041931,-227.642303,-30.671137,-60.099491,-153.072861,173.213409,-61.835743,248.637375,189.021133,-73.214600,339.351379,-8.768164,-72.417915,55.687019,20.695257,-81.290604,66.593056,498.402283,-28.450285
794,3.970000,44.478966,264.600464,-70.823685,266.493896,-209.359207,-72.654320,69.747406,-302.871460,-69.016281,-136.211319,-228.556458,-65.048706,-227.647705,-30.680302,-60.103867,-153.089142,173.199646,-61.843575,248.621643,189.018188,-73.214783,339.337311,-8.767260,-72.414848,55.671436,20.696842,-81.281189,66.584091,498.397491,-28.434711
795,3.975000,44.477127,264.599915,-70.860382,266.492065,-209.350159,-72.626907,69.737358,-302.869324,-69.003227,-136.209427,-228.565964,-65.047585,-227.647079,-30.693474,-60.128574,-153.088684,173.200974,-61.852844,248.623581,189.013306,-73.234352,339.343842,-8.769181,-72.420937,55.675945,20.691704,-81.290855,66.581329,498.383392,-28.437357
796,3.980000,44.492603,264.602448,-70.865791,266.505096,-209.341431,-72.623131,69.747086,-302.875031,-69.006271,-136.197952,-228.561462,-65.056145,-227.632706,-30.688551,-60.134342,-153.076935,173.206055,-61.858658,248.631973,189.016357,-73.225288,339.359772,-8.773318,-72.425667,55.688549,20.695095,-81.301819,66.586655,498.375000,-28.420507
797,3.985000,44.504578,264.595215,-70.833824,266.511749,-209.352188,-72.642700,69.753807,-302.884552,-69.018913,-136.193283,-228.555130,-65.053383,-227.628571,-30.683857,-60.127918,-153.063797,173.205688,-61.848255,248.645432,189.007996,-73.216400,339.372528,-8.782358,-72.423340,55.697010,20.678389,-81.296684,66.597626,498.367432,-28.401159
798,3.990000,44.507397,264.601715,-70.815567,266.506500,-209.351639,-72.622925,69.743912,-302.875336,-68.987373,-136.201141,-228.548157,-65.035370,-227.630234,-30.675938,-60.101170,-153.053909,173.212875,-61.832245,248.648605,189.014282,-73.199005,339.356018,-8.774738,-72.402710,55.693199,20.693502,-81.286682,66.589691,498.372528,-28.391287
799,3.995000,44.503223,264.611359,-70.817215,266.499176,-209.338348,-72.612831,69.725769,-302.858307,-68.967644,-136.212128,-228.535538,-65.012840,-227.642578,-30.664200,-60.087986,-153.062332,173.226990,-61.826496,248.643845,189.021606,-73.202911,339.353455,-8.772587,-72.403145,55.674850,20.697203,-81.254929,66.588226,498.379395,-28.387415
800,4.000000,44.497707,264.610565,-70.811684,266.493134,-209.337250,-72.600616,69.724792,-302.852325,-68.973923,-136.219086,-228.531326,-65.014191,-227.639191,-30.668295,-60.083248,-153.070145,173.225647,-61.819145,248.640472,189.019135,-73.198570,339.343567,-8.770539,-72.383812,55.677120,20.706112,-81.266068,66.587425,498.393677,-28.387032
801,4.005000,44.493011,264.621429,-70.797119,266.499268,-209.332275,-72.603951,69.718018,-302.838928,-68.956978,-136.210587,-228.534790,-65.012939,-227.643219,-30.667257,-60.085892,-153.072937,173.224411,-61.832874,248.640335,189.028107,-73.176720,339.350494,-8.763962,-72.389328,55.677650,20.705090,-81.254921,66.599663,498.406769,-28.393707
802,4.010000,44.480652,264.620056,-70.806656,266.494232,-209.337646,-72.606277,69.722008,-302.850708,-68.955620,-136.208237,-228.537018,-65.008881,-227.646133,-30.665482,-60.079739,-153.082367,173.220200,-61.831074,248.631912,189.033829,-73.194321,339.353790,-8.753913,-72.379562,55.677265,20.701931,-81.260468,66.591240,498.411285,-28.394686
803,4.015000,44.486118,264.618347,-70.811661,266.486084,-209.327194,-72.594643,69.714432,-302.843048,-68.952759,-136.219467,-228.533630,-64.996666,-227.648911,-30.666624,-60.071552,-153.082016,173.223099,-61.831734,248.629700,189.030670,-73.201195,339.338440,-8.754596,-72.390793,55.669292,20.700893,-81.255234,66.591522,498.403107,-28.397490
804,4.020000,44.482403,264.615814,-70.816025,266.483917,-209.331345,-72.601295,69.726692,-302.849396,-68.982414,-136.219925,-228.533829,-65.017487,-227.648224,-30.670219,-60.091347,-153.074692,173.223450,-61.816193,248.624939,189.025589,-73.198677,339.336517,-8.753898,-72.400223,55.669785,20.705719,-81.262901,66.586922,498.401215,-28.403540
805,4.025000,44.500839,264.605133,-70.841850,266.492188,-209.349258,-72.625923,69.723167,-302.858582,-68.992706,-136.210678,-228.539764,-65.034073,-227.641098,-30.667028,-60.106285,-153.074631,173.209961,-61.845219,248.645020,189.013504,-73.221779,339.351685,-8.777487,-72.413353,55.673882,20.698896,-81.284866,66.589645,498.396057,-28.433432
806,4.030000,44.510124,264.605469,-70.865273,266.498901,-209.357468,-72.644035,69.724648,-302.865051,-68.984528,-136.214905,-228.542801,-65.044388,-227.637589,-30.671164,-60.126087,-153.062271,173.209427,-61.865425,248.643417,189.007324,-73.229568,339.359528,-8.781626,-72.420097,55.682594,20.701563,-81.285980,66.589905,498.386902,-28.436665
807,4.035000,44.506378,264.602020,-70.857185,266.501251,-209.349518,-72.639381,69.735039,-302.859650,-68.999939,-136.205673,-228.548035,-65.060081,-227.636093,-30.677616,-60.125774,-153.070724,173.216522,-61.862797,248.648254,189.018784,-73.224785,339.357788,-8.777035,-72.424171,55.682228,20.702202,-81.287949,66.581924,498.394531,-28.429071
808,4.040000,44.477257,264.602753,-70.836884,266.488647,-209.340775,-72.632263,69.732185,-302.866333,-69.003357,-136.206253,-228.552841,-65.059937,-227.645828,-30.675001,-60.117958,-153.074326,173.208160,-61.840260,248.630249,189.014526,-73.216347,339.352142,-8.768267,-72.422264,55.671597,20.698927,-81.285500,66.575912,498.388184,-28.436665
809,4.045000,44.476353,264.606476,-70.836861,266.495056,-209.336304,-72.608978,69.740135,-302.860870,-68.995949,-136.202286,-228.550858,-65.039680,-227.647369,-30.679983,-60.108185,-153.084213,173.205627,-61.829350,248.621231,189.023087,-73.224205,339.347198,-8.765770,-72.421021,55.672771,20.693020,-81.286766,66.575996,498.392639,-28.446117
810,4.050000,44.488499,264.611298,-70.839401,266.503723,-209.335236,-72.612122,69.748932,-302.872894,-69.002083,-136.203369,-228.544144,-65.033768,-227.636871,-30.680437,-60.105034,-153.074173,173.214981,-61.836414,248.634583,189.019241,-73.222458,339.354645,-8.761943,-72.410286,55.684849,20.696842,-81.285957,66.582710,498.395050,-28.439814
811,4.055000,44.501087,264.607483,-70.831329,266.505280,-209.343399,-72.622002,69.750053,-302.879303,-69.016266,-136.195084,-228.541916,-65.041862,-227.633362,-30.676649,-60.114494,-153.070526,173.219391,-61.839329,248.636932,189.019318,-73.204445,339.361725,-8.767128,-72.418961,55.692177,20.688305,-81.287926,66.593643,498.404144,-28.448954
812,4.060000,44.495049,264.617554,-70.822510,266.490448,-209.339478,-72.617477,69.739868,-302.867065,-69.001587,-136.208725,-228.536972,-65.046219,-227.642853,-30.661642,-60.101707,-153.069748,173.218201,-61.831860,248.632599,189.023651,-73.195465,339.344238,-8.772391,-72.401398,55.682961,20.702560,-81.278214,66.587921,498.407990,-28.434494
813,4.065000,44.500492,264.616821,-70.834076,266.489929,-209.338898,-72.616928,69.730873,-302.865112,-68.992973,-136.213852,-228.527405,-65.022652,-227.645889,-30.654564,-60.096478,-153.072037,173.227066,-61.837902,248.638184,189.021240,-73.220261,339.347565,-8.768887,-72.417397,55.679585,20.696203,-81.280220,66.577759,498.403748,-28.437365
814,4.070000,44.492340,264.614777,-70.834160,266.493317,-209.332718,-72.630775,69.729279,-302.864838,-69.001442,-136.211914,-228.540268,-65.028313,-227.642578,-30.662355,-60.104671,-153.065628,173.229843,-61.830250,248.639908,189.014313,-73.210747,339.352234,-8.764804,-72.415932,55.671291,20.696999,-81.287857,66.582413,498.392883,-28.430128
815,4.075000,44.494343,264.612457,-70.835464,266.502228,-209.330399,-72.635208,69.750854,-302.866882,-69.013390,-136.201202,-228.544952,-65.051781,-227.643097,-30.670916,-60.108902,-153.066925,173.216187,-61.851711,248.640717,189.024948,-73.220131,339.349396,-8.764740,-72.414047,55.697205,20.689751,-81.289192,66.586517,498.390747,-28.429752
816,4.080000,44.496487,264.612610,-70.841469,266.506775,-209.335541,-72.632523,69.753304,-302.864380,-69.007111,-136.198273,-228.545593,-65.047478,-227.639877,-30.684904,-60.122570,-153.074310,173.205582,-61.856289,248.633926,189.026840,-73.217003,339.355682,-8.762445,-72.408821,55.683468,20.701574,-81.290619,66.583412,498.397156,-28.421522
817,4.085000,44.481461,264.606781,-70.841705,266.505096,-209.336731,-72.627937,69.742096,-302.863037,-68.983002,-136.204971,-228.550644,-65.046486,-227.639084,-30.678802,-60.116497,-153.072189,173.209793,-61.853695,248.628693,189.026016,-73.214989,339.354828,-8.757954,-72.411102,55.681625,20.700766,-81.271011,66.585281,498.391174,-28.428007
818,4.090000,44.490742,264.614807,-70.836006,266.501770,-209.339401,-72.629265,69.724701,-302.845795,-68.983566,-136.203278,-228.543488,-65.049614,-227.640091,-30.673208,-60.113838,-153.073914,173.217148,-61.847126,248.634781,189.026245,-73.212936,339.352631,-8.761909,-72.423653,55.680050,20.704521,-81.285889,66.588097,498.399811,-28.419024
819,4.095000,44.502220,264.606659,-70.819603,266.501007,-209.346466,-72.635353,69.726944,-302.855408,-68.983627,-136.213760,-228.542770,-65.040993,-227.633987,-30.668476,-60.113750,-153.066757,173.223816,-61.839535,248.643387,189.022461,-73.212486,339.355011,-8.772388,-72.416367,55.679192,20.702398,-81.275276,66.594719,498.396423,-28.417538
820,4.100000,44.503864,264.606537,-70.830879,266.496765,-209.343033,-72.636177,69.723160,-302.855896,-68.972878,-136.215393,-228.543839,-65.017487,-227.630203,-30.665581,-60.087425,-153.062073,173.218613,-61.846848,248.646866,189.019058,-73.203140,339.353851,-8.778350,-72.404068,55.688587,20.699221,-81.276169,66.595474,498.395538,-28.409100
821,4.105000,44.500687,264.603241,-70.833900,266.489197,-209.345337,-72.619507,69.718948,-302.852142,-68.969238,-136.219971,-228.536728,-65.029793,-227.639038,-30.661007,-60.097561,-153.066742,173.219345,-61.847507,248.633789,189.016922,-73.197174,339.348419,-8.771706,-72.396851,55.683060,20.703356,-81.262276,66.591972,498.396332,-28.418362
822,4.110000,44.492683,264.606445,-70.818604,266.490234,-209.342514,-72.632790,69.717514,-302.853607,-68.981964,-136.213593,-228.541534,-65.029800,-227.646072,-30.670248,-60.103718,-153.077637,173.211700,-61.841415,248.640732,189.017822,-73.198395,339.346191,-8.771908,-72.409882,55.674568,20.695805,-81.268463,66.587624,498.390289,-28.415625
823,4.115000,44.482666,264.604675,-70.826096,266.497559,-209.334686,-72.620567,69.717911,-302.851837,-68.969269,-136.212463,-228.548447,-65.028519,-227.643829,-30.675749,-60.100273,-153.073547,173.215332,-61.829746,248.624435,189.022919,-73.205467,339.343781,-8.770221,-72.402557,55.667652,20.694124,-81.274582,66.587242,498.399933,-28.419210
824,4.120000,44.487507,264.610168,-70.821396,266.498749,-209.327255,-72.616333,69.735001,-302.859009,-68.970993,-136.209274,-228.542450,-65.019714,-227.640274,-30.681011,-60.104649,-153.073105,173.217697,-61.848064,248.625214,189.023209,-73.202850,339.345245,-8.762897,-72.398621,55.671535,20.700994,-81.265236,66.589066,498.392242,-28.408329
825,4.125000,44.492302,264.611389,-70.821289,266.498962,-209.334869,-72.626831,69.734512,-302.869141,-68.984795,-136.204041,-228.546631,-65.035980,-227.641098,-30.675747,-60.106583,-153.065979,173.220245,-61.848343,248.630493,189.026108,-73.197769,339.351685,-8.761406,-72.403076,55.681004,20.691706,-81.284683,66.590546,498.394348,-28.411814
826,4.130000,44.500900,264.613312,-70.817795,266.491028,-209.339539,-72.615410,69.723991,-302.865387,-68.988098,-136.210190,-228.535141,-65.033043,-227.641754,-30.661678,-60.104984,-153.058090,173.223099,-61.837818,248.632828,189.021118,-73.195198,339.338684,-8.766063,-72.395432,55.676693,20.693813,-81.277245,66.584663,498.395935,-28.411547
827,4.135000,44.494751,264.605133,-70.831184,266.494263,-209.338486,-72.599335,69.724838,-302.867462,-68.989288,-136.213150,-228.535675,-65.027779,-227.638916,-30.666132,-60.104118,-153.059509,173.225601,-61.840450,248.632492,189.017548,-73.193489,339.347321,-8.775108,-72.401283,55.675228,20.695194,-81.276306,66.577995,498.387360,-28.419210
828,4.140000,44.499043,264.608978,-70.831108,266.489532,-209.339935,-72.607117,69.739349,-302.870514,-68.992355,-136.206329,-228.539368,-65.034157,-227.638916,-30.665121,-60.101101,-153.064484,173.217316,-61.834202,248.634384,189.015228,-73.201256,339.345856,-8.778684,-72.402954,55.685547,20.694571,-81.279922,66.579849,498.392029,-28.418154
829,4.145000,44.487156,264.611969,-70.820221,266.497192,-209.338074,-72.615723,69.751419,-302.869720,-69.003983,-136.207382,-228.547241,-65.035988,-227.640366,-30.677973,-60.103210,-153.068268,173.211990,-61.827942,248.635529,189.020615,-73.215652,339.353821,-8.760585,-72.410934,55.694149,20.689934,-81.281418,66.577942,498.399567,-28.418863
830,4.150000,44.484444,264.602936,-70.831047,266.498566,-209.344681,-72.613304,69.751274,-302.870056,-68.994987,-136.202133,-228.555389,-65.043999,-227.639389,-30.682861,-60.099754,-153.083115,173.204208,-61.837631,248.618637,189.018646,-73.208717,339.345123,-8.759398,-72.402283,55.686954,20.695787,-81.281372,66.582169,498.390930,-28.423023
831,4.155000,44.483131,264.597870,-70.834488,266.503021,-209.348587,-72.625031,69.748894,-302.871857,-68.994476,-136.207092,-228.554459,-65.035591,-227.638855,-30.685406,-60.111706,-153.083481,173.204895,-61.840408,248.623962,189.027557,-73.209045,339.340942,-8.760167,-72.405540,55.686138,20.689177,-81.296257,66.580513,498.391449,-28.431568
832,4.160000,44.489189,264.601593,-70.834335,266.495850,-209.345123,-72.622284,69.735420,-302.851135,-68.990089,-136.202133,-228.553467,-65.052635,-227.643570,-30.680527,-60.111633,-153.075653,173.207916,-61.838284,248.630966,189.019958,-73.216568,339.352142,-8.775637,-72.408096,55.674553,20.698837,-81.286652,66.582405,498.392639,-28.428057
833,4.165000,44.501972,264.603149,-70.835030,266.499390,-209.353470,-72.630676,69.745590,-302.862915,-69.005959,-136.205170,-228.546997,-65.055710,-227.635223,-30.665455,-60.108246,-153.069687,173.204300,-61.842003,248.644363,189.008743,-73.207130,339.356659,-8.772769,-72.416733,55.687489,20.701946,-81.290779,66.588196,498.395355,-28.435591
834,4.170000,44.498901,264.605194,-70.841721,266.498230,-209.352844,-72.640259,69.741226,-302.865845,-69.000870,-136.211685,-228.542740,-65.051575,-227.638733,-30.663343,-60.113087,-153.061859,173.218262,-61.852203,248.636948,189.017624,-73.225311,339.356354,-8.772769,-72.423477,55.692448,20.697178,-81.296265,66.579247,498.403015,-28.432140
835,4.175000,44.498707,264.610168,-70.841629,266.494354,-209.341110,-72.636650,69.735222,-302.862701,-69.000511,-136.218399,-228.538284,-65.042801,-227.644409,-30.663754,-60.109631,-153.071716,173.222580,-61.851944,248.635239,189.022446,-73.224846,339.348999,-8.768070,-72.417084,55.679558,20.698948,-81.299911,66.578865,498.395203,-28.434736
836,4.180000,44.489986,264.615479,-70.834694,266.496613,-209.328827,-72.621178,69.739983,-302.865417,-69.009338,-136.205383,-228.537018,-65.046661,-227.644424,-30.668175,-60.109341,-153.070984,173.217010,-61.845455,248.635651,189.026169,-73.218842,339.345062,-8.761147,-72.404999,55.677338,20.696339,-81.300316,66.583260,498.397034,-28.428940
837,4.185000,44.486397,264.619232,-70.828789,266.501251,-209.331360,-72.632980,69.726952,-302.854889,-68.982765,-136.204956,-228.536545,-65.037689,-227.644287,-30.675680,-60.113747,-153.072525,173.217651,-61.843056,248.630981,189.034607,-73.202873,339.348145,-8.752166,-72.401611,55.671658,20.709145,-81.284264,66.580971,498.397217,-28.416172
838,4.190000,44.482754,264.617065,-70.827560,266.504303,-209.327118,-72.624344,69.739014,-302.860626,-68.987190,-136.201981,-228.540802,-65.035492,-227.639572,-30.673788,-60.103100,-153.080948,173.223389,-61.846008,248.625763,189.033691,-73.215988,339.349487,-8.758124,-72.398636,55.682449,20.701895,-81.291901,66.592079,498.400848,-28.417807
839,4.195000,44.483986,264.611511,-70.819046,266.498077,-209.324814,-72.628510,69.730499,-302.859406,-68.988213,-136.206436,-228.540314,-65.037453,-227.643280,-30.672445,-60.099743,-153.071625,173.224792,-61.839039,248.628052,189.031143,-73.204750,339.345093,-8.759984,-72.409462,55.671398,20.705393,-81.289291,66.590340,498.401031,-28.418404
840,4.200000,44.490665,264.610443,-70.807152,266.489441,-209.334595,-72.629410,69.720848,-302.857788,-68.985298,-136.216782,-228.532379,-65.033287,-227.639191,-30.666782,-60.099152,-153.072708,173.226440,-61.840439,248.635147,189.026443,-73.211037,339.342102,-8.765145,-72.405937,55.678131,20.697117,-81.294075,66.584511,498.400024,-28.418045
841,4.205000,44.503929,264.604431,-70.830887,266.488434,-209.344101,-72.621078,69.710175,-302.865723,-68.988495,-136.222076,-228.537186,-65.034004,-227.644958,-30.660397,-60.094749,-153.067886,173.230637,-61.843140,248.639557,189.016495,-73.199036,339.345947,-8.783408,-72.410957,55.674835,20.701908,-81.279770,66.587837,498.394653,-28.410337
842,4.210000,44.501469,264.603668,-70.827675,266.489471,-209.350723,-72.621498,69.710449,-302.852539,-68.963112,-136.217575,-228.545486,-65.029503,-227.640396,-30.670168,-60.111282,-153.065857,173.225189,-61.846241,248.645355,189.016449,-73.203079,339.347076,-8.779615,-72.396629,55.681675,20.705112,-81.289963,66.590469,498.390961,-28.423580
843,4.215000,44.499374,264.604187,-70.830673,266.491486,-209.352997,-72.623055,69.728790,-302.855896,-68.980492,-136.202606,-228.550323,-65.046295,-227.634949,-30.673330,-60.112301,-153.070068,173.212723,-61.841465,248.630524,189.018265,-73.200188,339.349945,-8.773223,-72.404160,55.684540,20.707355,-81.274033,66.587196,498.390045,-28.418602
844,4.220000,44.485916,264.598022,-70.845024,266.496124,-209.354080,-72.643707,69.736595,-302.864471,-68.992516,-136.206161,-228.553558,-65.042763,-227.642914,-30.684677,-60.115696,-153.076065,173.201294,-61.856133,248.630524,189.019409,-73.213890,339.348907,-8.767300,-72.404709,55.684902,20.698532,-81.289398,66.589485,498.388977,-28.423838
845,4.225000,44.490334,264.613342,-70.844124,266.499390,-209.346405,-72.627571,69.745804,-302.854828,-68.979294,-136.202850,-228.550766,-65.036560,-227.640900,-30.680798,-60.105404,-153.075592,173.210541,-61.843029,248.629974,189.023956,-73.222450,339.346313,-8.764177,-72.397697,55.681175,20.698193,-81.289970,66.589554,498.392151,-28.423952
846,4.230000,44.495625,264.603943,-70.833481,266.498901,-209.336166,-72.602768,69.745331,-302.862915,-68.987206,-136.203934,-228.547928,-65.038155,-227.638184,-30.675745,-60.109055,-153.067154,173.210342,-61.837593,248.636993,189.023026,-73.208923,339.353241,-8.761683,-72.398705,55.687004,20.707558,-81.293762,66.585411,498.392395,-28.422232
847,4.235000,44.501728,264.607239,-70.818077,266.491821,-209.343246,-72.602936,69.746925,-302.870422,-68.997169,-136.205521,-228.542816,-65.038864,-227.632980,-30.666126,-60.104080,-153.063019,173.218765,-61.837914,248.638123,189.023392,-73.191902,339.345490,-8.776451,-72.392700,55.690361,20.701859,-81.289360,66.588409,498.385712,-28.421673
848,4.240000,44.508541,264.611664,-70.823692,266.493774,-209.340164,-72.604095,69.743416,-302.870880,-68.994942,-136.209061,-228.535675,-65.027206,-227.638702,-30.662172,-60.098763,-153.057922,173.221680,-61.833458,248.642929,189.016861,-73.212318,339.352936,-8.770321,-72.392746,55.688236,20.707788,-81.285118,66.583542,498.393066,-28.419165
849,4.245000,44.502232,264.608856,-70.828323,266.496124,-209.335968,-72.605957,69.745316,-302.869812,-68.997871,-136.212372,-228.537231,-65.019569,-227.641312,-30.665419,-60.097984,-153.059433,173.222931,-61.831104,248.635773,189.022202,-73.207047,339.344360,-8.769659,-72.403931,55.686363,20.700832,-81.285110,66.585602,498.396057,-28.420851
850,4.250000,44.491684,264.609863,-70.827271,266.498322,-209.340271,-72.610046,69.750221,-302.870178,-68.997978,-136.205139,-228.543808,-65.033287,-227.640213,-30.671633,-60.102833,-153.065720,173.219269,-61.832546,248.631714,189.023041,-73.205208,339.355194,-8.762646,-72.412979,55.687622,20.695101,-81.304001,66.584328,498.395325,-28.427795
851,4.255000,44.486732,264.610413,-70.818008,266.499298,-209.332047,-72.619247,69.748489,-302.867981,-69.003792,-136.199020,-228.542725,-65.028214,-227.640366,-30.674000,-60.097435,-153.075745,173.217636,-61.835850,248.636505,189.025787,-73.206413,339.344940,-8.761992,-72.402977,55.680420,20.700809,-81.284630,66.587082,498.393768,-28.424498
852,4.260000,44.485966,264.604065,-70.827217,266.500275,-209.336502,-72.623413,69.753784,-302.860870,-68.994217,-136.204971,-228.548203,-65.036629,-227.638412,-30.677914,-60.111855,-153.076309,173.210495,-61.840973,248.622711,189.022720,-73.207657,339.348358,-8.758729,-72.389908,55.685291,20.702818,-81.289658,66.588791,498.394623,-28.428368
853,4.265000,44.488846,264.600525,-70.833496,266.497620,-209.337311,-72.620522,69.742775,-302.859863,-68.989166,-136.199417,-228.555786,-65.048195,-227.638443,-30.679903,-60.108303,-153.073090,173.210770,-61.845890,248.626358,189.028458,-73.202927,339.346985,-8.765621,-72.408722,55.681541,20.706558,-81.284416,66.584587,498.398346,-28.423985
854,4.270000,44.497231,264.601318,-70.833618,266.498871,-209.347931,-72.646156,69.738983,-302.861694,-69.007042,-136.210266,-228.548706,-65.051628,-227.638260,-30.676458,-60.114132,-153.070145,173.215225,-61.844742,248.635605,189.012085,-73.214317,339.349060,-8.769223,-72.411896,55.677925,20.711918,-81.289436,66.587082,498.390411,-28.438534
855,4.275000,44.498802,264.604218,-70.836746,266.499908,-209.350052,-72.652412,69.722374,-302.854462,-68.989159,-136.214081,-228.552521,-65.046448,-227.636780,-30.668770,-60.118698,-153.064758,173.220047,-61.842438,248.641357,189.016312,-73.222504,339.345642,-8.777467,-72.422905,55.685177,20.707878,-81.298851,66.583710,498.388275,-28.427250
856,4.280000,44.498787,264.606506,-70.834251,266.489868,-209.350220,-72.640717,69.728882,-302.858551,-68.994667,-136.215790,-228.541458,-65.037956,-227.640198,-30.666073,-60.109493,-153.066620,173.219864,-61.856705,248.633194,189.015549,-73.222221,339.346649,-8.772602,-72.416199,55.675205,20.706783,-81.282570,66.579353,498.398041,-28.427410
857,4.285000,44.488544,264.612213,-70.827225,266.491852,-209.339264,-72.630867,69.731133,-302.851898,-68.994926,-136.210403,-228.543915,-65.051811,-227.639572,-30.670715,-60.111736,-153.072586,173.221985,-61.845150,248.634415,189.024261,-73.218040,339.348785,-8.762154,-72.408829,55.692539,20.708452,-81.307190,66.579193,498.394867,-28.415216
858,4.290000,44.483624,264.614838,-70.829819,266.499878,-209.334824,-72.638184,69.732994,-302.844269,-68.989220,-136.205887,-228.548569,-65.056641,-227.640671,-30.676746,-60.121319,-153.079666,173.216873,-61.851116,248.636002,189.030563,-73.217674,339.346222,-8.760366,-72.400795,55.675735,20.717041,-81.293396,66.585068,498.400482,-28.421764
859,4.295000,44.483204,264.610260,-70.831039,266.498596,-209.331772,-72.639626,69.728790,-302.850800,-68.987999,-136.203888,-228.549118,-65.042717,-227.642075,-30.668806,-60.110180,-153.076447,173.221039,-61.853710,248.621689,189.035294,-73.209244,339.343323,-8.752084,-72.403290,55.679596,20.706537,-81.287872,66.580811,498.400909,-28.427950
860,4.300000,44.480053,264.612823,-70.818420,266.494141,-209.325104,-72.620827,69.733398,-302.857758,-68.980904,-136.205963,-228.542984,-65.036674,-227.644531,-30.670650,-60.103924,-153.072906,173.220459,-61.849457,248.630112,189.029388,-73.212448,339.337708,-8.756174,-72.401596,55.674255,20.719633,-81.276054,66.586128,498.398712,-28.414448
861,4.305000,44.493649,264.619720,-70.819801,266.487640,-209.333359,-72.628349,69.719574,-302.847168,-68.984032,-136.210251,-228.536285,-65.049126,-227.643692,-30.661484,-60.098557,-153.067963,173.227325,-61.841389,248.637283,189.027023,-73.209290,339.338318,-8.757323,-72.401199,55.681137,20.709158,-81.285988,66.583939,498.398529,-28.414761
862,4.310000,44.496773,264.612823,-70.819962,266.488678,-209.337494,-72.622124,69.727692,-302.858368,-68.988075,-136.214767,-228.532684,-65.035233,-227.642639,-30.659838,-60.101261,-153.064667,173.226105,-61.843086,248.639038,189.023743,-73.206299,339.349884,-8.765916,-72.404144,55.689449,20.714941,-81.293556,66.590820,498.394165,-28.416672
863,4.315000,44.501129,264.614166,-70.829720,266.490662,-209.343475,-72.607903,69.722054,-302.854004,-68.972572,-136.212982,-228.538010,-65.030251,-227.641876,-30.663794,-60.100090,-153.061722,173.225891,-61.840900,248.642746,189.018616,-73.204102,339.351013,-8.771832,-72.401703,55.689732,20.698416,-81.296684,66.586571,498.389832,-28.419163
864,4.320000,44.500519,264.609436,-70.827354,266.491058,-209.343384,-72.609428,69.732483,-302.862549,-68.976410,-136.206726,-228.541458,-65.028564,-227.639465,-30.671488,-60.099045,-153.060562,173.219849,-61.833908,248.638214,189.008942,-73.205475,339.347961,-8.770099,-72.397713,55.683887,20.711002,-81.269897,66.589867,498.388489,-28.424452
865,4.325000,44.490898,264.603546,-70.820168,266.502472,-209.337769,-72.608727,69.745476,-302.865295,-68.991264,-136.204254,-228.551117,-65.036247,-227.640015,-30.680996,-60.095921,-153.071411,173.208176,-61.836983,248.627823,189.022995,-73.205902,339.346100,-8.770196,-72.397011,55.677876,20.705803,-81.280594,66.589645,498.386749,-28.419182
866,4.330000,44.486126,264.607666,-70.827354,266.501648,-209.339996,-72.611900,69.748825,-302.870972,-68.993774,-136.199768,-228.557968,-65.044319,-227.636627,-30.684690,-60.107082,-153.075378,173.205170,-61.842220,248.627548,189.022766,-73.201057,339.348297,-8.765506,-72.396889,55.678284,20.701424,-81.284805,66.586395,498.387024,-28.414808
867,4.335000,44.496616,264.603302,-70.827156,266.501434,-209.338058,-72.611298,69.747673,-302.867340,-68.984650,-136.200851,-228.555832,-65.039589,-227.637817,-30.685694,-60.110680,-153.073517,173.203934,-61.844238,248.633316,189.018250,-73.197334,339.351013,-8.770310,-72.404053,55.685528,20.700666,-81.284714,66.582596,498.384338,-28.419209
868,4.340000,44.500259,264.602631,-70.827072,266.505280,-209.354080,-72.619370,69.748238,-302.865234,-68.990845,-136.205780,-228.547836,-65.038246,-227.635559,-30.679094,-60.103828,-153.062363,173.206268,-61.833988,248.642181,189.009033,-73.204185,339.359680,-8.781154,-72.402222,55.691433,20.694582,-81.287247,66.588928,498.387878,-28.423185
869,4.345000,44.501022,264.602173,-70.823242,266.497192,-209.360550,-72.606262,69.740189,-302.870972,-68.994339,-136.205795,-228.547089,-65.034264,-227.636307,-30.669777,-60.101837,-153.062943,173.214020,-61.830334,248.639313,189.009720,-73.196564,339.350647,-8.780409,-72.405251,55.695446,20.706301,-81.284142,66.582893,498.384277,-28.418716
870,4.350000,44.499092,264.599304,-70.827515,266.487518,-209.353973,-72.621094,69.743820,-302.869110,-68.997398,-136.208801,-228.541794,-65.029572,-227.636215,-30.671896,-60.105427,-153.060760,173.214325,-61.840862,248.644287,189.010513,-73.224358,339.355927,-8.780817,-72.411415,55.695160,20.691994,-81.294785,66.580017,498.387939,-28.423216
871,4.355000,44.496384,264.608307,-70.839493,266.495972,-209.344009,-72.623100,69.738159,-302.858948,-69.000122,-136.200226,-228.547241,-65.041847,-227.633636,-30.677370,-60.110676,-153.071945,173.219238,-61.835403,248.637177,189.020447,-73.216599,339.351013,-8.767555,-72.408798,55.688618,20.699480,-81.298668,66.580009,498.391327,-28.425468
872,4.360000,44.490097,264.608795,-70.830444,266.505249,-209.331238,-72.631317,69.745140,-302.865601,-68.997444,-136.204834,-228.548004,-65.052498,-227.638550,-30.677393,-60.123817,-153.068863,173.215668,-61.839657,248.631699,189.024673,-73.211716,339.349945,-8.762341,-72.411629,55.685192,20.703455,-81.299004,66.588654,498.395264,-28.431719
873,4.365000,44.490887,264.618347,-70.830055,266.500488,-209.329697,-72.610390,69.743530,-302.861664,-68.987572,-136.202209,-228.540283,-65.039345,-227.639465,-30.678417,-60.115078,-153.072861,173.218658,-61.846191,248.631821,189.031281,-73.208038,339.347107,-8.756574,-72.404938,55.684326,20.699148,-81.295433,66.587601,498.396515,-28.412527
874,4.370000,44.483040,264.616882,-70.831825,266.498657,-209.330017,-72.634796,69.739258,-302.856903,-68.993484,-136.201965,-228.536377,-65.033829,-227.642334,-30.671537,-60.105705,-153.074539,173.221970,-61.845222,248.627350,189.028992,-73.210510,339.345276,-8.755783,-72.400780,55.681065,20.710667,-81.287384,66.584061,498.400818,-28.419788
875,4.375000,44.489693,264.617279,-70.830856,266.496490,-209.336578,-72.640099,69.733208,-302.853088,-68.999420,-136.208481,-228.537872,-65.041267,-227.639206,-30.666327,-60.113228,-153.067184,173.232147,-61.848209,248.634094,189.030914,-73.213463,339.352264,-8.759115,-72.411339,55.682701,20.707050,-81.295410,66.581940,498.399628,-28.428532
876,4.380000,44.500465,264.610992,-70.836784,266.492889,-209.332901,-72.644630,69.730316,-302.862244,-69.002922,-136.208191,-228.542252,-65.061996,-227.642242,-30.660038,-60.110386,-153.068985,173.230255,-61.845440,248.633499,189.021469,-73.215576,339.346802,-8.765307,-72.416756,55.673027,20.715019,-81.288834,66.587494,498.400146,-28.428305
877,4.385000,44.502007,264.613983,-70.830963,266.496796,-209.342667,-72.643715,69.725677,-302.854370,-68.995216,-136.207108,-228.530563,-65.047661,-227.638275,-30.656723,-60.111282,-153.066956,173.231873,-61.845276,248.632187,189.023651,-73.208252,339.351227,-8.763672,-72.415665,55.681847,20.709326,-81.294838,66.582581,498.406036,-28.420172
878,4.390000,44.487881,264.614563,-70.822304,266.500244,-209.332947,-72.636398,69.721443,-302.850342,-68.988022,-136.209518,-228.537201,-65.033302,-227.642899,-30.664762,-60.117111,-153.070343,173.220978,-61.860615,248.631287,189.026321,-73.209641,339.349731,-8.765216,-72.416206,55.678070,20.707191,-81.292824,66.583679,498.400024,-28.424681
879,4.395000,44.483353,264.609741,-70.825264,266.499268,-209.338791,-72.628326,69.721054,-302.847046,-68.984924,-136.206772,-228.548004,-65.040215,-227.643646,-30.672453,-60.113220,-153.078522,173.217926,-61.851624,248.621658,189.029114,-73.211388,339.342712,-8.755974,-72.399559,55.679012,20.711884,-81.283623,66.580109,498.393707,-28.423510
880,4.400000,44.483994,264.605530,-70.826317,266.500854,-209.336502,-72.635628,69.740097,-302.853149,-68.986282,-136.201996,-228.549438,-65.041962,-227.640930,-30.687952,-60.115833,-153.079147,173.216537,-61.854206,248.628830,189.021805,-73.212273,339.343872,-8.766848,-72.410149,55.684513,20.712093,-81.294456,66.584648,498.388855,-28.417543
881,4.405000,44.486130,264.601685,-70.831245,266.503357,-209.341003,-72.634605,69.735336,-302.861969,-68.996819,-136.202560,-228.552826,-65.044220,-227.639221,-30.683434,-60.107746,-153.075516,173.207001,-61.851562,248.631775,189.021683,-73.222969,339.350891,-8.769409,-72.416130,55.685955,20.705866,-81.294914,66.585838,498.390167,-28.421404
882,4.410000,44.493629,264.608002,-70.832664,266.494324,-209.343384,-72.620651,69.732903,-302.869659,-68.991913,-136.208160,-228.549759,-65.039459,-227.639740,-30.672319,-60.108528,-153.066879,173.213470,-61.845119,248.633041,189.015564,-73.212822,339.349396,-8.770232,-72.412292,55.689468,20.701498,-81.297867,66.587128,498.383636,-28.420179
883,4.415000,44.502247,264.608551,-70.822235,266.492004,-209.350555,-72.622696,69.737625,-302.866730,-68.991280,-136.207901,-228.540482,-65.037247,-227.642181,-30.665577,-60.099754,-153.058914,173.218094,-61.839657,248.640381,189.010742,-73.201904,339.346436,-8.767691,-72.403824,55.679317,20.703882,-81.290146,66.587265,498.389130,-28.427311
884,4.420000,44.501904,264.605469,-70.828201,266.492584,-209.351089,-72.612259,69.740715,-302.868805,-68.988716,-136.209457,-228.538025,-65.033134,-227.639816,-30.668537,-60.101852,-153.066727,173.216461,-61.839375,248.638855,189.010208,-73.207977,339.345886,-8.777529,-72.395386,55.686501,20.705801,-81.282776,66.584122,498.383331,-28.416977
885,4.425000,44.499096,264.606812,-70.825127,266.495941,-209.341415,-72.607178,69.750031,-302.866333,-68.992004,-136.201553,-228.542618,-65.037529,-227.636475,-30.672178,-60.107304,-153.056946,173.214767,-61.847847,248.632690,189.016724,-73.204903,339.356964,-8.771131,-72.403709,55.691845,20.695047,-81.294670,66.580521,498.386444,-28.411430
886,4.430000,44.485413,264.607056,-70.818909,266.502350,-209.332504,-72.621132,69.746315,-302.865723,-68.988968,-136.203781,-228.544968,-65.028305,-227.636948,-30.674213,-60.100086,-153.065155,173.212387,-61.830200,248.634903,189.022476,-73.191078,339.351166,-8.762783,-72.398026,55.688278,20.696360,-81.299675,66.585655,498.385010,-28.413721
887,4.435000,44.491047,264.605713,-70.824455,266.501312,-209.337845,-72.603386,69.753502,-302.866089,-68.992966,-136.199692,-228.548248,-65.040428,-227.637665,-30.677942,-60.098034,-153.075134,173.212494,-61.829857,248.628021,189.024887,-73.196472,339.351807,-8.763605,-72.398254,55.683388,20.704464,-81.287254,66.587692,498.383667,-28.417128
888,4.440000,44.487858,264.608490,-70.826508,266.499817,-209.337555,-72.612617,69.750259,-302.876007,-69.001305,-136.206512,-228.537582,-65.025970,-227.638626,-30.676279,-60.100468,-153.069153,173.214157,-61.826477,248.635269,189.021484,-73.218834,339.351166,-8.764063,-72.407028,55.682571,20.697170,-81.291084,66.581802,498.388519,-28.406424
889,4.445000,44.495857,264.609131,-70.824593,266.491608,-209.337723,-72.603447,69.750397,-302.869598,-68.990021,-136.206329,-228.536865,-65.030327,-227.633575,-30.666868,-60.103630,-153.065323,173.216873,-61.833569,248.637451,189.015945,-73.204765,339.352081,-8.769234,-72.406921,55.684326,20.703577,-81.285110,66.580635,498.386108,-28.423988
890,4.450000,44.502861,264.605988,-70.819092,266.498505,-209.348923,-72.636040,69.744591,-302.864624,-68.998940,-136.205902,-228.544388,-65.044037,-227.633301,-30.671261,-60.112080,-153.065399,173.216553,-61.839935,248.640640,189.020523,-73.199921,339.352081,-8.776058,-72.409996,55.683529,20.696821,-81.294983,66.586746,498.389404,-28.429134
891,4.455000,44.501572,264.604919,-70.839943,266.497650,-209.349213,-72.623352,69.740135,-302.857147,-68.997780,-136.206848,-228.541733,-65.038795,-227.638412,-30.667614,-60.104134,-153.063843,173.219177,-61.842442,248.644836,189.017654,-73.210526,339.348114,-8.777029,-72.411621,55.692745,20.701099,-81.301781,66.589058,498.392212,-28.429150
892,4.460000,44.495529,264.607605,-70.841888,266.496002,-209.344330,-72.621506,69.741066,-302.868744,-69.003883,-136.213669,-228.545822,-65.044014,-227.640884,-30.673929,-60.112675,-153.068878,173.215363,-61.850868,248.637802,189.021973,-73.215691,339.353394,-8.776046,-72.421616,55.678963,20.709328,-81.283371,66.586166,498.393524,-28.425076
893,4.465000,44.482334,264.601807,-70.832504,266.504150,-209.344620,-72.653069,69.732506,-302.858948,-68.996643,-136.211060,-228.545578,-65.045174,-227.638687,-30.672737,-60.110451,-153.073502,173.213226,-61.859016,248.632523,189.022339,-73.210884,339.347595,-8.762149,-72.417458,55.676884,20.710764,-81.293976,66.585388,498.396484,-28.426277
894,4.470000,44.486763,264.608795,-70.826691,266.506134,-209.332718,-72.643929,69.734360,-302.858459,-68.994598,-136.200729,-228.549576,-65.055595,-227.641342,-30.674574,-60.113392,-153.081192,173.215942,-61.854443,248.633820,189.024948,-73.219284,339.344116,-8.758898,-72.408234,55.682396,20.712564,-81.286171,66.586594,498.399384,-28.424715
895,4.475000,44.484821,264.608246,-70.839569,266.494812,-209.335114,-72.641418,69.735397,-302.862213,-68.993111,-136.202850,-228.546982,-65.044739,-227.638489,-30.674526,-60.119713,-153.073425,173.221680,-61.854107,248.630310,189.029572,-73.212593,339.353760,-8.763844,-72.413528,55.686001,20.707750,-81.288277,66.590027,498.398987,-28.427097
896,4.480000,44.490936,264.613708,-70.829529,266.502411,-209.331482,-72.641045,69.722855,-302.846924,-68.991364,-136.206985,-228.540009,-65.047592,-227.639267,-30.657520,-60.107037,-153.070587,173.222046,-61.852547,248.627838,189.023224,-73.205513,339.346375,-8.759191,-72.400475,55.681389,20.704689,-81.299973,66.587440,498.401367,-28.421808
897,4.485000,44.494450,264.614319,-70.827682,266.497498,-209.337479,-72.643372,69.721657,-302.851440,-68.990547,-136.215927,-228.532654,-65.040520,-227.641800,-30.657503,-60.105789,-153.069382,173.230331,-61.845577,248.642258,189.029251,-73.225113,339.348480,-8.765008,-72.416016,55.667244,20.708820,-81.287987,66.580765,498.399078,-28.424673
898,4.490000,44.497990,264.619232,-70.823563,266.494049,-209.337601,-72.639641,69.736298,-302.866516,-68.997047,-136.210648,-228.529495,-65.041512,-227.638870,-30.658381,-60.105621,-153.058884,173.228027,-61.845825,248.638870,189.029114,-73.215408,339.347687,-8.764538,-72.406357,55.681572,20.712990,-81.289284,66.584267,498.400360,-28.425520
899,4.495000,44.495674,264.615509,-70.829498,266.498291,-209.336533,-72.639290,69.738091,-302.860077,-68.995323,-136.212036,-228.533066,-65.032951,-227.635315,-30.660366,-60.112659,-153.064240,173.227463,-61.853645,248.639526,189.032440,-73.217331,339.346008,-8.758457,-72.391479,55.688423,20.711294,-81.291992,66.587944,498.400909,-28.419815
900,4.500000,44.489346,264.613190,-70.821289,266.499603,-209.337128,-72.623718,69.736046,-302.858215,-68.997742,-136.204010,-228.540787,-65.040695,-227.636230,-30.671047,-60.113575,-153.071732,173.215057,-61.845406,248.639633,189.018570,-73.212608,339.347046,-8.765050,-72.407906,55.691456,20.702330,-81.294899,66.584587,498.394592,-28.417309
901,4.505000,44.490799,264.609772,-70.834450,266.500275,-209.339249,-72.626015,69.733276,-302.857483,-68.987709,-136.204590,-228.544571,-65.035599,-227.642944,-30.677780,-60.102535,-153.071320,173.214767,-61.839615,248.628754,189.024200,-73.209923,339.343842,-8.762292,-72.399612,55.682579,20.702991,-81.292450,66.587563,498.387909,-28.423864
902,4.510000,44.491894,264.603394,-70.835464,266.495850,-209.334702,-72.621277,69.750420,-302.863831,-68.991043,-136.202423,-228.551849,-65.041603,-227.641785,-30.675549,-60.102657,-153.068390,173.211533,-61.845558,248.630768,189.019730,-73.200233,339.352875,-8.767307,-72.403564,55.681904,20.700365,-81.295441,66.586411,498.387665,-28.418161
903,4.515000,44.500706,264.597137,-70.829124,266.499939,-209.340607,-72.621002,69.738731,-302.867584,-68.986336,-136.203537,-228.548111,-65.041946,-227.639267,-30.675032,-60.102371,-153.064911,173.211151,-61.840378,248.634903,189.013718,-73.212418,339.354492,-8.776015,-72.413666,55.680298,20.701279,-81.297775,66.582024,498.385040,-28.419916
904,4.520000,44.501068,264.608032,-70.825676,266.496429,-209.360489,-72.621284,69.737534,-302.874847,-69.000862,-136.208145,-228.547562,-65.045128,-227.628555,-30.675898,-60.110237,-153.065155,173.213348,-61.836269,248.643707,189.013840,-73.204239,339.357849,-8.779186,-72.415092,55.696968,20.695295,-81.287933,66.587280,498.380646,-28.418938
905,4.525000,44.508942,264.599518,-70.834679,266.495850,-209.357971,-72.624466,69.740982,-302.870728,-68.996284,-136.201843,-228.544968,-65.037689,-227.636810,-30.674049,-60.101154,-153.066315,173.208420,-61.836235,248.642532,189.011185,-73.212090,339.349182,-8.778456,-72.412338,55.692917,20.704496,-81.288391,66.586113,498.381012,-28.419136
906,4.530000,44.500847,264.604279,-70.834076,266.500061,-209.350754,-72.620697,69.744858,-302.873718,-68.994957,-136.206268,-228.541382,-65.028694,-227.631378,-30.678431,-60.102470,-153.068832,173.213470,-61.829216,248.633392,189.013397,-73.208054,339.349640,-8.776534,-72.397102,55.687061,20.693558,-81.288651,66.582214,498.382477,-28.414364
907,4.535000,44.489643,264.603577,-70.820328,266.497345,-209.350403,-72.614677,69.744469,-302.864746,-68.989334,-136.198593,-228.557343,-65.040047,-227.639328,-30.678526,-60.101784,-153.064804,173.208450,-61.824924,248.637833,189.023972,-73.203506,339.355011,-8.763083,-72.400528,55.691536,20.702173,-81.291328,66.590225,498.388977,-28.415310
908,4.540000,44.494610,264.606262,-70.820709,266.499054,-209.333099,-72.606354,69.743790,-302.860962,-68.988594,-136.202759,-228.549225,-65.043831,-227.639999,-30.674421,-60.110355,-153.075409,173.210297,-61.841312,248.629303,189.023209,-73.196724,339.355560,-8.762946,-72.408211,55.694916,20.698151,-81.296486,66.587112,498.385345,-28.413153
909,4.545000,44.491817,264.611389,-70.829384,266.505859,-209.333130,-72.619804,69.741631,-302.860687,-68.989960,-136.198456,-228.548233,-65.038475,-227.640671,-30.672277,-60.103359,-153.071930,173.209885,-61.850014,248.633087,189.025116,-73.201141,339.346497,-8.763851,-72.402557,55.690090,20.696001,-81.295677,66.592941,498.393768,-28.419701
910,4.550000,44.487026,264.611847,-70.823341,266.496338,-209.340469,-72.632355,69.739311,-302.854370,-68.990875,-136.202698,-228.543274,-65.045601,-227.639114,-30.665388,-60.102856,-153.069748,173.221313,-61.842903,248.632004,189.025864,-73.210258,339.352356,-8.761645,-72.410294,55.691288,20.709322,-81.299828,66.582329,498.393433,-28.417500
911,4.555000,44.498123,264.612030,-70.831230,266.493042,-209.337418,-72.629448,69.729111,-302.853027,-68.988411,-136.217636,-228.537674,-65.042221,-227.641556,-30.661030,-60.105263,-153.067184,173.226990,-61.842216,248.637451,189.020691,-73.212914,339.348297,-8.769200,-72.416107,55.688885,20.702051,-81.306923,66.586555,498.395874,-28.421440
912,4.560000,44.499569,264.616425,-70.840187,266.494812,-209.337463,-72.626328,69.730919,-302.862915,-68.995163,-136.211060,-228.535339,-65.048111,-227.637222,-30.662962,-60.102150,-153.066193,173.222397,-61.843037,248.640472,189.022079,-73.211441,339.347931,-8.766411,-72.406647,55.687447,20.709873,-81.294685,66.588455,498.401672,-28.420038
913,4.565000,44.503624,264.608795,-70.847504,266.496277,-209.335999,-72.627945,69.729462,-302.856354,-68.994431,-136.210114,-228.537766,-65.039085,-227.637955,-30.665684,-60.110760,-153.062088,173.223480,-61.849342,248.637253,189.023560,-73.211784,339.348145,-8.766842,-72.416046,55.689201,20.709253,-81.297874,66.586761,498.394104,-28.422628
914,4.570000,44.494873,264.612396,-70.838066,266.498474,-209.337250,-72.637093,69.735779,-302.855499,-69.003098,-136.209457,-228.542557,-65.042450,-227.633057,-30.675798,-60.114006,-153.068085,173.221252,-61.861160,248.637466,189.018326,-73.211929,339.348663,-8.763734,-72.416679,55.687943,20.708054,-81.291809,66.587570,498.398102,-28.432631
915,4.575000,44.487427,264.608978,-70.841537,266.496979,-209.340729,-72.646446,69.731651,-302.849518,-68.991051,-136.210159,-228.549438,-65.050491,-227.643906,-30.680944,-60.109940,-153.077606,173.221100,-61.846710,248.626373,189.026688,-73.219330,339.350830,-8.760706,-72.419518,55.682468,20.710911,-81.299782,66.590149,498.398346,-28.443031
916,4.580000,44.487675,264.611420,-70.835350,266.497864,-209.337723,-72.642410,69.728058,-302.851746,-68.989761,-136.209167,-228.549866,-65.056671,-227.638062,-30.677586,-60.120262,-153.080200,173.220245,-61.846794,248.626526,189.022949,-73.220428,339.352112,-8.761035,-72.429260,55.682270,20.711298,-81.301628,66.587692,498.398315,-28.435951
917,4.585000,44.490761,264.603180,-70.833267,266.501465,-209.337021,-72.640038,69.733551,-302.863983,-68.999504,-136.208054,-228.545624,-65.045235,-227.639191,-30.674347,-60.121773,-153.071136,173.219986,-61.850639,248.632706,189.024460,-73.224426,339.351349,-8.762058,-72.416145,55.684883,20.706327,-81.308601,66.584152,498.399353,-28.426846
918,4.590000,44.497375,264.608246,-70.829742,266.494904,-209.340759,-72.632477,69.732788,-302.853271,-68.996941,-136.205124,-228.543503,-65.046661,-227.643356,-30.671253,-60.109360,-153.066650,173.225433,-61.846062,248.638382,189.020706,-73.222061,339.351959,-8.767529,-72.418152,55.679424,20.711468,-81.287140,66.586639,498.392792,-28.418879
919,4.595000,44.498756,264.613098,-70.827301,266.496033,-209.343414,-72.627365,69.743011,-302.860229,-69.002907,-136.212219,-228.542557,-65.053070,-227.639267,-30.666687,-60.105274,-153.066223,173.227066,-61.836601,248.644257,189.017426,-73.209290,339.353424,-8.769820,-72.421036,55.681667,20.710718,-81.286682,66.588547,498.393768,-28.416901
920,4.600000,44.499863,264.608337,-70.831802,266.499115,-209.339783,-72.630974,69.737061,-302.866241,-68.985237,-136.208466,-228.545563,-65.042908,-227.640594,-30.667177,-60.108383,-153.066559,173.220367,-61.845562,248.636765,189.015808,-73.218758,339.349518,-8.767176,-72.408188,55.681263,20.701883,-81.293434,66.582809,498.388855,-28.411446
921,4.605000,44.490631,264.610840,-70.827385,266.503204,-209.333038,-72.616600,69.742226,-302.862457,-68.992661,-136.203659,-228.540787,-65.032822,-227.642715,-30.664787,-60.100765,-153.072983,173.216568,-61.842091,248.637100,189.019836,-73.211540,339.354370,-8.763933,-72.404282,55.691124,20.700455,-81.293793,66.585915,498.390839,-28.421291
922,4.610000,44.491135,264.607178,-70.822067,266.498322,-209.335007,-72.603081,69.747231,-302.865204,-68.991737,-136.206894,-228.546555,-65.040787,-227.640900,-30.671223,-60.107147,-153.067871,173.214523,-61.843929,248.632492,189.023651,-73.198776,339.350006,-8.759726,-72.410568,55.684639,20.706341,-81.289658,66.586174,498.392456,-28.416565
923,4.615000,44.491051,264.610535,-70.821930,266.490997,-209.331451,-72.614311,69.744232,-302.868866,-68.990883,-136.202164,-228.550903,-65.035469,-227.637833,-30.680086,-60.106789,-153.067459,173.213013,-61.841373,248.633560,189.023041,-73.210358,339.349152,-8.763596,-72.400604,55.689999,20.697987,-81.301155,66.589111,498.395233,-28.415411
924,4.620000,44.501980,264.603455,-70.828224,266.494171,-209.345367,-72.621193,69.748108,-302.873138,-68.994568,-136.204300,-228.544968,-65.039040,-227.639694,-30.673815,-60.104477,-153.066574,173.215805,-61.835945,248.633835,189.017975,-73.207466,339.350494,-8.765170,-72.405540,55.688515,20.699987,-81.295181,66.586800,498.388184,-28.424530
925,4.625000,44.500786,264.609558,-70.830086,266.497162,-209.350952,-72.611328,69.754745,-302.875488,-69.005936,-136.209457,-228.543121,-65.033714,-227.641281,-30.669653,-60.095615,-153.063034,173.214905,-61.830914,248.642731,189.013519,-73.211021,339.351654,-8.767531,-72.407295,55.685947,20.702011,-81.293800,66.588287,498.385895,-28.411167
926,4.630000,44.499611,264.603363,-70.825714,266.492035,-209.347580,-72.619873,69.743813,-302.873352,-68.993073,-136.203979,-228.543381,-65.030464,-227.637390,-30.675907,-60.110435,-153.064194,173.217392,-61.833858,248.640182,189.012131,-73.207802,339.348236,-8.771111,-72.403702,55.693207,20.699038,-81.289803,66.586082,498.381683,-28.415010
927,4.635000,44.497925,264.609222,-70.830223,266.497070,-209.343613,-72.623062,69.740753,-302.858612,-68.985443,-136.208618,-228.546432,-65.039444,-227.638565,-30.674057,-60.106327,-153.068024,173.213455,-61.835449,248.634811,189.017487,-73.203835,339.349640,-8.775457,-72.414871,55.685116,20.700766,-81.293083,66.589958,498.384979,-28.424723
928,4.640000,44.494640,264.605164,-70.837990,266.502411,-209.347122,-72.627129,69.742195,-302.866516,-68.996742,-136.202820,-228.553696,-65.046127,-227.638565,-30.677588,-60.112617,-153.065674,173.211151,-61.837749,248.634506,189.024841,-73.216743,339.355896,-8.766987,-72.409081,55.687489,20.705484,-81.295174,66.588539,498.390717,-28.419176
929,4.645000,44.487148,264.602600,-70.832596,266.498383,-209.339020,-72.631630,69.742218,-302.869354,-68.999763,-136.203720,-228.549011,-65.040047,-227.638000,-30.680546,-60.119183,-153.072708,173.211105,-61.848171,248.631607,189.022797,-73.218208,339.356110,-8.766429,-72.409058,55.683952,20.704185,-81.299492,66.591042,498.389893,-28.419968
930,4.650000,44.492832,264.611267,-70.827324,266.500488,-209.335541,-72.627090,69.738029,-302.858337,-68.996567,-136.207199,-228.547974,-65.044846,-227.637955,-30.679489,-60.112244,-153.073364,173.214630,-61.847248,248.632324,189.024414,-73.212776,339.348297,-8.757515,-72.406639,55.685558,20.696850,-81.300293,66.585480,498.391083,-28.419779
931,4.655000,44.494949,264.608398,-70.825691,266.501740,-209.340317,-72.642998,69.729874,-302.859802,-68.990936,-136.206802,-228.540268,-65.034271,-227.641602,-30.673563,-60.118221,-153.073105,173.219147,-61.852100,248.636917,189.023056,-73.215935,339.347839,-8.763844,-72.417023,55.689148,20.709476,-81.292343,66.582596,498.394348,-28.414118
932,4.660000,44.496452,264.610382,-70.832527,266.498047,-209.335205,-72.637711,69.734451,-302.861206,-69.001205,-136.213959,-228.535416,-65.034157,-227.638489,-30.663450,-60.111778,-153.068008,173.230026,-61.843540,248.638107,189.022827,-73.216339,339.351776,-8.763835,-72.409973,55.688229,20.704054,-81.292175,66.587837,498.404083,-28.412195
933,4.665000,44.499821,264.613403,-70.844574,266.495850,-209.343079,-72.640846,69.728378,-302.856476,-68.991913,-136.209808,-228.535065,-65.041832,-227.638229,-30.662756,-60.110489,-153.061493,173.229126,-61.855396,248.645569,189.023819,-73.218948,339.346313,-8.771010,-72.407967,55.675198,20.713903,-81.289246,66.587112,498.401306,-28.423748
934,4.670000,44.496861,264.616364,-70.848221,266.495667,-209.330063,-72.635597,69.730484,-302.858704,-68.998207,-136.212433,-228.536453,-65.046356,-227.639633,-30.666847,-60.109734,-153.070282,173.227158,-61.848515,248.633179,189.025436,-73.206757,339.347107,-8.766230,-72.414574,55.684654,20.716908,-81.290886,66.590904,498.395660,-28.429537
935,4.675000,44.498863,264.610840,-70.833710,266.498779,-209.338074,-72.633987,69.727562,-302.851715,-68.984627,-136.207260,-228.541061,-65.051918,-227.642761,-30.660505,-60.105412,-153.072327,173.225662,-61.851719,248.638138,189.030075,-73.211121,339.350037,-8.762700,-72.410263,55.681129,20.713581,-81.291840,66.587532,498.403809,-28.423609
936,4.680000,44.489071,264.611755,-70.830391,266.493042,-209.331787,-72.634583,69.741768,-302.855255,-68.999069,-136.203751,-228.542130,-65.049774,-227.636475,-30.671837,-60.112682,-153.073105,173.223053,-61.847305,248.631729,189.032043,-73.213493,339.353546,-8.757080,-72.410446,55.680462,20.712362,-81.297920,66.583679,498.397461,-28.428829
937,4.685000,44.489292,264.613403,-70.830727,266.505463,-209.329468,-72.640823,69.731796,-302.850342,-68.991425,-136.202072,-228.546066,-65.051033,-227.644363,-30.671598,-60.109859,-153.070648,173.222076,-61.849178,248.634018,189.028824,-73.217827,339.346802,-8.757822,-72.412804,55.682621,20.711256,-81.294083,66.585258,498.398071,-28.419956
938,4.690000,44.489922,264.607239,-70.838356,266.499512,-209.333359,-72.623093,69.740707,-302.856934,-68.993683,-136.207123,-228.538712,-65.037704,-227.636841,-30.671780,-60.113411,-153.068680,173.216721,-61.851753,248.639465,189.023056,-73.216301,339.354126,-8.768915,-72.403671,55.684586,20.718508,-81.286133,66.587799,498.395966,-28.425886
939,4.695000,44.499317,264.609497,-70.837189,266.506439,-209.342651,-72.639687,69.738869,-302.865234,-68.994591,-136.203308,-228.540298,-65.041595,-227.636612,-30.673862,-60.110958,-153.072815,173.212982,-61.848484,248.638504,189.025482,-73.213531,339.348938,-8.771677,-72.400978,55.691952,20.713846,-81.290802,66.584862,498.394409,-28.419998
940,4.700000,44.499245,264.605316,-70.822487,266.498718,-209.348969,-72.630142,69.740509,-302.867737,-68.994926,-136.203979,-228.544006,-65.037544,-227.640778,-30.671444,-60.112865,-153.065414,173.213516,-61.846928,248.641708,189.009888,-73.209320,339.356750,-8.774156,-72.418808,55.688263,20.710526,-81.287811,66.586113,498.389862,-28.420635
941,4.705000,44.495869,264.604736,-70.831459,266.497772,-209.348755,-72.622337,69.748817,-302.863708,-68.987381,-136.203323,-228.548523,-65.048386,-227.633911,-30.667669,-60.107300,-153.059067,173.212906,-61.840004,248.642929,189.012436,-73.209435,339.348328,-8.775162,-72.415688,55.684345,20.706284,-81.288155,66.590996,498.387329,-28.422859
942,4.710000,44.497627,264.602448,-70.831551,266.500549,-209.345047,-72.620171,69.741249,-302.863647,-68.987289,-136.208206,-228.550919,-65.036011,-227.638596,-30.679905,-60.114277,-153.068512,173.214401,-61.839973,248.636841,189.021088,-73.215309,339.348267,-8.769545,-72.406403,55.687664,20.706701,-81.290169,66.585419,498.389740,-28.417339
943,4.715000,44.492226,264.606903,-70.828140,266.503113,-209.338196,-72.608490,69.744904,-302.869507,-68.990410,-136.202347,-228.550476,-65.032860,-227.639404,-30.682180,-60.106548,-153.063400,173.211563,-61.834709,248.636185,189.018234,-73.210609,339.349091,-8.770967,-72.410324,55.687862,20.697363,-81.295578,66.587509,498.385956,-28.423630
944,4.720000,44.495983,264.607452,-70.829788,266.496857,-209.343491,-72.604042,69.736366,-302.864838,-68.986259,-136.202866,-228.550140,-65.033638,-227.640427,-30.683781,-60.104076,-153.071426,173.209732,-61.840172,248.638504,189.018921,-73.206406,339.355255,-8.761067,-72.407730,55.685936,20.701550,-81.280968,66.586349,498.389526,-28.414875
945,4.725000,44.496716,264.602264,-70.826820,266.498199,-209.342911,-72.613548,69.740501,-302.865479,-68.982323,-136.204895,-228.550461,-65.040054,-227.638443,-30.674135,-60.097500,-153.067978,173.218323,-61.834541,248.639389,189.020248,-73.202621,339.353607,-8.768482,-72.407463,55.687256,20.701948,-81.291756,66.585060,498.387817,-28.407671
946,4.730000,44.500149,264.609039,-70.824127,266.494110,-209.335480,-72.612762,69.740196,-302.861755,-68.990967,-136.207062,-228.541870,-65.035873,-227.637955,-30.669111,-60.101601,-153.068222,173.219025,-61.842964,248.640594,189.022903,-73.204201,339.350403,-8.768144,-72.402870,55.689888,20.710415,-81.291267,66.585213,498.388306,-28.414846
947,4.735000,44.502445,264.612396,-70.825447,266.500549,-209.348419,-72.621323,69.731491,-302.863525,-68.990219,-136.208893,-228.538177,-65.041801,-227.637558,-30.667776,-60.099102,-153.066315,173.223068,-61.837585,248.643677,189.022415,-73.210495,339.343597,-8.768336,-72.401398,55.680565,20.704508,-81.284683,66.587601,498.391815,-28.427319
948,4.740000,44.498821,264.610107,-70.830116,266.490906,-209.337158,-72.624168,69.734940,-302.860107,-68.990295,-136.204254,-228.543518,-65.045631,-227.635300,-30.665737,-60.109947,-153.065247,173.223572,-61.840981,248.638901,189.017990,-73.208702,339.349945,-8.767927,-72.402573,55.682487,20.706953,-81.303177,66.587036,498.396118,-28.420612
949,4.745000,44.494774,264.610016,-70.828033,266.497467,-209.336853,-72.626335,69.740746,-302.857910,-68.988861,-136.207275,-228.544235,-65.037727,-227.640869,-30.671347,-60.103058,-153.067810,173.221268,-61.842396,248.635727,189.025421,-73.206657,339.348450,-8.764343,-72.406456,55.684425,20.703484,-81.295807,66.589973,498.392670,-28.424173
950,4.750000,44.491127,264.612854,-70.829987,266.501709,-209.333725,-72.633606,69.736397,-302.861267,-68.994095,-136.212738,-228.543427,-65.038445,-227.643021,-30.671238,-60.108765,-153.070969,173.216019,-61.851105,248.633591,189.022430,-73.218483,339.347809,-8.759050,-72.408104,55.683071,20.706879,-81.294136,66.589546,498.391998,-28.425257
951,4.755000,44.490150,264.615051,-70.835045,266.496552,-209.337280,-72.623886,69.738518,-302.858429,-69.003441,-136.212448,-228.548233,-65.051559,-227.641602,-30.673309,-60.114220,-153.075272,173.216507,-61.847786,248.634277,189.022934,-73.219337,339.349487,-8.759142,-72.410179,55.677197,20.714813,-81.285492,66.590454,498.398895,-28.418476
952,4.760000,44.493908,264.608826,-70.831131,266.500275,-209.339340,-72.642410,69.731682,-302.854004,-68.994217,-136.206192,-228.545349,-65.055412,-227.641113,-30.674213,-60.115623,-153.074036,173.217102,-61.866932,248.634750,189.023590,-73.223564,339.348480,-8.765180,-72.422607,55.689465,20.704348,-81.297722,66.587860,498.394287,-28.429594
953,4.765000,44.498878,264.606720,-70.838364,266.494720,-209.342377,-72.644226,69.725723,-302.855652,-68.999542,-136.208542,-228.540375,-65.047714,-227.635483,-30.672201,-60.108139,-153.070587,173.220261,-61.851288,248.636200,189.023087,-73.222649,339.351318,-8.762827,-72.405190,55.680988,20.713057,-81.293159,66.586082,498.397614,-28.425776
954,4.770000,44.493946,264.609344,-70.826317,266.502289,-209.342285,-72.642868,69.736015,-302.860565,-69.003868,-136.207748,-228.544754,-65.046371,-227.638123,-30.669508,-60.105438,-153.066437,173.223923,-61.858894,248.639755,189.016846,-73.217743,339.350464,-8.772156,-72.423096,55.676712,20.717760,-81.293190,66.589745,498.402618,-28.424107
955,4.775000,44.498573,264.609711,-70.831787,266.498352,-209.344559,-72.643692,69.737228,-302.855774,-68.998337,-136.208847,-228.536957,-65.045189,-227.636520,-30.668627,-60.115391,-153.066513,173.219254,-61.842937,248.639435,189.020996,-73.216370,339.351837,-8.763017,-72.403351,55.685738,20.712914,-81.293716,66.584633,498.395050,-28.424833
956,4.780000,44.493122,264.605804,-70.823532,266.500610,-209.336899,-72.630066,69.737259,-302.864899,-68.995575,-136.208954,-228.543503,-65.043358,-227.640030,-30.670328,-60.108932,-153.071625,173.215927,-61.851330,248.636597,189.027328,-73.209152,339.351410,-8.763916,-72.417030,55.686970,20.707928,-81.297668,66.583618,498.399750,-28.422907
957,4.785000,44.485378,264.610962,-70.817657,266.499603,-209.330246,-72.623413,69.734421,-302.860016,-68.992416,-136.204865,-228.543304,-65.041771,-227.636978,-30.675442,-60.110874,-153.069473,173.217468,-61.851940,248.633667,189.023392,-73.213371,339.353394,-8.759756,-72.413971,55.679695,20.713718,-81.283592,66.588959,498.393799,-28.426744
958,4.790000,44.486084,264.609711,-70.828552,266.499176,-209.329147,-72.622681,69.739426,-302.861664,-68.990021,-136.202759,-228.548950,-65.053139,-227.639023,-30.675877,-60.114784,-153.073334,173.215759,-61.848846,248.631668,189.025940,-73.203117,339.349945,-8.761304,-72.414986,55.686554,20.713717,-81.292839,66.584938,498.394043,-28.415115
959,4.795000,44.487724,264.618652,-70.824516,266.499054,-209.337616,-72.622597,69.748047,-302.873230,-68.992241,-136.204239,-228.545227,-65.033554,-227.634079,-30.671394,-60.101406,-153.068069,173.222473,-61.843182,248.635864,189.022369,-73.208420,339.345642,-8.762506,-72.400848,55.688755,20.712902,-81.291245,66.588577,498.393555,-28.411959
960,4.800000,44.494537,264.608704,-70.830399,266.496948,-209.331360,-72.613304,69.746964,-302.870636,-68.997734,-136.205231,-228.542572,-65.037834,-227.633484,-30.668688,-60.102226,-153.067123,173.217041,-61.841347,248.633698,189.019485,-73.200302,339.349731,-8.767787,-72.401794,55.693768,20.706987,-81.292320,66.586853,498.393372,-28.412127
961,4.805000,44.498875,264.615570,-70.832802,266.502777,-209.342300,-72.619316,69.740959,-302.865417,-68.993073,-136.209274,-228.541534,-65.032204,-227.636749,-30.665377,-60.101871,-153.062805,173.220734,-61.849133,248.635422,189.017609,-73.203468,339.352295,-8.767746,-72.406166,55.677940,20.706644,-81.284615,66.584457,498.389496,-28.414951
962,4.810000,44.498329,264.606018,-70.826492,266.498993,-209.340088,-72.618294,69.753746,-302.867523,-68.999130,-136.202026,-228.548538,-65.037834,-227.636017,-30.666592,-60.099052,-153.065689,173.215729,-61.844082,248.643936,189.013199,-73.210876,339.350189,-8.767556,-72.396004,55.694530,20.704336,-81.296455,66.591309,498.387726,-28.428024
963,4.815000,44.498867,264.607086,-70.829582,266.500122,-209.349960,-72.627182,69.742546,-302.871429,-68.991707,-136.211685,-228.542389,-65.028816,-227.635010,-30.681488,-60.104744,-153.066238,173.211624,-61.837124,248.642975,189.017395,-73.209602,339.352173,-8.773310,-72.407890,55.683979,20.705557,-81.284721,66.582687,498.386932,-28.417309
964,4.820000,44.495037,264.606689,-70.827766,266.503113,-209.341232,-72.614807,69.742744,-302.869446,-68.994179,-136.201462,-228.549225,-65.042999,-227.639328,-30.677607,-60.106220,-153.071045,173.210083,-61.840977,248.635513,189.017807,-73.210075,339.351807,-8.766446,-72.404800,55.687515,20.702547,-81.289871,66.591484,498.393585,-28.414301
965,4.825000,44.493061,264.605988,-70.831604,266.503601,-209.342957,-72.626945,69.739761,-302.861755,-68.990929,-136.200760,-228.556625,-65.046974,-227.637573,-30.679974,-60.116936,-153.073776,173.209930,-61.849056,248.632721,189.019730,-73.208145,339.355469,-8.768579,-72.413025,55.693062,20.698627,-81.294594,66.586304,498.395264,-28.423330
966,4.830000,44.497643,264.610840,-70.835533,266.490997,-209.344238,-72.624641,69.733353,-302.865601,-68.988770,-136.206131,-228.555908,-65.058517,-227.636230,-30.679234,-60.110378,-153.073914,173.206039,-61.849880,248.637863,189.021698,-73.210815,339.347748,-8.766602,-72.415421,55.682636,20.702991,-81.293472,66.582527,498.391937,-28.422218
967,4.835000,44.496284,264.607117,-70.834846,266.498413,-209.347214,-72.627396,69.740089,-302.864899,-68.990700,-136.216766,-228.548019,-65.044640,-227.636230,-30.672434,-60.110558,-153.061661,173.216095,-61.842815,248.632553,189.023682,-73.210175,339.353577,-8.769286,-72.411583,55.686752,20.704374,-81.299255,66.583473,498.391602,-28.424826
968,4.840000,44.500244,264.612793,-70.823097,266.493835,-209.346710,-72.621529,69.735481,-302.862122,-68.992477,-136.209503,-228.539276,-65.041695,-227.637772,-30.663517,-60.106598,-153.072723,173.218719,-61.846970,248.635086,189.021500,-73.203293,339.347351,-8.768454,-72.402374,55.692291,20.706450,-81.296997,66.587051,498.394653,-28.415482
969,4.845000,44.496452,264.614075,-70.819397,266.495575,-209.335327,-72.610329,69.729263,-302.852448,-68.980438,-136.206482,-228.545395,-65.032944,-227.638336,-30.669100,-60.099560,-153.067596,173.228073,-61.839806,248.633545,189.025436,-73.201683,339.349335,-8.762213,-72.411430,55.683338,20.702618,-81.296440,66.587753,498.394196,-28.421560
970,4.850000,44.493233,264.622040,-70.833946,266.487701,-209.329330,-72.614174,69.726059,-302.854187,-68.986214,-136.207260,-228.538651,-65.038719,-227.640686,-30.668905,-60.114132,-153.068298,173.225723,-61.835819,248.641388,189.030228,-73.215805,339.348877,-8.763295,-72.407333,55.684147,20.705221,-81.294693,66.586922,498.393372,-28.419666
971,4.855000,44.494869,264.612732,-70.832291,266.499207,-209.329803,-72.625000,69.731636,-302.860535,-68.996002,-136.207825,-228.540268,-65.039215,-227.637543,-30.665241,-60.112915,-153.071686,173.220718,-61.847103,248.631149,189.029053,-73.207077,339.345032,-8.757611,-72.401627,55.677559,20.712618,-81.285248,66.588272,498.395081,-28.433537
972,4.860000,44.485580,264.611938,-70.823990,266.502167,-209.333908,-72.633560,69.739540,-302.860382,-68.990791,-136.207382,-228.543442,-65.038574,-227.640121,-30.671791,-60.105560,-153.069626,173.222107,-61.850334,248.631241,189.029144,-73.212196,339.348175,-8.762091,-72.409164,55.679905,20.708860,-81.293831,66.588104,498.398926,-28.420101
973,4.865000,44.488979,264.616119,-70.826569,266.495819,-209.333344,-72.622543,69.736191,-302.862976,-68.996674,-136.205139,-228.547974,-65.044060,-227.638077,-30.671127,-60.106068,-153.068024,173.225388,-61.850910,248.626923,189.022049,-73.205200,339.352539,-8.759172,-72.409851,55.686314,20.711382,-81.284500,66.587074,498.395630,-28.424253
974,4.870000,44.495861,264.611206,-70.828102,266.500488,-209.338959,-72.628754,69.740318,-302.855621,-68.985153,-136.202835,-228.546310,-65.045815,-227.639587,-30.674847,-60.108486,-153.063141,173.222305,-61.849731,248.636108,189.024948,-73.225800,339.348938,-8.767080,-72.409668,55.678841,20.716469,-81.289474,66.587929,498.396179,-28.425184
975,4.875000,44.494892,264.609924,-70.820686,266.495911,-209.343369,-72.628380,69.736023,-302.856659,-68.986542,-136.204971,-228.545929,-65.043617,-227.639603,-30.669991,-60.114464,-153.059448,173.221176,-61.845688,248.639832,189.023270,-73.207596,339.353943,-8.773376,-72.417717,55.686550,20.712639,-81.291367,66.593269,498.396362,-28.418613
976,4.880000,44.494469,264.608765,-70.824844,266.497253,-209.340515,-72.636429,69.735863,-302.865143,-68.995300,-136.211914,-228.544357,-65.044617,-227.636078,-30.670275,-60.112225,-153.066162,173.215622,-61.859238,248.641464,189.018265,-73.224945,339.356262,-8.777560,-72.416618,55.693604,20.702240,-81.300461,66.585098,498.392578,-28.423964
977,4.885000,44.494724,264.608521,-70.825981,266.497528,-209.342148,-72.636047,69.747734,-302.867706,-69.003624,-136.203873,-228.546600,-65.043869,-227.638077,-30.678013,-60.111668,-153.070618,173.213974,-61.844650,248.642914,189.016403,-73.217644,339.349823,-8.766946,-72.406113,55.677593,20.708042,-81.290909,66.584518,498.390442,-28.429348
978,4.890000,44.491398,264.606140,-70.834915,266.497925,-209.344360,-72.625420,69.738396,-302.863922,-68.996437,-136.203934,-228.549011,-65.038445,-227.636093,-30.678911,-60.108509,-153.067734,173.212677,-61.849216,248.635284,189.017441,-73.204384,339.351044,-8.768925,-72.417824,55.691082,20.706432,-81.291382,66.587669,498.394012,-28.427586
979,4.895000,44.488613,264.608582,-70.824966,266.501251,-209.340103,-72.623199,69.740952,-302.866425,-68.996429,-136.198120,-228.546890,-65.032356,-227.640503,-30.683392,-60.101307,-153.074081,173.208466,-61.847069,248.627701,189.021088,-73.204887,339.352600,-8.770263,-72.412834,55.686523,20.709658,-81.293434,66.587173,498.389832,-28.423494
980,4.900000,44.488277,264.603516,-70.822693,266.499207,-209.338730,-72.628929,69.742828,-302.871979,-68.998711,-136.201416,-228.552048,-65.042480,-227.636826,-30.677670,-60.112583,-153.072372,173.210388,-61.849941,248.631226,189.024399,-73.211899,339.346619,-8.763054,-72.398331,55.682690,20.704599,-81.292221,66.586586,498.392456,-28.415844
981,4.905000,44.489719,264.608063,-70.821930,266.496155,-209.339233,-72.621681,69.743355,-302.872040,-68.994682,-136.203094,-228.546265,-65.044327,-227.639771,-30.674637,-60.114929,-153.065857,173.216522,-61.838612,248.633957,189.025620,-73.212242,339.350342,-8.762836,-72.394699,55.686230,20.704988,-81.293678,66.591370,498.390259,-28.429272
982,4.910000,44.497913,264.614380,-70.825218,266.494049,-209.340088,-72.618324,69.740555,-302.870331,-68.996483,-136.207184,-228.543625,-65.034828,-227.639664,-30.666672,-60.110523,-153.063126,173.216354,-61.838280,248.641953,189.022263,-73.203911,339.354462,-8.767716,-72.408463,55.690228,20.711370,-81.283348,66.584702,498.388275,-28.417942
983,4.915000,44.498741,264.612915,-70.827087,266.499817,-209.339081,-72.614502,69.742836,-302.867065,-68.991493,-136.207077,-228.535339,-65.028404,-227.641068,-30.669144,-60.099384,-153.066086,173.216888,-61.842609,248.642792,189.025925,-73.211197,339.355652,-8.764260,-72.409286,55.681873,20.705011,-81.290199,66.584801,498.396698,-28.417530
984,4.920000,44.493580,264.609436,-70.824203,266.493927,-209.340897,-72.611710,69.738266,-302.861145,-68.991356,-136.208420,-228.539352,-65.033798,-227.636246,-30.667791,-60.107769,-153.065338,173.221451,-61.839001,248.636154,189.021561,-73.212257,339.347717,-8.763065,-72.398758,55.682144,20.707411,-81.280296,66.590691,498.394470,-28.416403
985,4.925000,44.485775,264.609131,-70.828323,266.500092,-209.335648,-72.620255,69.747635,-302.870087,-68.994675,-136.203415,-228.543701,-65.035713,-227.639862,-30.670486,-60.107845,-153.065689,173.213638,-61.833897,248.637497,189.023758,-73.195778,339.351227,-8.766842,-72.416336,55.682758,20.710888,-81.280228,66.588837,498.388336,-28.413832
986,4.930000,44.488453,264.612183,-70.823624,266.498413,-209.334824,-72.626396,69.736816,-302.861237,-68.994637,-136.207794,-228.547211,-65.045967,-227.639999,-30.670126,-60.110600,-153.070038,173.218521,-61.844910,248.634003,189.026901,-73.204834,339.345734,-8.765490,-72.403152,55.683769,20.702942,-81.292763,66.589592,498.388916,-28.421305
987,4.935000,44.482777,264.605865,-70.822868,266.495361,-209.340912,-72.617012,69.736130,-302.862518,-68.989273,-136.205612,-228.546890,-65.046783,-227.633606,-30.674021,-60.107815,-153.072266,173.218536,-61.858654,248.639145,189.022110,-73.209770,339.345978,-8.764586,-72.412888,55.683323,20.717066,-81.298332,66.586952,498.389282,-28.418186
988,4.940000,44.498833,264.609558,-70.835320,266.490997,-209.345795,-72.626549,69.739449,-302.861694,-68.996735,-136.207840,-228.545151,-65.040695,-227.638535,-30.672401,-60.109058,-153.071625,173.224136,-61.840160,248.636337,189.023239,-73.210907,339.346741,-8.764424,-72.403481,55.682186,20.707691,-81.278862,66.589272,498.396332,-28.423176
989,4.945000,44.504604,264.607941,-70.834053,266.493774,-209.342972,-72.626328,69.719521,-302.852081,-68.982826,-136.206680,-228.548935,-65.042999,-227.641052,-30.672285,-60.115520,-153.061890,173.217392,-61.852489,248.640411,189.019470,-73.222328,339.350342,-8.770344,-72.404716,55.682331,20.714422,-81.289520,66.592117,498.392853,-28.425480
990,4.950000,44.499161,264.608551,-70.838585,266.496002,-209.334961,-72.626839,69.721947,-302.855347,-68.980194,-136.209641,-228.540558,-65.037560,-227.636963,-30.673002,-60.112534,-153.065247,173.218964,-61.853931,248.632446,189.016876,-73.217453,339.349457,-8.765397,-72.411598,55.685013,20.703943,-81.289917,66.588768,498.396210,-28.426783
991,4.955000,44.508011,264.608887,-70.839569,266.497833,-209.343353,-72.636322,69.730797,-302.854401,-68.998009,-136.210526,-228.544006,-65.039291,-227.642288,-30.670174,-60.123005,-153.069275,173.223526,-61.847530,248.637619,189.022888,-73.210579,339.351654,-8.767837,-72.412613,55.676258,20.721149,-81.292892,66.585625,498.391815,-28.429008
992,4.960000,44.496231,264.611237,-70.838333,266.490875,-209.328690,-72.623871,69.740196,-302.853333,-68.992844,-136.208679,-228.542511,-65.045517,-227.640579,-30.671125,-60.117561,-153.074646,173.221390,-61.847733,248.631653,189.021484,-73.212318,339.350555,-8.764017,-72.412392,55.690422,20.696590,-81.298752,66.590927,498.395020,-28.423304
993,4.965000,44.487579,264.608917,-70.823967,266.498444,-209.337936,-72.626869,69.736771,-302.856903,-68.995216,-136.209946,-228.546173,-65.044418,-227.641037,-30.674772,-60.113220,-153.075043,173.218536,-61.845222,248.624786,189.028748,-73.198471,339.348785,-8.765107,-72.407806,55.677326,20.702858,-81.292908,66.588669,498.394989,-28.426508
994,4.970000,44.494934,264.613434,-70.827728,266.498169,-209.334198,-72.629112,69.735985,-302.863312,-68.995605,-136.209366,-228.546936,-65.047340,-227.637955,-30.673988,-60.103359,-153.068619,173.217453,-61.833721,248.644531,189.029327,-73.206947,339.348724,-8.755754,-72.405533,55.680584,20.707130,-81.281990,66.591423,498.395447,-28.430721
995,4.975000,44.498840,264.613129,-70.824760,266.495819,-209.336395,-72.626198,69.734421,-302.861450,-68.984390,-136.203842,-228.537872,-65.041634,-227.639511,-30.674671,-60.111359,-153.068756,173.216171,-61.851723,248.639099,189.027206,-73.211197,339.347717,-8.761531,-72.408554,55.686459,20.710939,-81.285095,66.586929,498.398956,-28.419710
996,4.980000,44.497673,264.610748,-70.822357,266.494629,-209.337433,-72.617928,69.744400,-302.859985,-68.993065,-136.210480,-228.539566,-65.032593,-227.640152,-30.669758,-60.105679,-153.066269,173.222855,-61.842735,248.643387,189.023193,-73.202263,339.353180,-8.768334,-72.409157,55.684608,20.700205,-81.299629,66.591270,498.394165,-28.421379
997,4.985000,44.500813,264.611450,-70.826248,266.502258,-209.338379,-72.635635,69.748032,-302.865601,-68.997864,-136.206329,-228.543533,-65.034927,-227.637253,-30.668274,-60.104149,-153.063660,173.219696,-61.836639,248.641968,189.026245,-73.215904,339.354675,-8.770847,-72.406876,55.684669,20.706335,-81.287254,66.585396,498.393188,-28.418571
998,4.990000,44.496830,264.611755,-70.829773,266.500214,-209.338074,-72.617889,69.749359,-302.870972,-69.005981,-136.204681,-228.543457,-65.040665,-227.641449,-30.672363,-60.111362,-153.067398,173.214630,-61.834148,248.638931,189.019531,-73.207680,339.357269,-8.765776,-72.400253,55.693653,20.698915,-81.288536,66.586716,498.389679,-28.410162
999,4.995000,44.498062,264.608856,-70.826294,266.498383,-209.339951,-72.624359,69.744987,-302.868408,-68.994896,-136.200180,-228.545471,-65.039421,-227.637650,-30.672018,-60.107056,-153.069763,173.215515,-61.841393,248.636292,189.026398,-73.210724,339.354614,-8.763916,-72.402748,55.689152,20.706896,-81.288826,66.581924,498.386688,-28.413837
1000,5.000000,44.490025,264.605286,-70.829353,266.499207,-209.340942,-72.622215,69.745834,-302.869629,-68.999451,-136.199753,-228.550751,-65.038612,-227.639328,-30.682335,-60.102413,-153.072723,173.214539,-61.838127,248.633286,189.023315,-73.194649,339.349854,-8.763043,-72.397972,55.680717,20.703201,-81.285095,66.589264,498.390625,-28.422958
1001,5.005000,44.490196,264.606628,-70.820648,266.504028,-209.343613,-72.624283,69.745255,-302.868866,-68.993309,-136.210617,-228.551498,-65.041557,-227.636749,-30.682812,-60.116508,-153.065445,173.215363,-61.848656,248.637070,189.019440,-73.205254,339.356934,-8.767901,-72.413002,55.678688,20.696869,-81.286789,66.584564,498.384430,-28.415640
1002,5.010000,44.491077,264.607544,-70.827278,266.500336,-209.348526,-72.623611,69.739891,-302.860443,-68.991211,-136.205353,-228.545761,-65.032234,-227.638733,-30.675432,-60.118740,-153.066696,173.213531,-61.841881,248.638931,189.017960,-73.213509,339.352478,-8.766587,-72.405022,55.679634,20.698256,-81.292030,66.585052,498.384705,-28.423700
1003,5.015000,44.494476,264.602753,-70.835541,266.500732,-209.337219,-72.626106,69.745285,-302.865845,-68.996536,-136.204147,-228.553085,-65.055687,-227.636063,-30.668400,-60.111229,-153.067017,173.216110,-61.851006,248.635300,189.024673,-73.205750,339.348846,-8.766934,-72.414520,55.683857,20.699373,-81.290245,66.589104,498.390961,-28.417791
1004,5.020000,44.496967,264.600494,-70.827911,266.498230,-209.347672,-72.625275,69.740456,-302.863831,-68.997818,-136.210251,-228.542908,-65.034576,-227.637543,-30.666761,-60.092316,-153.064911,173.218628,-61.846317,248.644791,189.019226,-73.214050,339.357849,-8.771983,-72.400841,55.681427,20.696659,-81.285355,66.592384,498.391876,-28.428553
1005,5.025000,44.495083,264.612671,-70.822433,266.499390,-209.339783,-72.639809,69.740135,-302.858246,-68.997292,-136.204880,-228.546555,-65.042442,-227.636734,-30.671555,-60.098980,-153.067139,173.223389,-61.847996,248.636780,189.026596,-73.212250,339.350891,-8.764243,-72.407448,55.684265,20.702185,-81.286041,66.591682,498.395081,-28.425949
1006,5.030000,44.498596,264.610535,-70.826851,266.489471,-209.336090,-72.616783,69.736069,-302.859009,-69.001381,-136.212753,-228.540237,-65.033035,-227.639465,-30.671389,-60.100246,-153.067596,173.216171,-61.854820,248.632584,189.024933,-73.203102,339.348938,-8.763385,-72.408203,55.684338,20.706661,-81.290558,66.586929,498.394897,-28.424351
1007,5.035000,44.496590,264.609344,-70.832520,266.495972,-209.336838,-72.628365,69.731232,-302.862518,-68.999275,-136.209534,-228.536743,-65.045517,-227.642868,-30.667955,-60.110405,-153.070892,173.219620,-61.843124,248.631897,189.025925,-73.209877,339.345673,-8.757759,-72.402901,55.685059,20.709215,-81.291634,66.591194,498.395416,-28.417833
1008,5.040000,44.492378,264.613373,-70.828987,266.494934,-209.332611,-72.625038,69.734413,-302.857239,-68.988174,-136.205841,-228.538406,-65.038536,-227.640625,-30.673569,-60.111229,-153.074707,173.223724,-61.843277,248.633087,189.030411,-73.204453,339.345825,-8.754056,-72.398651,55.683762,20.706554,-81.297523,66.583092,498.395477,-28.415703
1009,5.045000,44.489697,264.614685,-70.835594,266.496368,-209.339218,-72.638687,69.734428,-302.863281,-68.991173,-136.203705,-228.541489,-65.038200,-227.635269,-30.671015,-60.107178,-153.070862,173.223450,-61.846794,248.635086,189.030975,-73.211617,339.347382,-8.761365,-72.410439,55.678677,20.712107,-81.277794,66.586708,498.393311,-28.425209
1010,5.050000,44.499725,264.612091,-70.844498,266.493347,-209.333969,-72.626656,69.732864,-302.869812,-68.999725,-136.201233,-228.541458,-65.040596,-227.638107,-30.666908,-60.102859,-153.066452,173.223038,-61.836578,248.638153,189.021454,-73.212059,339.350037,-8.766558,-72.409721,55.690868,20.702543,-81.287445,66.589195,498.397827,-28.427122
1011,5.055000,44.494362,264.609619,-70.819954,266.498901,-209.336975,-72.630684,69.732430,-302.868927,-68.999672,-136.208817,-228.542923,-65.042221,-227.635483,-30.666187,-60.114853,-153.068100,173.218674,-61.842224,248.639465,189.023666,-73.209213,339.351501,-8.765522,-72.402267,55.682625,20.703062,-81.285965,66.587807,498.397217,-28.423771
1012,5.060000,44.493698,264.605652,-70.833710,266.503021,-209.343552,-72.635536,69.737251,-302.866669,-69.002487,-136.206802,-228.539261,-65.041924,-227.635620,-30.666330,-60.108742,-153.068558,173.219696,-61.847027,248.635925,189.023209,-73.208969,339.348846,-8.769972,-72.411835,55.680752,20.696583,-81.289192,66.586121,498.390503,-28.421108
1013,5.065000,44.492115,264.608765,-70.825378,266.501190,-209.336884,-72.627312,69.734100,-302.864838,-68.994072,-136.203583,-228.548416,-65.046989,-227.642334,-30.675331,-60.113537,-153.068604,173.212845,-61.858250,248.642502,189.015640,-73.220764,339.354614,-8.770220,-72.415901,55.689217,20.696342,-81.292381,66.588242,498.390442,-28.428190
1014,5.070000,44.489914,264.612488,-70.832565,266.500610,-209.340073,-72.624451,69.738998,-302.864807,-68.993721,-136.208847,-228.548813,-65.045349,-227.634689,-30.679255,-60.111126,-153.064499,173.211594,-61.855034,248.623703,189.028427,-73.203331,339.354248,-8.766773,-72.414917,55.682442,20.707401,-81.285744,66.589752,498.389740,-28.423344
1015,5.075000,44.488842,264.605896,-70.831802,266.507629,-209.341629,-72.634819,69.737694,-302.862396,-68.993568,-136.199478,-228.547806,-65.039017,-227.637299,-30.676582,-60.108204,-153.066956,173.213959,-61.843483,248.634644,189.022049,-73.205795,339.355591,-8.770013,-72.413902,55.685043,20.705868,-81.289780,66.587082,498.389923,-28.423016
1016,5.080000,44.493050,264.608765,-70.834625,266.498260,-209.339401,-72.627541,69.742050,-302.869598,-69.001541,-136.203201,-228.551224,-65.040260,-227.636703,-30.675020,-60.108578,-153.072144,173.211731,-61.849571,248.637894,189.023895,-73.210503,339.349701,-8.765002,-72.404350,55.686867,20.700674,-81.291298,66.587784,498.394562,-28.426537
1017,5.085000,44.502159,264.612152,-70.834259,266.498749,-209.340225,-72.638786,69.743935,-302.863953,-69.003120,-136.202606,-228.546082,-65.030632,-227.638489,-30.672186,-60.101448,-153.065079,173.221146,-61.849743,248.642715,189.022995,-73.209991,339.351196,-8.767520,-72.404388,55.685753,20.701597,-81.287369,66.588936,498.392426,-28.416246
1018,5.090000,44.499332,264.608612,-70.828751,266.499756,-209.340973,-72.615753,69.740051,-302.878265,-69.007774,-136.201309,-228.544327,-65.036697,-227.632202,-30.668360,-60.111435,-153.056519,173.213379,-61.845806,248.632843,189.019531,-73.210892,339.349518,-8.765024,-72.405495,55.683678,20.704006,-81.292603,66.588959,498.391357,-28.422207
1019,5.095000,44.502472,264.615173,-70.835869,266.498993,-209.336639,-72.617409,69.739044,-302.859894,-68.990440,-136.201935,-228.544556,-65.036720,-227.634705,-30.668537,-60.111233,-153.061798,173.220795,-61.839256,248.639923,189.027069,-73.201561,339.351776,-8.766596,-72.406586,55.691082,20.691496,-81.294426,66.588120,498.390167,-28.422728
1020,5.100000,44.497746,264.609650,-70.827446,266.502991,-209.338791,-72.627312,69.739403,-302.863129,-68.994255,-136.200134,-228.547516,-65.038132,-227.634903,-30.672163,-60.110588,-153.069214,173.220734,-61.842461,248.643936,189.022385,-73.213898,339.351044,-8.764973,-72.411911,55.689110,20.693897,-81.289330,66.590736,498.391022,-28.424282
1021,5.105000,44.485359,264.607605,-70.814003,266.492432,-209.335419,-72.613487,69.733643,-302.855347,-68.988419,-136.204285,-228.542404,-65.041069,-227.636597,-30.676483,-60.115337,-153.066711,173.221237,-61.848953,248.641724,189.022766,-73.220673,339.351654,-8.754519,-72.413490,55.681824,20.697010,-81.290054,66.589714,498.391937,-28.425983
1022,5.110000,44.496544,264.614471,-70.835213,266.503021,-209.338089,-72.628281,69.742409,-302.863098,-68.994377,-136.208923,-228.543350,-65.039078,-227.637665,-30.671019,-60.111645,-153.067749,173.219833,-61.840584,248.637207,189.020493,-73.214333,339.346741,-8.759007,-72.399994,55.682911,20.707531,-81.287163,66.586967,498.393524,-28.424658
1023,5.115000,44.495125,264.607483,-70.833107,266.502136,-209.344330,-72.628990,69.737564,-302.856812,-68.993584,-136.200485,-228.547058,-65.043098,-227.634415,-30.674896,-60.116432,-153.066895,173.219986,-61.853512,248.638123,189.024673,-73.212212,339.353485,-8.761510,-72.407776,55.674225,20.704899,-81.282135,66.588211,498.399109,-28.423054
1024,5.120000,44.498444,264.610077,-70.827888,266.503021,-209.344803,-72.633804,69.738304,-302.858398,-68.992523,-136.201584,-228.546112,-65.037666,-227.636063,-30.673201,-60.107746,-153.068954,173.218750,-61.848000,248.634109,189.026367,-73.208084,339.349915,-8.759416,-72.405708,55.687668,20.699427,-81.296188,66.590797,498.395081,-28.431250
1025,5.125000,44.495014,264.606781,-70.820953,266.498383,-209.347305,-72.640488,69.723251,-302.858154,-68.988319,-136.205811,-228.542664,-65.042084,-227.640961,-30.667860,-60.097485,-153.071136,173.217773,-61.843651,248.635773,189.013290,-73.207596,339.357605,-8.776199,-72.414581,55.676682,20.701057,-81.277519,66.589859,498.393036,-28.422880
1026,5.130000,44.494976,264.612946,-70.834793,266.496521,-209.341949,-72.636101,69.737572,-302.869049,-68.998192,-136.209854,-228.543793,-65.044846,-227.637314,-30.680233,-60.114479,-153.071411,173.219894,-61.842209,248.639694,189.021194,-73.212975,339.351685,-8.770159,-72.413155,55.678341,20.705376,-81.278923,66.589371,498.392670,-28.426743
1027,5.135000,44.495502,264.608917,-70.836754,266.498871,-209.344330,-72.641075,69.725372,-302.857086,-68.987442,-136.208237,-228.542953,-65.038811,-227.635666,-30.669039,-60.111008,-153.070343,173.219040,-61.855850,248.640350,189.028198,-73.211227,339.353760,-8.765233,-72.415207,55.678104,20.707521,-81.279045,66.585709,498.397003,-28.429922
1028,5.140000,44.492672,264.606232,-70.829086,266.502899,-209.341736,-72.629219,69.731239,-302.862732,-68.991959,-136.208527,-228.542007,-65.035789,-227.640411,-30.673841,-60.110844,-153.074753,173.218658,-61.847126,248.627960,189.020691,-73.202408,339.349670,-8.766188,-72.414032,55.677685,20.707806,-81.286652,66.587959,498.393982,-28.420046
1029,5.145000,44.496780,264.614014,-70.828873,266.498474,-209.333649,-72.632942,69.739693,-302.856567,-68.986603,-136.201859,-228.545898,-65.041237,-227.636276,-30.670933,-60.114418,-153.074280,173.212906,-61.840836,248.636810,189.020218,-73.215584,339.346619,-8.762300,-72.408112,55.681553,20.701668,-81.280632,66.591148,498.393738,-28.426502
1030,5.150000,44.495842,264.607941,-70.826309,266.500549,-209.332535,-72.624435,69.737823,-302.863739,-68.990616,-136.202072,-228.542526,-65.041214,-227.635330,-30.676207,-60.109745,-153.068863,173.228622,-61.834133,248.634705,189.029388,-73.209015,339.350616,-8.766215,-72.415756,55.684650,20.706095,-81.285240,66.592705,498.393768,-28.423418
1031,5.155000,44.499367,264.610840,-70.828400,266.503235,-209.343475,-72.633919,69.734467,-302.858734,-68.989418,-136.205429,-228.539154,-65.042137,-227.637436,-30.671646,-60.110497,-153.070084,173.221756,-61.844112,248.639511,189.022430,-73.211792,339.353882,-8.767941,-72.405434,55.674496,20.701817,-81.276741,66.590019,498.397308,-28.426094
1032,5.160000,44.496826,264.614288,-70.829720,266.498840,-209.341141,-72.625809,69.730713,-302.866241,-68.990990,-136.209625,-228.546738,-65.039337,-227.637268,-30.666357,-60.112022,-153.066360,173.220474,-61.835045,248.638184,189.023148,-73.209412,339.350677,-8.765016,-72.410828,55.679836,20.700155,-81.290154,66.582863,498.391510,-28.416168
1033,5.165000,44.497726,264.610931,-70.823334,266.494110,-209.335297,-72.616341,69.740852,-302.860901,-68.991035,-136.207001,-228.543686,-65.032654,-227.637970,-30.671778,-60.106369,-153.068604,173.221878,-61.846729,248.639374,189.017349,-73.212349,339.356323,-8.761983,-72.413063,55.688034,20.696720,-81.284187,66.590981,498.394867,-28.420547
1034,5.170000,44.493980,264.611420,-70.817619,266.498901,-209.342453,-72.624565,69.739532,-302.866638,-68.989761,-136.205109,-228.541306,-65.039642,-227.638504,-30.674049,-60.104580,-153.070221,173.215897,-61.846081,248.634247,189.022446,-73.204117,339.356903,-8.768941,-72.410736,55.675415,20.697649,-81.289383,66.583580,498.390442,-28.414644
1035,5.175000,44.491047,264.612305,-70.828163,266.504028,-209.341248,-72.629730,69.740776,-302.870117,-68.993622,-136.201614,-228.549393,-65.038857,-227.633835,-30.671091,-60.114975,-153.069046,173.213699,-61.846020,248.636719,189.023438,-73.214714,339.351349,-8.761729,-72.412796,55.691578,20.697050,-81.287437,66.585243,498.393402,-28.422970
1036,5.180000,44.492779,264.607819,-70.822899,266.503082,-209.337051,-72.622513,69.743843,-302.864441,-68.998436,-136.204269,-228.548157,-65.044991,-227.633041,-30.676701,-60.111061,-153.068115,173.214142,-61.846485,248.633987,189.022278,-73.216599,339.360687,-8.765907,-72.416466,55.682747,20.706430,-81.283997,66.588921,498.387665,-28.423264
1037,5.185000,44.492416,264.607849,-70.833260,266.503021,-209.347290,-72.634987,69.738388,-302.863464,-68.994804,-136.201904,-228.546265,-65.045822,-227.636536,-30.674156,-60.112858,-153.067719,173.213959,-61.845455,248.633011,189.014786,-73.223511,339.355988,-8.763790,-72.416565,55.678482,20.704777,-81.277985,66.587265,498.383759,-28.427485
1038,5.190000,44.499634,264.603943,-70.834984,266.500946,-209.338913,-72.620384,69.742470,-302.860138,-69.002235,-136.206619,-228.546967,-65.043892,-227.641098,-30.675743,-60.106152,-153.063690,173.214874,-61.839912,248.636017,189.018768,-73.212341,339.356018,-8.773747,-72.402687,55.685017,20.696407,-81.289352,66.585541,498.390106,-28.427059
1039,5.195000,44.494568,264.605499,-70.835091,266.501129,-209.345184,-72.625183,69.736671,-302.864899,-68.995697,-136.209595,-228.547470,-65.034691,-227.633926,-30.668350,-60.118713,-153.065353,173.215408,-61.844482,248.639709,189.014847,-73.217896,339.352753,-8.773165,-72.411179,55.686642,20.695871,-81.285324,66.589684,498.386292,-28.433460
1040,5.200000,44.502102,264.610870,-70.834656,266.495819,-209.339874,-72.629562,69.739380,-302.866455,-68.994926,-136.204086,-228.540695,-65.027596,-227.634491,-30.669699,-60.101734,-153.068893,173.215042,-61.839790,248.643005,189.017838,-73.209671,339.352661,-8.768881,-72.414322,55.678383,20.700312,-81.280083,66.586586,498.391113,-28.420536
1041,5.205000,44.491432,264.608521,-70.821091,266.504303,-209.339386,-72.637108,69.738853,-302.863495,-68.999596,-136.206055,-228.540588,-65.040588,-227.636368,-30.670944,-60.104877,-153.065430,173.220306,-61.841923,248.639587,189.026840,-73.209183,339.350403,-8.764833,-72.406784,55.685238,20.702812,-81.281570,66.586754,498.387970,-28.422771
1042,5.210000,44.494507,264.607330,-70.834290,266.502167,-209.335098,-72.632080,69.734375,-302.861389,-68.994301,-136.210800,-228.539093,-65.036446,-227.643051,-30.672565,-60.104397,-153.073044,173.219986,-61.846630,248.630234,189.030121,-73.196770,339.348907,-8.764203,-72.406479,55.691769,20.688606,-81.298248,66.586479,498.395966,-28.425617
1043,5.215000,44.494701,264.621246,-70.834145,266.503784,-209.333527,-72.616745,69.735634,-302.855438,-68.992455,-136.210281,-228.543671,-65.045601,-227.637924,-30.669579,-60.108547,-153.069458,173.215744,-61.837063,248.633575,189.021606,-73.204926,339.349304,-8.757151,-72.407150,55.681637,20.702709,-81.275658,66.590042,498.398590,-28.423861
1044,5.220000,44.493969,264.619843,-70.831528,266.499084,-209.332092,-72.615837,69.740929,-302.866516,-69.002281,-136.206787,-228.542145,-65.033920,-227.638733,-30.668051,-60.108788,-153.067444,173.223526,-61.845066,248.633072,189.029922,-73.210999,339.347839,-8.761794,-72.410202,55.670227,20.701891,-81.284134,66.591103,498.396759,-28.423107
1045,5.225000,44.499062,264.616760,-70.838158,266.490814,-209.331085,-72.621872,69.735191,-302.860168,-68.993546,-136.210632,-228.543701,-65.039772,-227.635773,-30.664381,-60.109230,-153.066986,173.217117,-61.848438,248.641251,189.027878,-73.204010,339.349121,-8.765184,-72.398743,55.684956,20.697454,-81.291229,66.589523,498.391663,-28.437109
1046,5.230000,44.498367,264.608521,-70.832367,266.495056,-209.337860,-72.622475,69.735619,-302.853058,-68.991714,-136.210770,-228.540527,-65.040443,-227.639099,-30.661388,-60.103970,-153.070694,173.223343,-61.849483,248.647217,189.025574,-73.219482,339.352905,-8.764288,-72.416412,55.686703,20.696526,-81.287193,66.590462,498.389008,-28.424526
1047,5.235000,44.502655,264.613190,-70.825104,266.492157,-209.336563,-72.631050,69.742302,-302.867523,-68.995575,-136.208145,-228.538116,-65.036980,-227.638016,-30.666523,-60.099533,-153.068588,173.217285,-61.841969,248.638412,189.020081,-73.210922,339.351593,-8.766562,-72.414375,55.684444,20.696762,-81.296059,66.586975,498.394440,-28.420980
1048,5.240000,44.498711,264.608704,-70.840416,266.497467,-209.335327,-72.623207,69.738091,-302.864929,-68.999397,-136.208740,-228.546265,-65.039001,-227.633301,-30.675865,-60.112980,-153.071152,173.217453,-61.839397,248.638855,189.020859,-73.202354,339.356232,-8.777446,-72.419380,55.685463,20.706375,-81.285042,66.587921,498.395355,-28.430286
1049,5.245000,44.498775,264.604919,-70.839264,266.501129,-209.339478,-72.633499,69.736931,-302.856415,-68.995026,-136.204254,-228.544586,-65.049042,-227.635605,-30.672632,-60.111958,-153.066055,173.213425,-61.859997,248.638474,189.022308,-73.215279,339.350372,-8.767131,-72.411476,55.679554,20.706408,-81.285240,66.589592,498.391724,-28.427097
1050,5.250000,44.496201,264.611206,-70.826134,266.498383,-209.338913,-72.628975,69.741158,-302.858246,-68.999596,-136.207352,-228.547272,-65.041084,-227.639938,-30.679117,-60.119587,-153.066803,173.217422,-61.837616,248.634064,189.021729,-73.213921,339.350311,-8.762006,-72.408997,55.682705,20.693182,-81.283569,66.589027,498.398438,-28.426968
1051,5.255000,44.498089,264.611633,-70.829536,266.497742,-209.342468,-72.625275,69.741676,-302.864594,-68.987892,-136.207840,-228.546753,-65.035751,-227.642883,-30.678217,-60.110210,-153.069962,173.218552,-61.847733,248.641296,189.021393,-73.216759,339.349548,-8.762606,-72.412971,55.690018,20.691034,-81.294151,66.586609,498.389923,-28.411045
1052,5.260000,44.497696,264.605865,-70.833679,266.497314,-209.337097,-72.624878,69.739601,-302.868988,-68.998749,-136.213501,-228.549316,-65.042084,-227.642563,-30.671539,-60.109856,-153.067978,173.213898,-61.843369,248.637619,189.022415,-73.213997,339.349030,-8.766865,-72.407265,55.681152,20.701374,-81.284027,66.583488,498.390503,-28.428560
1053,5.265000,44.494682,264.607056,-70.829124,266.498138,-209.345596,-72.620491,69.739517,-302.862793,-68.998207,-136.206268,-228.543976,-65.037018,-227.640350,-30.670969,-60.104675,-153.061111,173.220047,-61.843388,248.640533,189.024323,-73.211533,339.347046,-8.768931,-72.401489,55.690296,20.693174,-81.288345,66.586044,498.386383,-28.410223
1054,5.270000,44.492168,264.613281,-70.827957,266.494202,-209.344864,-72.633385,69.737831,-302.862732,-68.986435,-136.204346,-228.544891,-65.043953,-227.636673,-30.670715,-60.106651,-153.067917,173.223282,-61.827999,248.633911,189.016251,-73.208694,339.343994,-8.768411,-72.405014,55.690575,20.696951,-81.291527,66.589447,498.389374,-28.423010
1055,5.275000,44.499775,264.612549,-70.832260,266.501068,-209.338104,-72.627457,69.746613,-302.871979,-69.006088,-136.200043,-228.537659,-65.038200,-227.635422,-30.671656,-60.110542,-153.059143,173.218643,-61.831573,248.634995,189.024353,-73.205627,339.345001,-8.760782,-72.392082,55.682304,20.696545,-81.287659,66.588966,498.388641,-28.421532
1056,5.280000,44.493069,264.608856,-70.822792,266.503937,-209.337128,-72.615517,69.739410,-302.867798,-68.995003,-136.203644,-228.542496,-65.038994,-227.636002,-30.671070,-60.106895,-153.066116,173.212524,-61.846436,248.638626,189.029663,-73.203026,339.351624,-8.761104,-72.406982,55.687069,20.693396,-81.286362,66.588615,498.388031,-28.420872
1057,5.285000,44.492325,264.616821,-70.829842,266.501007,-209.341995,-72.625069,69.745789,-302.868530,-68.996811,-136.207016,-228.542679,-65.039902,-227.638824,-30.673508,-60.114510,-153.063522,173.217300,-61.838665,248.636658,189.029465,-73.199158,339.357391,-8.765988,-72.410049,55.678299,20.696888,-81.285393,66.589668,498.392090,-28.420065
1058,5.290000,44.496021,264.612976,-70.835831,266.498291,-209.330643,-72.624748,69.746513,-302.867035,-69.000900,-136.201324,-228.544601,-65.042023,-227.637268,-30.672337,-60.109444,-153.063904,173.215851,-61.845509,248.636856,189.028641,-73.212280,339.347961,-8.767496,-72.407257,55.691593,20.698997,-81.284782,66.587151,498.390991,-28.419886
1059,5.295000,44.493904,264.610931,-70.830544,266.500854,-209.336716,-72.625130,69.734978,-302.854584,-68.983734,-136.205399,-228.554459,-65.044495,-227.635056,-30.668692,-60.112080,-153.062729,173.219452,-61.853764,248.636002,189.020432,-73.213203,339.359222,-8.769076,-72.421364,55.685890,20.694027,-81.295586,66.590820,498.392487,-28.420902
1060,5.300000,44.500237,264.612183,-70.832375,266.505768,-209.339813,-72.637932,69.736801,-302.859314,-68.997368,-136.210648,-228.545929,-65.043144,-227.642792,-30.670946,-60.104225,-153.065048,173.225830,-61.845589,248.646057,189.020813,-73.218735,339.350586,-8.765697,-72.411163,55.682301,20.703388,-81.289207,66.590172,498.390015,-28.424742
1061,5.305000,44.503803,264.615356,-70.831352,266.499695,-209.341370,-72.627258,69.738815,-302.870178,-69.005547,-136.203171,-228.546173,-65.043907,-227.638535,-30.670748,-60.110348,-153.063644,173.219543,-61.847343,248.636307,189.024933,-73.216225,339.354126,-8.765183,-72.420097,55.681717,20.696482,-81.281693,66.585899,498.394257,-28.424397
1062,5.310000,44.495419,264.607361,-70.832100,266.499969,-209.336029,-72.632355,69.733337,-302.856323,-68.994743,-136.208633,-228.538559,-65.030472,-227.640579,-30.674568,-60.110611,-153.068069,173.219650,-61.842319,248.636215,189.020264,-73.209541,339.357361,-8.767759,-72.417152,55.681080,20.696079,-81.296036,66.583397,498.392914,-28.422871
1063,5.315000,44.493626,264.607178,-70.829483,266.496918,-209.340347,-72.632896,69.736328,-302.859070,-68.996933,-136.208588,-228.545746,-65.035027,-227.642151,-30.675749,-60.110260,-153.065323,173.217316,-61.843914,248.637222,189.020981,-73.215652,339.349731,-8.767478,-72.408669,55.687920,20.701481,-81.286652,66.585068,498.389984,-28.426458
1064,5.320000,44.493565,264.604767,-70.836052,266.501190,-209.339020,-72.642708,69.729698,-302.852844,-68.989746,-136.205551,-228.552872,-65.045197,-227.642059,-30.675253,-60.107800,-153.069946,173.218613,-61.837109,248.630829,189.019592,-73.219841,339.349213,-8.761773,-72.408234,55.677605,20.697016,-81.285492,66.588463,498.391693,-28.424561
1065,5.325000,44.494926,264.610168,-70.838707,266.502991,-209.339813,-72.638657,69.736389,-302.858429,-68.985374,-136.202286,-228.542999,-65.038361,-227.637268,-30.669634,-60.113377,-153.065323,173.215805,-61.854500,248.638458,189.018143,-73.219360,339.352081,-8.764158,-72.415390,55.682541,20.705284,-81.286789,66.586647,498.393036,-28.416935
1066,5.330000,44.496300,264.611420,-70.830368,266.502441,-209.336838,-72.627838,69.738525,-302.861938,-68.994164,-136.210678,-228.540222,-65.032516,-227.641052,-30.676029,-60.110344,-153.067902,173.218292,-61.846062,248.632416,189.026093,-73.216278,339.356628,-8.766361,-72.413445,55.686337,20.707066,-81.280899,66.586487,498.392517,-28.424976
1067,5.335000,44.500851,264.611481,-70.828529,266.501068,-209.337708,-72.625938,69.731857,-302.858093,-68.988930,-136.210648,-228.542130,-65.035263,-227.636597,-30.668934,-60.107506,-153.063232,173.222076,-61.848267,248.638489,189.020691,-73.214882,339.345856,-8.770239,-72.414940,55.685299,20.696156,-81.289696,66.589653,498.391663,-28.423222
1068,5.340000,44.500786,264.609131,-70.826935,266.494537,-209.337753,-72.627281,69.731972,-302.860901,-68.995186,-136.208572,-228.543060,-65.038155,-227.638229,-30.667303,-60.106293,-153.067413,173.222687,-61.843838,248.645172,189.024597,-73.213852,339.346954,-8.769603,-72.408752,55.689423,20.693665,-81.301987,66.586746,498.393860,-28.428713
1069,5.345000,44.498783,264.611664,-70.831566,266.495422,-209.344193,-72.637207,69.734978,-302.864563,-68.995049,-136.207138,-228.541138,-65.045219,-227.634476,-30.668692,-60.111500,-153.070419,173.224655,-61.839912,248.642303,189.018387,-73.211571,339.348816,-8.767660,-72.411209,55.680271,20.699085,-81.283844,66.588135,498.386475,-28.418085
1070,5.350000,44.497707,264.615631,-70.832901,266.498352,-209.332642,-72.622810,69.740837,-302.864716,-69.000412,-136.208115,-228.543579,-65.038628,-227.637390,-30.663040,-60.107090,-153.066299,173.218872,-61.843838,248.641220,189.023361,-73.214729,339.352875,-8.760712,-72.400856,55.690918,20.702135,-81.293831,66.586433,498.390381,-28.423313
1071,5.355000,44.495632,264.607208,-70.830688,266.501984,-209.335556,-72.625031,69.741959,-302.862946,-68.993683,-136.202835,-228.542053,-65.033508,-227.640030,-30.671320,-60.106987,-153.068314,173.210251,-61.839134,248.638199,189.021851,-73.210655,339.355255,-8.763969,-72.411293,55.693855,20.701445,-81.297745,66.590210,498.389191,-28.416777
1072,5.360000,44.493420,264.604797,-70.831886,266.500824,-209.342926,-72.622856,69.739868,-302.860931,-68.985870,-136.201050,-228.545929,-65.032959,-227.634613,-30.671673,-60.112114,-153.069809,173.217865,-61.833179,248.636948,189.030441,-73.206429,339.357330,-8.766433,-72.416245,55.692451,20.693802,-81.292625,66.589012,498.393311,-28.427294
1073,5.365000,44.498474,264.611420,-70.834145,266.503326,-209.343246,-72.620270,69.744713,-302.862610,-68.996925,-136.207901,-228.543579,-65.035858,-227.637421,-30.678690,-60.104450,-153.069412,173.214035,-61.835182,248.638382,189.021530,-73.218109,339.348938,-8.769080,-72.412971,55.684788,20.699596,-81.290855,66.589058,498.392853,-28.425825
1074,5.370000,44.494129,264.609436,-70.831253,266.501221,-209.342773,-72.626900,69.741241,-302.860809,-68.997589,-136.205048,-228.549820,-65.043770,-227.641022,-30.675518,-60.098991,-153.068298,173.215240,-61.846375,248.635742,189.018936,-73.210701,339.354523,-8.769507,-72.408676,55.686024,20.688869,-81.297554,66.583397,498.388702,-28.419312
1075,5.375000,44.501060,264.608856,-70.832657,266.503387,-209.348511,-72.633293,69.727188,-302.859619,-68.994545,-136.208969,-228.541885,-65.034172,-227.638214,-30.678520,-60.104607,-153.065735,173.215561,-61.843224,248.641617,189.021179,-73.218636,339.353729,-8.769791,-72.422340,55.685677,20.700949,-81.283615,66.587112,498.385010,-28.425373
1076,5.380000,44.499584,264.608368,-70.837936,266.500488,-209.340454,-72.620750,69.742744,-302.871582,-68.997742,-136.199921,-228.549362,-65.048073,-227.634262,-30.675781,-60.110332,-153.067032,173.217911,-61.842796,248.644318,189.016205,-73.214294,339.354126,-8.769175,-72.411797,55.684700,20.701601,-81.295097,66.586761,498.391876,-28.425356
1077,5.385000,44.505901,264.606354,-70.843353,266.502533,-209.342468,-72.634880,69.741165,-302.863434,-68.986595,-136.204773,-228.549667,-65.045189,-227.634689,-30.673040,-60.103832,-153.066422,173.208282,-61.846138,248.640091,189.023697,-73.219978,339.356293,-8.766654,-72.424965,55.679832,20.699352,-81.290596,66.585487,498.389038,-28.419680
1078,5.390000,44.494705,264.607605,-70.829086,266.502167,-209.337509,-72.634628,69.742508,-302.859192,-68.994041,-136.208664,-228.545853,-65.037498,-227.640182,-30.677696,-60.104931,-153.068588,173.217010,-61.848221,248.631973,189.024948,-73.210976,339.352997,-8.765079,-72.411980,55.684006,20.700584,-81.295296,66.587440,498.390045,-28.422461
1079,5.395000,44.496578,264.611542,-70.828278,266.497772,-209.333344,-72.627563,69.730026,-302.856201,-68.980515,-136.205490,-228.544586,-65.045647,-227.635132,-30.673878,-60.105000,-153.068069,173.221588,-61.842594,248.637650,189.020828,-73.222382,339.349609,-8.765989,-72.412697,55.675301,20.701254,-81.294411,66.585243,498.391479,-28.427088
1080,5.400000,44.493137,264.612000,-70.828026,266.499817,-209.330093,-72.621613,69.723984,-302.855103,-68.988960,-136.205521,-228.534897,-65.032852,-227.640335,-30.671459,-60.101147,-153.063446,173.219986,-61.839924,248.635162,189.028000,-73.207115,339.349823,-8.768402,-72.406883,55.675144,20.707939,-81.285278,66.590599,498.395538,-28.424995
1081,5.405000,44.495262,264.617920,-70.836212,266.498383,-209.330093,-72.620583,69.724670,-302.856537,-68.986748,-136.205032,-228.538605,-65.043388,-227.636139,-30.670261,-60.101006,-153.066574,173.220200,-61.841408,248.636993,189.025131,-73.206184,339.350067,-8.761437,-72.413658,55.686924,20.705341,-81.298820,66.592430,498.392792,-28.427328
1082,5.410000,44.499939,264.612885,-70.833702,266.495544,-209.337952,-72.640953,69.727394,-302.860321,-68.993958,-136.210632,-228.535828,-65.041969,-227.636520,-30.669718,-60.107273,-153.066422,173.226028,-61.846886,248.637146,189.026154,-73.205742,339.354309,-8.767978,-72.422829,55.677673,20.705648,-81.285568,66.590622,498.399719,-28.429424
1083,5.415000,44.497955,264.609650,-70.833527,266.499786,-209.337189,-72.637871,69.733337,-302.854584,-68.994904,-136.207260,-228.541229,-65.040680,-227.637650,-30.671898,-60.108635,-153.074020,173.221909,-61.836037,248.642731,189.027939,-73.211151,339.356720,-8.761632,-72.408150,55.683750,20.700514,-81.282509,66.588356,498.390839,-28.428003
1084,5.420000,44.494511,264.611969,-70.821159,266.496643,-209.340729,-72.643440,69.736343,-302.860535,-68.992058,-136.205505,-228.541901,-65.035744,-227.640366,-30.670803,-60.105854,-153.067474,173.214996,-61.849079,248.638382,189.028870,-73.212784,339.345184,-8.760976,-72.401329,55.677753,20.699984,-81.287292,66.594841,498.388855,-28.424953
1085,5.425000,44.492916,264.610321,-70.842850,266.498535,-209.337662,-72.636581,69.731949,-302.851410,-68.994179,-136.210236,-228.544342,-65.030777,-227.641937,-30.672915,-60.101936,-153.065994,173.215469,-61.849789,248.635193,189.022385,-73.213959,339.359344,-8.758407,-72.422379,55.687809,20.704329,-81.288269,66.590469,498.391144,-28.428576
1086,5.430000,44.490719,264.605835,-70.841789,266.493927,-209.340836,-72.627579,69.740593,-302.861572,-68.997810,-136.206390,-228.544434,-65.040077,-227.636078,-30.670975,-60.106216,-153.070999,173.215866,-61.847317,248.644577,189.022461,-73.217178,339.352448,-8.767979,-72.414017,55.685379,20.705431,-81.287392,66.587982,498.391083,-28.429106
1087,5.435000,44.497360,264.609406,-70.834793,266.500580,-209.344818,-72.636940,69.740715,-302.857361,-68.995247,-136.202362,-228.547043,-65.036148,-227.638123,-30.671875,-60.103615,-153.068985,173.218323,-61.849106,248.633972,189.024033,-73.208794,339.352173,-8.766263,-72.416466,55.689587,20.710443,-81.293930,66.593819,498.391205,-28.421516
1088,5.440000,44.503548,264.603943,-70.834480,266.498474,-209.341766,-72.629646,69.740753,-302.862000,-68.996628,-136.208557,-228.545685,-65.033211,-227.640732,-30.668776,-60.096031,-153.068146,173.222931,-61.838959,248.644058,189.014648,-73.218933,339.356873,-8.770168,-72.413635,55.685650,20.698982,-81.296303,66.587616,498.396667,-28.429401
1089,5.445000,44.498455,264.609039,-70.828346,266.497711,-209.345245,-72.623093,69.737747,-302.862183,-68.990639,-136.208389,-228.542282,-65.038719,-227.639526,-30.667267,-60.106617,-153.068909,173.221664,-61.841778,248.635345,189.018066,-73.208694,339.350952,-8.770620,-72.399033,55.689800,20.701712,-81.297302,66.590515,498.386169,-28.421257
1090,5.450000,44.497044,264.613190,-70.834419,266.495239,-209.346848,-72.626923,69.744453,-302.869171,-68.989471,-136.205231,-228.548141,-65.036514,-227.640991,-30.673639,-60.101994,-153.065430,173.214584,-61.832024,248.648422,189.017075,-73.225960,339.355530,-8.767383,-72.411270,55.688328,20.698320,-81.289772,66.585670,498.385223,-28.416893
1091,5.455000,44.495106,264.610260,-70.823288,266.500305,-209.340088,-72.636009,69.741608,-302.864899,-68.993263,-136.204514,-228.540451,-65.038383,-227.633972,-30.672707,-60.107738,-153.072998,173.217072,-61.845596,248.637970,189.025375,-73.210510,339.348907,-8.766547,-72.404282,55.684605,20.698425,-81.287659,66.588554,498.394379,-28.423460
1092,5.460000,44.496029,264.608276,-70.837883,266.500366,-209.335800,-72.618591,69.743675,-302.863678,-68.997597,-136.207352,-228.542694,-65.037926,-227.640808,-30.670584,-60.099075,-153.072021,173.213516,-61.840130,248.634933,189.027573,-73.215714,339.354187,-8.766909,-72.409515,55.679150,20.704550,-81.280548,66.587051,498.393951,-28.419222
1093,5.465000,44.499649,264.610992,-70.826576,266.501282,-209.336151,-72.618996,69.737442,-302.873047,-68.993179,-136.203445,-228.544220,-65.037384,-227.636841,-30.675795,-60.107224,-153.065857,173.217285,-61.842052,248.639908,189.022049,-73.217491,339.352386,-8.762512,-72.406090,55.690414,20.698782,-81.287376,66.587807,498.391327,-28.424265
1094,5.470000,44.489971,264.609528,-70.826057,266.502960,-209.342056,-72.616631,69.742538,-302.865051,-68.991722,-136.209457,-228.541962,-65.034569,-227.639252,-30.668850,-60.108406,-153.071289,173.220551,-61.837738,248.637207,189.023697,-73.216057,339.354797,-8.765526,-72.406654,55.678951,20.694906,-81.287743,66.587685,498.388763,-28.428337
1095,5.475000,44.502209,264.609528,-70.824173,266.492615,-209.334610,-72.615273,69.736633,-302.864197,-68.991882,-136.206314,-228.540314,-65.035072,-227.635376,-30.666393,-60.104630,-153.070541,173.217682,-61.842579,248.640305,189.024094,-73.208054,339.354279,-8.768198,-72.409248,55.684025,20.698509,-81.284904,66.586960,498.395996,-28.423429
1096,5.480000,44.499252,264.608215,-70.830757,266.498199,-209.339844,-72.628281,69.744713,-302.865967,-69.002625,-136.206894,-228.544189,-65.043793,-227.642059,-30.663685,-60.102119,-153.067734,173.219360,-61.841373,248.641342,189.020081,-73.225937,339.352203,-8.768544,-72.403023,55.684963,20.703894,-81.285622,66.588715,498.387390,-28.427879
1097,5.485000,44.495850,264.608398,-70.827736,266.496979,-209.339798,-72.644310,69.735229,-302.864990,-68.998268,-136.202179,-228.543137,-65.031036,-227.638611,-30.673702,-60.106091,-153.067047,173.219360,-61.841660,248.647278,189.016617,-73.224854,339.358368,-8.764686,-72.417641,55.681988,20.695959,-81.282204,66.583641,498.393585,-28.419582
1098,5.490000,44.500916,264.610809,-70.836227,266.496521,-209.340286,-72.622177,69.734833,-302.856934,-68.990471,-136.204041,-228.538681,-65.049004,-227.636765,-30.675203,-60.108219,-153.069290,173.217407,-61.842583,248.638367,189.024780,-73.217354,339.348175,-8.757156,-72.418449,55.687557,20.700327,-81.286682,66.587242,498.387604,-28.430157
1099,5.495000,44.494137,264.604675,-70.838631,266.499298,-209.342484,-72.628448,69.733871,-302.855255,-68.979050,-136.210526,-228.544952,-65.039322,-227.633011,-30.673706,-60.105091,-153.071472,173.215469,-61.849552,248.632690,189.025818,-73.208740,339.357574,-8.762899,-72.419106,55.686623,20.702669,-81.286934,66.594208,498.391388,-28.432579
1100,5.500000,44.489731,264.618896,-70.831833,266.499329,-209.344040,-72.632141,69.738884,-302.857666,-68.998192,-136.208405,-228.542786,-65.034950,-227.635040,-30.676317,-60.111629,-153.073593,173.216110,-61.846668,248.633499,189.018082,-73.220734,339.357574,-8.767322,-72.423286,55.681282,20.699568,-81.293274,66.591034,498.392853,-28.429163
1101,5.505000,44.491058,264.609802,-70.831718,266.499329,-209.342758,-72.639610,69.731895,-302.864777,-68.991180,-136.206924,-228.549683,-65.052620,-227.638107,-30.673845,-60.109009,-153.075211,173.219620,-61.850697,248.632141,189.028427,-73.222343,339.350647,-8.764427,-72.413170,55.679314,20.705786,-81.285583,66.588394,498.396149,-28.435772
1102,5.510000,44.505142,264.611359,-70.842140,266.497986,-209.329285,-72.643623,69.739250,-302.854004,-68.993729,-136.212097,-228.537674,-65.036392,-227.638016,-30.669153,-60.110195,-153.068344,173.223038,-61.845097,248.638794,189.022827,-73.211830,339.350006,-8.763659,-72.406929,55.674282,20.705954,-81.279144,66.587364,498.393982,-28.426409
1103,5.515000,44.498325,264.614014,-70.827042,266.500244,-209.341721,-72.635918,69.724327,-302.847626,-68.981712,-136.205353,-228.541489,-65.040939,-227.636887,-30.666758,-60.108246,-153.066879,173.221405,-61.845856,248.637894,189.021515,-73.216431,339.353119,-8.767253,-72.416962,55.680786,20.698683,-81.282829,66.591225,498.395172,-28.426540
1104,5.520000,44.498180,264.609894,-70.824921,266.497955,-209.341705,-72.627090,69.732903,-302.865356,-68.998070,-136.209274,-228.542969,-65.038597,-227.639740,-30.666819,-60.109291,-153.064331,173.224579,-61.840691,248.641815,189.025284,-73.217255,339.348267,-8.766377,-72.410347,55.683044,20.692289,-81.285843,66.585587,498.391327,-28.427969
1105,5.525000,44.498573,264.611816,-70.833977,266.500061,-209.339615,-72.626457,69.724411,-302.857361,-68.984947,-136.210114,-228.540680,-65.033905,-227.635712,-30.665041,-60.107994,-153.070038,173.220047,-61.840538,248.637207,189.020660,-73.215500,339.351288,-8.765411,-72.406876,55.682030,20.694231,-81.292534,66.589020,498.393707,-28.421959
1106,5.530000,44.497410,264.606812,-70.829758,266.496155,-209.338593,-72.629349,69.740555,-302.867462,-69.001175,-136.202347,-228.542007,-65.042290,-227.639099,-30.667885,-60.106205,-153.071411,173.214035,-61.845387,248.636673,189.021011,-73.214325,339.348663,-8.766851,-72.411407,55.688087,20.699390,-81.290283,66.589874,498.395599,-28.431383
1107,5.535000,44.496990,264.607574,-70.834671,266.503571,-209.336609,-72.631691,69.732452,-302.866089,-68.989861,-136.201614,-228.545197,-65.036697,-227.633377,-30.671469,-60.104671,-153.064178,173.217606,-61.839500,248.635468,189.025024,-73.202751,339.353363,-8.762875,-72.407845,55.685253,20.694296,-81.291634,66.586731,498.396667,-28.419960
1108,5.540000,44.498562,264.609009,-70.831039,266.501160,-209.341522,-72.619194,69.736107,-302.860382,-68.985344,-136.206680,-228.542343,-65.036598,-227.638565,-30.672279,-60.108284,-153.074585,173.218735,-61.836407,248.636795,189.021088,-73.209259,339.356598,-8.768164,-72.416100,55.682129,20.693535,-81.294136,66.586891,498.390839,-28.420439
1109,5.545000,44.499081,264.615112,-70.826752,266.496796,-209.342422,-72.623383,69.731552,-302.859467,-68.992714,-136.206024,-228.543518,-65.030464,-227.639801,-30.671267,-60.105438,-153.064453,173.214828,-61.838917,248.632675,189.020065,-73.204414,339.351654,-8.770684,-72.412437,55.694061,20.701359,-81.294167,66.592850,498.391357,-28.423634
1110,5.550000,44.502045,264.607086,-70.827637,266.497253,-209.345123,-72.625626,69.738045,-302.858459,-68.986069,-136.211868,-228.543610,-65.038239,-227.639069,-30.670898,-60.100739,-153.061996,173.210068,-61.845551,248.637985,189.017303,-73.207085,339.355438,-8.767448,-72.403503,55.677185,20.706684,-81.281830,66.590149,498.389862,-28.421000
1111,5.555000,44.501358,264.600800,-70.834709,266.499634,-209.352753,-72.631371,69.734879,-302.877838,-69.000252,-136.205933,-228.547012,-65.040909,-227.638580,-30.671253,-60.104969,-153.064438,173.215118,-61.847111,248.639221,189.018814,-73.208054,339.354309,-8.767653,-72.413490,55.684235,20.706676,-81.284019,66.589149,498.389343,-28.424604
1112,5.560000,44.494194,264.604462,-70.832779,266.494476,-209.347610,-72.630493,69.734596,-302.864380,-68.983665,-136.206345,-228.541641,-65.027313,-227.634293,-30.671570,-60.103237,-153.065369,173.210770,-61.841843,248.635391,189.020279,-73.203659,339.351410,-8.768243,-72.405533,55.685322,20.701120,-81.286530,66.588188,498.391571,-28.426151
1113,5.565000,44.496098,264.608887,-70.836464,266.498596,-209.340256,-72.613937,69.735390,-302.852478,-68.976547,-136.204422,-228.544907,-65.033455,-227.638367,-30.681013,-60.110367,-153.068771,173.215347,-61.838394,248.628555,189.019363,-73.212341,339.350922,-8.759495,-72.413803,55.683769,20.702925,-81.288818,66.586861,498.389435,-28.415829
1114,5.570000,44.496754,264.608856,-70.834724,266.499481,-209.337646,-72.622986,69.736923,-302.862610,-68.990417,-136.205627,-228.546448,-65.040977,-227.637665,-30.671814,-60.106808,-153.067902,173.215820,-61.844894,248.641266,189.024063,-73.217308,339.351013,-8.769709,-72.406349,55.682697,20.706450,-81.286118,66.591530,498.393951,-28.421896
1115,5.575000,44.496532,264.606232,-70.834381,266.490540,-209.334717,-72.618172,69.732559,-302.859619,-68.983551,-136.198395,-228.547974,-65.036140,-227.642319,-30.669418,-60.105167,-153.065323,173.220673,-61.841778,248.637085,189.020401,-73.209824,339.353516,-8.764611,-72.408051,55.684563,20.703674,-81.283836,66.586403,498.388428,-28.427940
1116,5.580000,44.495026,264.610260,-70.835075,266.497955,-209.336136,-72.623238,69.732491,-302.861084,-68.988426,-136.202774,-228.546524,-65.034248,-227.635559,-30.674416,-60.109470,-153.071381,173.217484,-61.839375,248.637222,189.018829,-73.213287,339.353149,-8.766083,-72.418816,55.686691,20.701328,-81.295410,66.594749,498.393555,-28.418348
1117,5.585000,44.496567,264.612183,-70.830704,266.494690,-209.338165,-72.626724,69.731071,-302.856506,-68.983986,-136.209122,-228.538742,-65.032524,-227.640335,-30.670307,-60.103970,-153.066483,173.217010,-61.850559,248.646469,189.022308,-73.220741,339.352661,-8.767436,-72.419807,55.676819,20.709949,-81.289124,66.586800,498.389404,-28.423515
1118,5.590000,44.495308,264.612274,-70.832413,266.495087,-209.339340,-72.624481,69.725716,-302.856659,-68.983543,-136.205383,-228.542145,-65.050774,-227.635208,-30.663519,-60.109127,-153.068314,173.223328,-61.845043,248.639465,189.021408,-73.211922,339.353088,-8.763878,-72.403488,55.684547,20.700851,-81.294380,66.589844,498.393799,-28.421732
1119,5.595000,44.494148,264.614502,-70.822197,266.493805,-209.338440,-72.637428,69.728065,-302.851410,-68.987938,-136.205994,-228.539047,-65.039536,-227.633804,-30.674585,-60.112858,-153.067413,173.223480,-61.844307,248.632904,189.025574,-73.213654,339.348724,-8.765781,-72.412483,55.688763,20.704798,-81.301208,66.591370,498.394073,-28.425707
1120,5.600000,44.494221,264.612579,-70.831406,266.493286,-209.338684,-72.625214,69.731705,-302.855652,-68.994568,-136.208771,-228.542496,-65.040657,-227.638596,-30.671997,-60.105892,-153.070099,173.217606,-61.844383,248.633041,189.022507,-73.214005,339.352936,-8.763143,-72.410507,55.683132,20.699560,-81.303146,66.588066,498.400757,-28.424265
1121,5.605000,44.489590,264.613129,-70.830666,266.498291,-209.338821,-72.634460,69.723671,-302.851837,-68.982605,-136.205200,-228.539780,-65.040367,-227.637436,-30.668905,-60.109081,-153.070740,173.217941,-61.855370,248.634445,189.022964,-73.212723,339.353668,-8.768181,-72.416916,55.684540,20.705227,-81.294159,66.588684,498.391357,-28.426365
1122,5.610000,44.492592,264.608795,-70.838234,266.502319,-209.342651,-72.639908,69.726761,-302.857178,-68.985451,-136.200775,-228.540726,-65.054359,-227.637039,-30.670469,-60.108295,-153.069473,173.220261,-61.841797,248.639923,189.026199,-73.218430,339.345856,-8.765995,-72.418633,55.687283,20.704069,-81.285873,66.588516,498.392548,-28.427595
1123,5.615000,44.492470,264.608032,-70.826691,266.497925,-209.339966,-72.635231,69.739182,-302.861938,-68.993759,-136.204102,-228.543121,-65.038300,-227.636841,-30.677191,-60.106998,-153.068344,173.220596,-61.844528,248.640610,189.016800,-73.216232,339.353424,-8.767303,-72.407104,55.685165,20.712633,-81.284676,66.587074,498.393188,-28.423401
1124,5.620000,44.500446,264.603821,-70.839378,266.499084,-209.348923,-72.632835,69.742470,-302.864899,-68.989746,-136.206421,-228.543503,-65.040932,-227.639053,-30.671926,-60.101341,-153.072083,173.216736,-61.851433,248.629303,189.024002,-73.214409,339.348969,-8.763136,-72.410507,55.680470,20.704010,-81.294189,66.591354,498.386841,-28.427483
1125,5.625000,44.495052,264.607880,-70.818657,266.497467,-209.346252,-72.629890,69.730370,-302.864349,-68.989868,-136.200836,-228.541061,-65.038811,-227.640488,-30.670406,-60.112377,-153.062149,173.216278,-61.851601,248.635605,189.019836,-73.211205,339.347015,-8.771577,-72.407921,55.688229,20.704586,-81.287170,66.590294,498.389435,-28.421503
1126,5.630000,44.497231,264.609314,-70.828560,266.494629,-209.342728,-72.628456,69.731094,-302.857819,-68.984360,-136.202377,-228.543060,-65.034996,-227.636322,-30.676435,-60.108677,-153.066711,173.217209,-61.850899,248.637375,189.019638,-73.203758,339.347260,-8.761186,-72.397003,55.682575,20.699881,-81.284668,66.590324,498.393036,-28.425480
1127,5.635000,44.498943,264.608337,-70.834366,266.494690,-209.335083,-72.612755,69.736244,-302.867889,-69.004593,-136.202179,-228.544266,-65.033386,-227.635284,-30.674177,-60.108925,-153.071228,173.216949,-61.840614,248.636154,189.029037,-73.208900,339.352051,-8.765686,-72.408058,55.690491,20.703529,-81.292931,66.591774,498.393585,-28.423624
1128,5.640000,44.492477,264.615204,-70.823349,266.494781,-209.339630,-72.623489,69.732155,-302.865967,-68.983734,-136.205521,-228.537338,-65.036652,-227.631577,-30.674093,-60.109901,-153.070343,173.218658,-61.834423,248.642838,189.020325,-73.219200,339.351990,-8.763264,-72.409927,55.680946,20.708019,-81.290520,66.587799,498.387634,-28.414747
1129,5.645000,44.497158,264.611633,-70.829498,266.493988,-209.340347,-72.612038,69.734413,-302.866486,-68.991043,-136.203384,-228.543839,-65.035355,-227.634552,-30.672285,-60.108299,-153.067978,173.216888,-61.835011,248.636154,189.017685,-73.218651,339.353729,-8.765653,-72.409279,55.685062,20.706192,-81.283203,66.592300,498.387238,-28.430389
1130,5.650000,44.495365,264.604340,-70.819435,266.491272,-209.335602,-72.611946,69.743767,-302.867340,-68.983582,-136.199829,-228.540298,-65.040855,-227.642365,-30.672108,-60.109222,-153.067490,173.218491,-61.831932,248.639435,189.014069,-73.219498,339.348999,-8.760789,-72.403976,55.687061,20.689838,-81.301918,66.587540,498.391724,-28.423090
1131,5.655000,44.497677,264.610779,-70.823669,266.486481,-209.342789,-72.613350,69.736282,-302.862885,-68.996208,-136.205841,-228.541016,-65.032715,-227.635818,-30.669018,-60.111660,-153.069214,173.217178,-61.839439,248.635544,189.023102,-73.217049,339.351440,-8.767754,-72.413544,55.673851,20.706755,-81.275734,66.586945,498.389679,-28.430557
1132,5.660000,44.495548,264.606689,-70.834366,266.497192,-209.338654,-72.618477,69.734154,-302.856323,-68.993439,-136.197174,-228.547714,-65.041466,-227.634232,-30.674122,-60.109257,-153.065414,173.215622,-61.841396,248.632111,189.018890,-73.205482,339.353577,-8.767852,-72.400871,55.675091,20.699194,-81.279678,66.592117,498.390076,-28.422647
1133,5.665000,44.499649,264.601410,-70.834808,266.499451,-209.338821,-72.623787,69.743027,-302.867371,-68.989204,-136.203751,-228.540176,-65.040962,-227.634674,-30.673264,-60.102043,-153.070114,173.211472,-61.843281,248.637192,189.018539,-73.208565,339.351990,-8.767008,-72.414948,55.672398,20.702091,-81.283272,66.587921,498.388885,-28.427887
1134,5.670000,44.490208,264.612000,-70.837563,266.499878,-209.335434,-72.620346,69.739166,-302.860992,-68.991264,-136.200287,-228.546692,-65.036972,-227.634720,-30.681240,-60.114754,-153.072159,173.214920,-61.848606,248.633789,189.022339,-73.211525,339.353271,-8.766361,-72.408104,55.677307,20.709064,-81.283417,66.589920,498.391876,-28.425997
1135,5.675000,44.490505,264.606659,-70.828712,266.495758,-209.340790,-72.621201,69.736465,-302.857544,-68.988701,-136.204651,-228.546707,-65.034706,-227.640900,-30.674446,-60.113979,-153.070358,173.214417,-61.843338,248.641312,189.020355,-73.215370,339.349884,-8.771608,-72.399307,55.684475,20.701031,-81.284889,66.587875,498.389954,-28.421196
1136,5.680000,44.493984,264.604889,-70.832489,266.496796,-209.339188,-72.623672,69.740562,-302.863922,-68.997963,-136.202209,-228.540344,-65.037758,-227.631638,-30.668777,-60.113758,-153.071182,173.215195,-61.842793,248.637100,189.018845,-73.221130,339.349884,-8.766715,-72.414207,55.673656,20.704643,-81.282951,66.586700,498.387543,-28.431782
1137,5.685000,44.501385,264.609863,-70.833763,266.495636,-209.336594,-72.626328,69.741035,-302.856506,-68.992676,-136.211243,-228.546417,-65.036064,-227.637833,-30.672413,-60.109135,-153.070557,173.214142,-61.855770,248.636734,189.018112,-73.212196,339.338562,-8.763331,-72.396286,55.680653,20.709671,-81.293449,66.590012,498.390747,-28.426603
1138,5.690000,44.496296,264.612274,-70.825829,266.492004,-209.342041,-72.625259,69.738419,-302.862732,-69.002876,-136.207611,-228.539185,-65.034691,-227.637558,-30.670252,-60.110790,-153.064423,173.216995,-61.848541,248.638016,189.028381,-73.208275,339.352570,-8.774198,-72.411255,55.678925,20.710119,-81.283920,66.593498,498.394745,-28.431244
1139,5.695000,44.500851,264.612793,-70.830223,266.492859,-209.342682,-72.625900,69.738190,-302.854279,-68.988960,-136.208725,-228.545731,-65.041718,-227.635666,-30.669615,-60.114338,-153.071335,173.219223,-61.845612,248.635834,189.016815,-73.212852,339.345947,-8.764400,-72.403358,55.683628,20.706234,-81.281227,66.584412,498.395355,-28.419306
1140,5.700000,44.495174,264.612610,-70.826096,266.499542,-209.337357,-72.630310,69.742317,-302.863770,-69.005081,-136.200348,-228.542542,-65.036133,-227.635498,-30.671667,-60.114849,-153.069183,173.223938,-61.846653,248.636917,189.027512,-73.215408,339.351318,-8.759447,-72.416550,55.679890,20.703722,-81.284767,66.596146,498.396179,-28.420420
1141,5.705000,44.492302,264.610291,-70.835869,266.498352,-209.338898,-72.627510,69.727112,-302.859253,-68.986725,-136.204056,-228.538681,-65.043282,-227.637909,-30.670527,-60.111797,-153.069748,173.220795,-61.837399,248.648438,189.031418,-73.219276,339.354401,-8.755212,-72.409904,55.673229,20.714981,-81.279213,66.593590,498.393524,-28.428595
1142,5.710000,44.490044,264.613190,-70.831421,266.492188,-209.335648,-72.620880,69.734825,-302.862885,-68.998169,-136.200912,-228.537949,-65.050980,-227.636658,-30.674191,-60.113209,-153.068970,173.218445,-61.834209,248.636154,189.023956,-73.206207,339.349152,-8.760676,-72.411835,55.676735,20.715519,-81.281219,66.591362,498.393616,-28.424751
1143,5.715000,44.491436,264.608917,-70.831055,266.497955,-209.336197,-72.623169,69.740273,-302.863373,-68.990189,-136.205414,-228.543594,-65.038101,-227.636566,-30.669012,-60.114689,-153.066879,173.218140,-61.852444,248.639328,189.021744,-73.221581,339.353577,-8.760006,-72.404602,55.680321,20.706367,-81.277023,66.589630,498.394226,-28.421017
1144,5.720000,44.494869,264.606781,-70.829147,266.495911,-209.339615,-72.620941,69.738014,-302.865692,-68.996147,-136.203751,-228.537277,-65.036087,-227.635269,-30.671951,-60.108746,-153.069504,173.215012,-61.844204,248.641647,189.028091,-73.210724,339.346130,-8.767184,-72.408463,55.688622,20.704285,-81.287407,66.587669,498.392029,-28.427822
1145,5.725000,44.493900,264.606934,-70.833069,266.492188,-209.343842,-72.615746,69.737411,-302.858307,-68.997215,-136.200302,-228.536270,-65.032494,-227.632935,-30.668564,-60.110817,-153.066559,173.220642,-61.845596,248.636856,189.023926,-73.220428,339.349915,-8.763715,-72.408371,55.685413,20.704342,-81.297798,66.586678,498.391327,-28.419725
1146,5.730000,44.496922,264.606323,-70.828346,266.493561,-209.340500,-72.620270,69.735840,-302.858887,-68.991493,-136.200424,-228.546234,-65.036644,-227.636383,-30.673973,-60.103157,-153.069901,173.215073,-61.861946,248.636475,189.019897,-73.209137,339.347626,-8.765165,-72.410240,55.684731,20.707420,-81.289124,66.589928,498.388947,-28.429045
1147,5.735000,44.496857,264.597229,-70.841629,266.495911,-209.343216,-72.621162,69.740669,-302.861969,-68.994843,-136.197311,-228.542191,-65.035324,-227.642838,-30.664473,-60.105633,-153.066910,173.217316,-61.848328,248.638672,189.018280,-73.221489,339.352081,-8.768135,-72.406502,55.677555,20.717627,-81.278992,66.588333,498.388184,-28.421700
1148,5.740000,44.490711,264.603363,-70.824028,266.495483,-209.337708,-72.615204,69.746681,-302.866028,-68.992111,-136.200668,-228.548523,-65.044579,-227.632980,-30.671080,-60.099499,-153.070374,173.213470,-61.841400,248.633911,189.019623,-73.206680,339.349396,-8.762633,-72.404793,55.679008,20.708027,-81.285919,66.591476,498.389008,-28.429329
1149,5.745000,44.491791,264.603363,-70.825066,266.495605,-209.340408,-72.612892,69.736603,-302.867828,-68.989159,-136.199783,-228.550323,-65.037636,-227.639160,-30.676641,-60.109177,-153.070099,173.210129,-61.850002,248.633606,189.017731,-73.205910,339.348114,-8.767124,-72.400307,55.688000,20.699327,-81.294952,66.589035,498.388123,-28.423832
1150,5.750000,44.491688,264.609863,-70.832245,266.498993,-209.342102,-72.619156,69.731300,-302.857849,-68.989433,-136.201065,-228.544876,-65.037216,-227.638046,-30.673414,-60.107723,-153.064072,173.219193,-61.846355,248.634933,189.019470,-73.200577,339.348236,-8.766085,-72.416794,55.679451,20.701502,-81.284569,66.590935,498.389801,-28.427750
1151,5.755000,44.498280,264.608459,-70.833046,266.495239,-209.337738,-72.613312,69.749840,-302.869873,-69.003677,-136.206665,-228.543274,-65.028954,-227.634796,-30.670889,-60.101273,-153.066574,173.210663,-61.851555,248.632111,189.017609,-73.213287,339.346191,-8.764240,-72.404488,55.682667,20.703337,-81.287987,66.588066,498.391113,-28.431751
1152,5.760000,44.497280,264.608398,-70.833275,266.496643,-209.343216,-72.636421,69.739784,-302.863983,-69.000359,-136.204712,-228.545456,-65.042641,-227.634323,-30.671289,-60.106461,-153.061737,173.215912,-61.841282,248.636551,189.018723,-73.205177,339.354095,-8.766605,-72.408287,55.693111,20.703617,-81.292824,66.581940,498.390839,-28.421860
1153,5.765000,44.498833,264.614929,-70.827415,266.493408,-209.335358,-72.623268,69.735031,-302.863220,-68.991638,-136.208389,-228.543671,-65.040573,-227.632538,-30.673639,-60.105900,-153.065918,173.220856,-61.843395,248.636673,189.018555,-73.217346,339.347198,-8.768300,-72.406281,55.678616,20.707495,-81.290031,66.586365,498.385223,-28.419571
1154,5.770000,44.494995,264.607483,-70.834328,266.494904,-209.336517,-72.620399,69.741173,-302.863586,-68.994789,-136.208069,-228.539658,-65.037117,-227.639786,-30.668993,-60.113468,-153.067673,173.224380,-61.843006,248.638214,189.018555,-73.199982,339.352661,-8.761355,-72.406151,55.685829,20.709555,-81.285629,66.587608,498.392883,-28.412178
1155,5.775000,44.495403,264.607880,-70.828964,266.495911,-209.333832,-72.612045,69.730141,-302.853271,-68.986595,-136.204514,-228.543015,-65.043465,-227.640671,-30.670301,-60.107819,-153.064102,173.225830,-61.844482,248.632523,189.029541,-73.206985,339.342377,-8.760666,-72.408783,55.683048,20.704489,-81.292160,66.586609,498.391022,-28.415051
1156,5.780000,44.488899,264.608490,-70.831657,266.503387,-209.336548,-72.620903,69.739281,-302.860077,-68.997810,-136.202072,-228.542831,-65.040962,-227.634323,-30.669783,-60.109062,-153.067429,173.214554,-61.850979,248.633011,189.021088,-73.214355,339.346802,-8.760857,-72.414490,55.685188,20.706621,-81.294205,66.582703,498.391937,-28.423910
1157,5.785000,44.494232,264.608490,-70.834518,266.495819,-209.336304,-72.627907,69.738480,-302.858765,-68.989677,-136.201416,-228.541931,-65.035568,-227.635269,-30.670942,-60.112568,-153.069046,173.220932,-61.847588,248.632828,189.028473,-73.212013,339.342712,-8.761279,-72.398361,55.678898,20.695772,-81.298500,66.587814,498.391357,-28.422649
1158,5.790000,44.495689,264.607941,-70.835693,266.495605,-209.337280,-72.631104,69.735565,-302.855042,-68.991920,-136.206726,-228.546463,-65.043289,-227.640457,-30.670441,-60.111259,-153.069977,173.220306,-61.842979,248.634995,189.025101,-73.208923,339.346924,-8.766016,-72.411049,55.686981,20.706837,-81.293793,66.587784,498.390778,-28.431198
1159,5.795000,44.494320,264.604156,-70.839523,266.500916,-209.337814,-72.621521,69.740135,-302.864563,-69.000977,-136.209015,-228.540970,-65.035675,-227.633377,-30.670645,-60.113983,-153.066711,173.220520,-61.851624,248.640579,189.018585,-73.222733,339.351807,-8.763174,-72.414948,55.678112,20.710939,-81.291000,66.587234,498.395203,-28.428474
1160,5.800000,44.498138,264.608307,-70.832764,266.495331,-209.336899,-72.633064,69.731018,-302.856262,-68.985649,-136.203247,-228.541550,-65.042633,-227.639557,-30.672220,-60.112122,-153.068344,173.214310,-61.851669,248.639572,189.027557,-73.218636,339.351257,-8.770183,-72.419914,55.683720,20.708830,-81.286247,66.589600,498.391327,-28.424814
1161,5.805000,44.493240,264.608002,-70.830055,266.497681,-209.341766,-72.634392,69.738037,-302.852386,-68.986168,-136.204636,-228.541641,-65.038834,-227.642975,-30.667742,-60.102295,-153.067719,173.219009,-61.848530,248.642181,189.023270,-73.213921,339.346924,-8.766623,-72.411652,55.682590,20.700705,-81.293694,66.585281,498.390564,-28.429329
1162,5.810000,44.495090,264.607361,-70.839203,266.494904,-209.339874,-72.621132,69.736519,-302.860107,-68.993042,-136.203659,-228.543900,-65.038490,-227.636215,-30.670967,-60.112640,-153.068619,173.215942,-61.849487,248.634857,189.023224,-73.202766,339.350342,-8.764820,-72.403748,55.685539,20.702419,-81.291901,66.585876,498.388763,-28.426655
1163,5.815000,44.490257,264.607727,-70.827415,266.497894,-209.343063,-72.620346,69.736885,-302.851288,-68.989357,-136.203430,-228.545303,-65.042099,-227.639999,-30.676161,-60.106754,-153.063538,173.219055,-61.842659,248.641937,189.022903,-73.216751,339.350922,-8.764862,-72.403587,55.681686,20.710056,-81.298454,66.592506,498.393311,-28.428379
1164,5.820000,44.489807,264.613312,-70.832695,266.496399,-209.338425,-72.628326,69.740227,-302.861176,-68.988136,-136.201141,-228.538956,-65.035393,-227.636810,-30.671225,-60.112682,-153.062531,173.216949,-61.847763,248.636307,189.020630,-73.217079,339.348145,-8.762111,-72.398163,55.678135,20.705406,-81.289368,66.586151,498.389099,-28.419806
1165,5.825000,44.493279,264.605774,-70.828369,266.494232,-209.328613,-72.615341,69.745064,-302.871246,-69.001015,-136.202377,-228.544083,-65.035423,-227.638840,-30.673058,-60.104836,-153.064117,173.218628,-61.846252,248.632614,189.018463,-73.213287,339.351501,-8.767442,-72.408562,55.686508,20.698030,-81.291512,66.582237,498.388123,-28.419935
1166,5.830000,44.497093,264.607483,-70.821465,266.493195,-209.335251,-72.610374,69.736877,-302.860870,-68.980560,-136.206757,-228.541855,-65.040970,-227.637589,-30.666012,-60.111919,-153.062576,173.215714,-61.841911,248.637222,189.027023,-73.207512,339.349945,-8.769528,-72.413910,55.681339,20.706278,-81.283806,66.589851,498.386414,-28.419718
1167,5.835000,44.496613,264.609528,-70.829056,266.500488,-209.338272,-72.634697,69.743408,-302.862976,-68.991333,-136.206985,-228.543655,-65.033813,-227.636444,-30.666925,-60.107265,-153.068695,173.214203,-61.842590,248.639069,189.024094,-73.204269,339.345581,-8.765185,-72.410934,55.676250,20.699818,-81.279694,66.591515,498.393005,-28.429497
1168,5.840000,44.501293,264.613159,-70.832901,266.502106,-209.338364,-72.629082,69.738899,-302.858673,-68.987885,-136.201233,-228.540100,-65.036156,-227.638046,-30.674162,-60.109180,-153.066635,173.220963,-61.839714,248.638550,189.017731,-73.205490,339.349426,-8.763237,-72.411232,55.690758,20.702402,-81.290100,66.589409,498.393097,-28.419889
1169,5.845000,44.494461,264.602020,-70.824852,266.492493,-209.340942,-72.608940,69.737137,-302.865601,-68.990829,-136.198227,-228.542023,-65.030632,-227.634918,-30.675972,-60.103161,-153.061584,173.217560,-61.841698,248.634827,189.021957,-73.213203,339.355225,-8.766100,-72.407883,55.689552,20.705086,-81.291496,66.584999,498.389496,-28.417059
1170,5.850000,44.491009,264.606140,-70.830284,266.496368,-209.343307,-72.617661,69.736351,-302.861877,-68.990082,-136.198624,-228.547333,-65.042786,-227.635895,-30.676580,-60.109283,-153.064194,173.210022,-61.851402,248.635818,189.020920,-73.220474,339.352539,-8.768672,-72.410011,55.685539,20.706324,-81.288353,66.587151,498.384460,-28.427034
1171,5.855000,44.491150,264.609070,-70.827515,266.501404,-209.340515,-72.627106,69.740311,-302.865112,-68.995636,-136.202011,-228.543808,-65.032921,-227.634964,-30.673281,-60.102600,-153.068542,173.214844,-61.844135,248.634308,189.021790,-73.208916,339.349915,-8.765738,-72.412987,55.680145,20.702797,-81.295448,66.588860,498.394135,-28.424726
1172,5.860000,44.496586,264.605927,-70.827530,266.496216,-209.335098,-72.617805,69.733482,-302.860504,-68.981728,-136.202835,-228.547104,-65.043304,-227.636017,-30.675665,-60.113247,-153.066940,173.218719,-61.851276,248.634842,189.022339,-73.202896,339.353424,-8.766821,-72.414680,55.684658,20.707195,-81.290749,66.590263,498.388367,-28.434450
1173,5.865000,44.501541,264.606384,-70.843002,266.498230,-209.337936,-72.623734,69.742729,-302.873993,-69.002907,-136.199554,-228.544601,-65.038361,-227.636673,-30.675581,-60.105900,-153.066376,173.218185,-61.852997,248.638016,189.019547,-73.205070,339.355347,-8.775963,-72.415253,55.683559,20.712414,-81.270180,66.585930,498.391968,-28.418123
1174,5.870000,44.499947,264.609344,-70.831154,266.499603,-209.338974,-72.630409,69.734268,-302.865356,-69.000366,-136.204010,-228.547455,-65.038002,-227.636841,-30.668737,-60.108849,-153.063950,173.220139,-61.845081,248.634659,189.018509,-73.217651,339.350555,-8.767517,-72.408478,55.684906,20.701523,-81.289124,66.587975,498.385834,-28.424402
1175,5.875000,44.499146,264.613037,-70.830612,266.497040,-209.337967,-72.627861,69.730919,-302.858765,-68.985008,-136.207245,-228.543625,-65.034401,-227.638870,-30.673239,-60.103973,-153.060760,173.223755,-61.851768,248.639877,189.021179,-73.220161,339.347931,-8.763532,-72.411255,55.686306,20.700739,-81.294106,66.585602,498.391754,-28.428030
1176,5.880000,44.495304,264.611694,-70.827286,266.496033,-209.334732,-72.628685,69.732658,-302.858734,-68.992455,-136.203293,-228.542450,-65.041733,-227.636337,-30.671867,-60.114334,-153.069016,173.220642,-61.855183,248.640030,189.028809,-73.217812,339.352173,-8.764276,-72.415306,55.680477,20.711304,-81.295158,66.587296,498.393158,-28.416899
1177,5.885000,44.495117,264.610474,-70.837502,266.496185,-209.329163,-72.620110,69.735756,-302.849854,-68.988770,-136.203369,-228.537643,-65.025246,-227.640503,-30.669186,-60.104290,-153.068863,173.219925,-61.849010,248.631348,189.020325,-73.203468,339.351624,-8.763632,-72.407028,55.688698,20.705162,-81.291504,66.587906,498.398804,-28.423416
1178,5.890000,44.495834,264.611816,-70.827003,266.504578,-209.332764,-72.626312,69.743469,-302.853546,-68.989296,-136.205444,-228.536957,-65.035301,-227.639832,-30.671062,-60.108372,-153.062531,173.218399,-61.849621,248.635635,189.022858,-73.200066,339.346558,-8.763389,-72.405090,55.687176,20.700253,-81.294174,66.587074,498.391754,-28.416937
1179,5.895000,44.495373,264.611664,-70.827377,266.497498,-209.334213,-72.616478,69.739380,-302.862793,-68.987465,-136.205917,-228.542114,-65.040123,-227.635803,-30.668140,-60.104927,-153.068802,173.225220,-61.843952,248.635406,189.023773,-73.206284,339.351868,-8.756207,-72.407455,55.678486,20.711632,-81.286659,66.586693,498.387634,-28.417849
1180,5.900000,44.497612,264.609131,-70.835976,266.490997,-209.338531,-72.632111,69.737473,-302.861206,-68.993599,-136.208649,-228.547226,-65.038200,-227.640305,-30.668341,-60.108692,-153.065506,173.220734,-61.843288,248.635590,189.025406,-73.205627,339.356934,-8.764711,-72.415695,55.688171,20.706730,-81.290916,66.590370,498.389893,-28.429085
1181,5.905000,44.494808,264.613220,-70.835228,266.495392,-209.338226,-72.634567,69.731697,-302.861755,-68.988014,-136.203369,-228.540436,-65.043526,-227.640579,-30.668657,-60.110668,-153.063095,173.224030,-61.849953,248.639008,189.025467,-73.215202,339.354858,-8.765094,-72.409370,55.678909,20.715172,-81.286682,66.586494,498.389587,-28.426542
1182,5.910000,44.502296,264.612396,-70.831406,266.499359,-209.342545,-72.621521,69.741409,-302.863129,-68.993317,-136.204498,-228.547195,-65.033493,-227.639114,-30.672686,-60.107712,-153.063919,173.217606,-61.838642,248.632019,189.021332,-73.205017,339.353546,-8.769026,-72.407188,55.680893,20.705513,-81.283539,66.584908,498.386292,-28.430019
1183,5.915000,44.497169,264.608246,-70.833008,266.497345,-209.341949,-72.616768,69.735054,-302.862274,-68.989418,-136.197678,-228.547470,-65.032928,-227.629868,-30.670122,-60.106750,-153.067780,173.213654,-61.845280,248.639175,189.011719,-73.212250,339.350677,-8.768873,-72.401512,55.683815,20.707375,-81.285286,66.585388,498.386505,-28.423143
1184,5.920000,44.495953,264.607971,-70.836708,266.494751,-209.342255,-72.623901,69.743950,-302.868774,-68.997108,-136.205170,-228.542740,-65.032196,-227.637222,-30.668827,-60.110477,-153.067825,173.213867,-61.842533,248.634018,189.019165,-73.207413,339.351624,-8.761560,-72.404762,55.685062,20.714525,-81.290359,66.588768,498.390442,-28.416729
1185,5.925000,44.493374,264.607391,-70.828682,266.498199,-209.339966,-72.618591,69.741272,-302.863708,-68.997223,-136.204803,-228.548798,-65.037903,-227.636948,-30.676775,-60.115959,-153.069336,173.210999,-61.855270,248.634552,189.019806,-73.217056,339.348572,-8.764048,-72.408012,55.688637,20.702261,-81.292305,66.587982,498.383636,-28.418571
1186,5.930000,44.494568,264.610535,-70.834221,266.498077,-209.344055,-72.625221,69.735641,-302.857422,-68.989220,-136.206268,-228.548447,-65.043503,-227.633606,-30.670027,-60.106033,-153.065567,173.217072,-61.840656,248.645370,189.022141,-73.210152,339.351959,-8.761773,-72.405235,55.691696,20.704975,-81.292725,66.586479,498.382172,-28.431253
1187,5.935000,44.497368,264.604858,-70.826729,266.503998,-209.343124,-72.629944,69.744469,-302.861725,-68.999321,-136.198334,-228.546585,-65.038239,-227.638168,-30.667904,-60.109707,-153.064957,173.218063,-61.836689,248.640381,189.019623,-73.208832,339.350159,-8.765730,-72.405510,55.684906,20.705902,-81.283409,66.589058,498.386749,-28.429241
1188,5.940000,44.492870,264.610779,-70.823944,266.497986,-209.342773,-72.614738,69.730515,-302.851898,-68.983749,-136.201523,-228.543488,-65.041031,-227.636871,-30.669912,-60.107033,-153.067596,173.220840,-61.838879,248.635284,189.022354,-73.202217,339.346161,-8.770158,-72.408493,55.684978,20.701866,-81.295990,66.590393,498.387726,-28.418961
1189,5.945000,44.495716,264.604065,-70.830109,266.501373,-209.341858,-72.631294,69.735901,-302.867462,-68.991180,-136.202942,-228.541290,-65.042137,-227.639526,-30.663866,-60.112350,-153.062515,173.221069,-61.837414,248.637909,189.022842,-73.211548,339.350861,-8.760872,-72.405777,55.694118,20.703560,-81.300362,66.583748,498.390045,-28.416464
1190,5.950000,44.496490,264.610657,-70.834564,266.499176,-209.336731,-72.620018,69.743851,-302.864136,-68.994392,-136.201065,-228.540939,-65.037811,-227.640991,-30.670811,-60.111889,-153.068466,173.219498,-61.846813,248.637619,189.024109,-73.217018,339.347961,-8.766095,-72.406616,55.685513,20.701649,-81.302414,66.588730,498.385681,-28.430786
1191,5.955000,44.500076,264.615082,-70.827583,266.501068,-209.338120,-72.633331,69.737518,-302.860199,-68.989441,-136.199936,-228.543381,-65.043205,-227.633667,-30.667702,-60.104580,-153.072617,173.215622,-61.834061,248.636276,189.021072,-73.202507,339.345581,-8.766354,-72.400581,55.684772,20.702885,-81.294098,66.589462,498.388214,-28.422123
1192,5.960000,44.495789,264.610291,-70.838470,266.498566,-209.335159,-72.626976,69.746056,-302.865509,-68.992958,-136.203613,-228.540848,-65.044250,-227.638718,-30.670929,-60.095291,-153.069962,173.221909,-61.845757,248.642395,189.027161,-73.212807,339.346588,-8.767418,-72.396729,55.687695,20.699594,-81.297302,66.589188,498.394287,-28.429594
1193,5.965000,44.498482,264.605408,-70.827599,266.498505,-209.343445,-72.626846,69.739662,-302.861664,-68.996552,-136.201263,-228.542130,-65.044807,-227.634903,-30.670719,-60.108650,-153.070145,173.215759,-61.843521,248.639450,189.024643,-73.208328,339.352722,-8.763955,-72.414871,55.685150,20.709307,-81.292137,66.587364,498.388367,-28.419632
1194,5.970000,44.496735,264.609833,-70.832230,266.501984,-209.339203,-72.635895,69.735321,-302.862427,-68.986237,-136.208191,-228.543945,-65.036613,-227.639786,-30.667107,-60.101040,-153.071259,173.221375,-61.849854,248.643158,189.020935,-73.219261,339.351257,-8.763410,-72.412170,55.690662,20.701641,-81.295486,66.586609,498.391693,-28.426834
1195,5.975000,44.498669,264.608154,-70.835091,266.499634,-209.341766,-72.629852,69.732315,-302.858734,-68.993454,-136.204865,-228.543076,-65.039513,-227.637009,-30.671972,-60.109943,-153.063477,173.219131,-61.852825,248.641098,189.022995,-73.218063,339.348633,-8.761909,-72.412666,55.690674,20.707283,-81.295128,66.592339,498.388733,-28.427738
1196,5.980000,44.499634,264.607025,-70.836525,266.491211,-209.335800,-72.612839,69.734863,-302.860474,-68.993996,-136.201538,-228.540939,-65.036613,-227.638779,-30.672510,-60.112396,-153.068497,173.221268,-61.852283,248.635193,189.021103,-73.206543,339.344238,-8.761647,-72.413155,55.685402,20.702845,-81.291626,66.589447,498.389557,-28.422588
1197,5.985000,44.493870,264.605377,-70.836044,266.498657,-209.332596,-72.611618,69.735573,-302.860291,-68.991692,-136.202469,-228.546616,-65.040863,-227.639359,-30.674124,-60.103725,-153.069427,173.215820,-61.842281,248.637344,189.023758,-73.216789,339.351379,-8.767084,-72.405594,55.689327,20.705585,-81.295662,66.583351,498.389069,-28.422007
1198,5.990000,44.499916,264.605957,-70.835861,266.498901,-209.338470,-72.621117,69.726784,-302.851746,-68.982040,-136.210449,-228.548370,-65.038765,-227.635834,-30.675358,-60.111588,-153.062866,173.221344,-61.844341,248.637741,189.016144,-73.224716,339.357452,-8.771150,-72.424202,55.683819,20.706303,-81.286461,66.587509,498.390961,-28.427843
1199,5.995000,44.496761,264.612457,-70.837669,266.497986,-209.336761,-72.622551,69.740891,-302.856964,-68.985725,-136.203339,-228.540588,-65.039330,-227.637939,-30.669443,-60.114216,-153.069809,173.217865,-61.845943,248.641983,189.026443,-73.214920,339.351776,-8.763759,-72.408592,55.684341,20.710121,-81.280457,66.587624,498.393555,-28.424166
1200,6.000000,44.494316,264.610107,-70.830940,266.498169,-209.326004,-72.617416,69.738411,-302.862518,-68.990654,-136.199249,-228.541779,-65.043640,-227.636093,-30.671671,-60.110733,-153.068695,173.212265,-61.847843,248.642349,189.018204,-73.215668,339.346771,-8.762856,-72.406616,55.686714,20.705379,-81.290558,66.588020,498.389587,-28.422659
1201,6.005000,44.499069,264.608246,-70.844864,266.497345,-209.337067,-72.623856,69.741341,-302.859802,-68.992081,-136.205994,-228.542023,-65.036751,-227.637314,-30.667751,-60.100964,-153.064545,173.220688,-61.849152,248.632034,189.018295,-73.209412,339.355286,-8.766647,-72.403687,55.685600,20.708948,-81.288239,66.588615,498.390259,-28.428158
1202,6.010000,44.503979,264.609009,-70.837814,266.496002,-209.336090,-72.617714,69.736137,-302.860901,-68.988960,-136.204117,-228.543518,-65.035629,-227.637863,-30.666843,-60.106956,-153.068390,173.221329,-61.840359,248.642334,189.019730,-73.219078,339.355499,-8.766166,-72.410759,55.687984,20.707703,-81.300568,66.589432,498.388855,-28.425631
1203,6.015000,44.491848,264.612244,-70.830231,266.501434,-209.335052,-72.631271,69.739632,-302.854767,-68.995628,-136.200912,-228.543610,-65.038254,-227.633652,-30.665663,-60.099106,-153.067978,173.217880,-61.845200,248.636353,189.019424,-73.218285,339.345337,-8.766734,-72.395493,55.681313,20.702730,-81.287811,66.589386,498.388245,-28.419216
1204,6.020000,44.496998,264.608154,-70.826233,266.494385,-209.338974,-72.618797,69.744240,-302.863983,-68.992744,-136.200546,-228.540741,-65.037270,-227.635971,-30.668123,-60.106064,-153.067047,173.218460,-61.843918,248.635757,189.021500,-73.215652,339.355804,-8.764432,-72.409393,55.675144,20.708769,-81.282578,66.590599,498.386627,-28.431597
1205,6.025000,44.493233,264.612610,-70.819687,266.499664,-209.339005,-72.621567,69.742012,-302.862732,-68.996574,-136.202255,-228.544846,-65.043121,-227.635513,-30.672443,-60.105160,-153.066757,173.218307,-61.847031,248.644058,189.028091,-73.210732,339.351898,-8.764497,-72.401680,55.683979,20.705431,-81.287003,66.585381,498.386200,-28.423033
1206,6.030000,44.495392,264.607452,-70.836601,266.498505,-209.344437,-72.622627,69.739548,-302.859131,-68.991920,-136.201492,-228.546448,-65.042313,-227.637970,-30.673557,-60.107323,-153.068405,173.217697,-61.846416,248.637878,189.022400,-73.209793,339.354248,-8.764914,-72.403564,55.689049,20.700144,-81.290421,66.584175,498.387421,-28.420183
1207,6.035000,44.496609,264.605652,-70.829025,266.497284,-209.339203,-72.613342,69.738609,-302.870819,-68.990807,-136.199402,-228.547577,-65.038300,-227.638107,-30.671995,-60.115719,-153.069199,173.215561,-61.841541,248.638733,189.022736,-73.202911,339.355438,-8.769378,-72.410576,55.684582,20.703773,-81.287743,66.587494,498.388977,-28.423111
1208,6.040000,44.498344,264.602448,-70.839241,266.500336,-209.343307,-72.623344,69.736824,-302.860901,-68.992859,-136.200165,-228.547806,-65.038666,-227.637848,-30.676676,-60.105919,-153.064606,173.213852,-61.844215,248.641296,189.024216,-73.219986,339.348480,-8.765878,-72.402283,55.685360,20.711067,-81.292549,66.590195,498.389862,-28.428156
1209,6.045000,44.498394,264.607391,-70.826874,266.504791,-209.345398,-72.620277,69.739914,-302.867432,-68.989555,-136.203918,-228.540512,-65.033279,-227.638535,-30.669455,-60.110226,-153.065430,173.220596,-61.845688,248.641724,189.024002,-73.210754,339.353271,-8.764390,-72.410683,55.691830,20.703053,-81.297791,66.590195,498.386902,-28.423134
1210,6.050000,44.502937,264.606323,-70.836044,266.500580,-209.340378,-72.623909,69.731682,-302.857544,-68.987190,-136.199844,-228.542328,-65.036552,-227.636017,-30.671305,-60.108490,-153.060684,173.213684,-61.846561,248.645142,189.018967,-73.217461,339.350677,-8.768841,-72.412552,55.685707,20.705547,-81.294975,66.591476,498.386261,-28.434317
1211,6.055000,44.497204,264.605316,-70.830734,266.495575,-209.339935,-72.620316,69.736534,-302.859741,-68.995132,-136.207382,-228.540344,-65.039528,-227.636566,-30.662857,-60.113846,-153.064529,173.215240,-61.837936,248.635284,189.025711,-73.208473,339.351166,-8.762000,-72.407753,55.690567,20.707336,-81.295250,66.588089,498.391235,-28.423628
1212,6.060000,44.500523,264.609192,-70.829559,266.505615,-209.338547,-72.631653,69.736038,-302.859497,-68.996803,-136.198715,-228.541977,-65.038452,-227.636581,-30.673306,-60.106709,-153.071716,173.217606,-61.845482,248.637772,189.026855,-73.200897,339.349945,-8.762618,-72.406654,55.679420,20.712345,-81.289230,66.586891,498.388367,-28.426575
1213,6.065000,44.500328,264.613129,-70.834724,266.497314,-209.338058,-72.631607,69.734512,-302.856201,-68.990410,-136.204910,-228.541473,-65.041435,-227.634308,-30.667501,-60.108273,-153.061325,173.221161,-61.851368,248.631546,189.021561,-73.214043,339.347656,-8.770299,-72.411720,55.683926,20.706657,-81.286301,66.585564,498.393005,-28.434004
1214,6.070000,44.491371,264.613190,-70.834511,266.495880,-209.329514,-72.615257,69.736252,-302.859314,-68.989723,-136.201370,-228.543411,-65.035538,-227.638794,-30.668463,-60.103283,-153.070984,173.224716,-61.848972,248.638794,189.027344,-73.216789,339.348450,-8.760879,-72.406891,55.678188,20.705467,-81.283707,66.588928,498.390839,-28.427570
1215,6.075000,44.500736,264.615021,-70.825073,266.495911,-209.333313,-72.624176,69.742577,-302.858459,-68.996208,-136.204880,-228.542450,-65.049065,-227.642471,-30.667706,-60.099667,-153.063202,173.223572,-61.848206,248.637634,189.019165,-73.209190,339.351166,-8.763031,-72.411934,55.689526,20.705349,-81.292534,66.591957,498.392273,-28.430544
1216,6.080000,44.496895,264.605377,-70.827232,266.501556,-209.335571,-72.624252,69.739349,-302.860718,-68.985870,-136.207703,-228.537460,-65.032570,-227.638168,-30.665516,-60.106800,-153.067154,173.220764,-61.848507,248.636902,189.019669,-73.211792,339.355957,-8.768707,-72.415375,55.693920,20.710918,-81.293396,66.590691,498.391022,-28.423727
1217,6.085000,44.492947,264.610168,-70.843605,266.500702,-209.332214,-72.618332,69.735489,-302.856598,-68.993866,-136.200790,-228.539841,-65.036110,-227.635208,-30.671288,-60.110466,-153.068512,173.224197,-61.851608,248.642273,189.022293,-73.212822,339.349426,-8.764526,-72.404167,55.689056,20.708864,-81.293243,66.587181,498.393707,-28.436592
1218,6.090000,44.491966,264.604279,-70.828400,266.494843,-209.335373,-72.617363,69.740616,-302.864899,-68.994942,-136.206955,-228.540970,-65.037399,-227.637192,-30.672129,-60.112732,-153.066315,173.220840,-61.846069,248.641327,189.025391,-73.225449,339.352051,-8.767768,-72.421249,55.681705,20.714767,-81.284874,66.587753,498.391327,-28.424402
1219,6.095000,44.495113,264.609650,-70.824142,266.499756,-209.337692,-72.636551,69.737366,-302.862305,-69.000191,-136.200027,-228.543411,-65.042488,-227.632446,-30.673349,-60.107723,-153.068268,173.221954,-61.836063,248.636246,189.023544,-73.218193,339.354126,-8.766191,-72.409393,55.688206,20.708323,-81.289215,66.591820,498.391266,-28.427773
1220,6.100000,44.497425,264.606903,-70.834557,266.501221,-209.340668,-72.618423,69.735695,-302.867737,-68.994820,-136.204956,-228.545624,-65.041183,-227.634644,-30.671814,-60.104855,-153.066116,173.218735,-61.844994,248.637070,189.028412,-73.208160,339.351868,-8.765271,-72.410744,55.697144,20.704229,-81.295494,66.586746,498.388885,-28.425476
1221,6.105000,44.496109,264.607605,-70.832413,266.503174,-209.343948,-72.633141,69.735687,-302.869049,-68.997200,-136.204529,-228.550598,-65.045021,-227.640472,-30.675344,-60.107105,-153.067505,173.216919,-61.838932,248.632889,189.016174,-73.211647,339.348083,-8.762679,-72.400009,55.683338,20.709799,-81.293091,66.584808,498.385895,-28.422886
1222,6.110000,44.496395,264.604431,-70.831085,266.498291,-209.340103,-72.620056,69.737068,-302.864105,-68.994118,-136.201141,-228.546875,-65.041672,-227.633240,-30.666647,-60.105896,-153.068985,173.216675,-61.836506,248.640335,189.024963,-73.216263,339.347839,-8.767414,-72.409508,55.689163,20.712517,-81.292702,66.592262,498.386780,-28.426025
1223,6.115000,44.497108,264.608795,-70.824936,266.503876,-209.338867,-72.619308,69.737755,-302.858795,-68.989120,-136.202271,-228.540680,-65.034790,-227.632721,-30.668987,-60.105244,-153.066208,173.220444,-61.853249,248.634064,189.021881,-73.211182,339.352539,-8.768185,-72.405617,55.677876,20.704445,-81.281082,66.591049,498.394012,-28.427040
1224,6.120000,44.499100,264.609344,-70.842148,266.503967,-209.341507,-72.628029,69.743965,-302.863342,-68.992012,-136.199707,-228.546783,-65.038605,-227.633820,-30.675005,-60.106544,-153.067322,173.223099,-61.840576,248.639435,189.024933,-73.218002,339.355438,-8.761972,-72.411140,55.684490,20.705069,-81.299759,66.585480,498.383179,-28.426199
1225,6.125000,44.491352,264.605499,-70.827980,266.499115,-209.336975,-72.636444,69.746307,-302.868317,-68.999146,-136.202728,-228.541779,-65.026947,-227.639526,-30.668674,-60.104324,-153.067459,173.211121,-61.851307,248.639282,189.020462,-73.216034,339.352753,-8.763306,-72.410416,55.683945,20.705637,-81.295433,66.585297,498.390106,-28.416327
1226,6.130000,44.500839,264.610931,-70.832092,266.495544,-209.340347,-72.621071,69.745941,-302.863098,-68.990211,-136.206619,-228.539810,-65.036057,-227.633224,-30.667337,-60.103542,-153.068863,173.213013,-61.847427,248.632812,189.018204,-73.215950,339.351624,-8.769220,-72.410873,55.690491,20.698301,-81.298615,66.583755,498.388489,-28.426014
1227,6.135000,44.497135,264.608978,-70.832520,266.497437,-209.335266,-72.613602,69.743660,-302.859100,-68.993660,-136.201248,-228.541595,-65.040291,-227.634827,-30.666527,-60.114365,-153.066116,173.221359,-61.849129,248.637497,189.021011,-73.216393,339.351196,-8.760416,-72.401505,55.685089,20.705725,-81.295357,66.588860,498.392029,-28.420300
1228,6.140000,44.500458,264.611389,-70.824768,266.504333,-209.337402,-72.624413,69.740601,-302.861542,-68.998161,-136.201889,-228.541306,-65.027626,-227.630493,-30.666172,-60.105129,-153.068787,173.216629,-61.844589,248.641830,189.017349,-73.215096,339.354858,-8.763805,-72.411697,55.685410,20.704977,-81.290398,66.588699,498.392303,-28.425531
1229,6.145000,44.488701,264.610107,-70.828468,266.495758,-209.340042,-72.612984,69.737068,-302.860260,-68.994797,-136.201477,-228.546387,-65.035393,-227.635269,-30.671589,-60.111713,-153.067078,173.217606,-61.841263,248.640717,189.024078,-73.208817,339.355133,-8.760111,-72.413200,55.689598,20.701941,-81.293884,66.588463,498.386932,-28.435013
1230,6.150000,44.496315,264.606934,-70.836655,266.496918,-209.338409,-72.621819,69.735481,-302.854797,-68.994095,-136.208893,-228.539444,-65.033920,-227.638092,-30.673092,-60.106468,-153.065338,173.218491,-61.849686,248.638519,189.019424,-73.198151,339.349365,-8.767781,-72.404747,55.693184,20.705633,-81.289574,66.587852,498.395325,-28.430237
1231,6.155000,44.496372,264.606415,-70.822525,266.504333,-209.340363,-72.631256,69.738350,-302.858185,-68.999451,-136.206055,-228.543289,-65.041206,-227.635452,-30.672348,-60.106674,-153.065994,173.219421,-61.850780,248.643494,189.019577,-73.215630,339.357269,-8.770352,-72.419006,55.683537,20.704571,-81.288261,66.592796,498.390167,-28.429134
1232,6.160000,44.496040,264.614349,-70.822525,266.497040,-209.339630,-72.618813,69.732964,-302.860809,-68.989334,-136.201859,-228.545319,-65.043716,-227.634018,-30.678835,-60.101410,-153.064606,173.219833,-61.847263,248.639038,189.018570,-73.215324,339.353333,-8.759583,-72.406006,55.682480,20.710701,-81.288315,66.591942,498.388336,-28.430914
1233,6.165000,44.496304,264.606323,-70.832039,266.495178,-209.336380,-72.624100,69.739357,-302.864441,-68.990379,-136.209625,-228.541901,-65.034950,-227.638947,-30.675615,-60.108337,-153.064590,173.218750,-61.844967,248.634430,189.019974,-73.214676,339.348755,-8.767310,-72.408142,55.688789,20.711258,-81.281921,66.588135,498.389404,-28.417160
1234,6.170000,44.495502,264.613495,-70.832329,266.499573,-209.340103,-72.617744,69.732536,-302.859680,-68.995430,-136.197067,-228.544907,-65.038597,-227.637527,-30.673767,-60.103416,-153.066589,173.215637,-61.851128,248.635193,189.024643,-73.219795,339.353333,-8.763998,-72.412109,55.692669,20.701735,-81.291534,66.588394,498.388641,-28.422195
1235,6.175000,44.495270,264.611206,-70.827248,266.499359,-209.337158,-72.617966,69.734734,-302.863159,-68.992203,-136.203094,-228.541992,-65.038712,-227.639267,-30.665367,-60.100193,-153.069809,173.217529,-61.843685,248.635971,189.025650,-73.209633,339.352448,-8.763925,-72.410530,55.679390,20.704531,-81.287933,66.591599,498.394196,-28.431898
1236,6.180000,44.502525,264.612274,-70.836426,266.502625,-209.341064,-72.624237,69.746094,-302.865692,-69.000610,-136.201324,-228.538895,-65.032204,-227.636932,-30.671497,-60.112629,-153.070435,173.215302,-61.851852,248.631454,189.019333,-73.207657,339.348938,-8.765312,-72.407433,55.692204,20.706215,-81.297081,66.586861,498.390228,-28.412302
1237,6.185000,44.495850,264.609833,-70.814362,266.504761,-209.337952,-72.632133,69.731804,-302.856628,-68.984718,-136.203888,-228.543625,-65.036659,-227.640396,-30.670620,-60.101364,-153.072678,173.221603,-61.847256,248.634781,189.021744,-73.213959,339.354248,-8.766648,-72.414886,55.688793,20.706928,-81.292610,66.586922,498.389557,-28.424858
1238,6.190000,44.494877,264.613953,-70.822853,266.499359,-209.335327,-72.624840,69.740509,-302.861694,-68.988464,-136.199646,-228.536484,-65.039375,-227.634750,-30.667110,-60.111275,-153.064636,173.221710,-61.836590,248.636612,189.021576,-73.214455,339.352234,-8.763115,-72.405525,55.691746,20.705860,-81.295937,66.592842,498.387817,-28.420776
1239,6.195000,44.503040,264.606903,-70.837334,266.502319,-209.338654,-72.625923,69.739586,-302.859589,-68.989578,-136.204117,-228.536957,-65.024170,-227.643463,-30.668297,-60.107410,-153.069321,173.223923,-61.844063,248.634995,189.019592,-73.208267,339.351135,-8.762086,-72.395683,55.688301,20.708422,-81.293877,66.586662,498.393524,-28.424843
1240,6.200000,44.496220,264.611145,-70.834648,266.501953,-209.335266,-72.620018,69.739784,-302.858490,-68.981606,-136.202896,-228.546448,-65.032867,-227.636841,-30.673594,-60.109695,-153.065201,173.218765,-61.843502,248.635529,189.024460,-73.202049,339.354095,-8.763842,-72.411697,55.690369,20.703773,-81.293762,66.590393,498.392700,-28.428234
1241,6.205000,44.495331,264.609741,-70.828163,266.503632,-209.342010,-72.631577,69.741112,-302.860138,-68.995407,-136.202347,-228.541077,-65.039352,-227.636139,-30.671345,-60.106350,-153.064987,173.212967,-61.840279,248.636566,189.023590,-73.203247,339.350616,-8.762233,-72.405479,55.684227,20.707682,-81.290352,66.586258,498.392334,-28.420702
1242,6.210000,44.497581,264.614502,-70.825958,266.502411,-209.337845,-72.614586,69.740860,-302.859924,-68.994621,-136.201126,-228.540329,-65.032097,-227.635849,-30.672634,-60.103619,-153.065628,173.216187,-61.846283,248.639572,189.017426,-73.201294,339.352722,-8.769202,-72.409523,55.684242,20.709473,-81.287270,66.588943,498.389740,-28.425455
1243,6.215000,44.494148,264.611816,-70.835381,266.492828,-209.336273,-72.613579,69.747864,-302.866791,-68.999191,-136.200821,-228.548157,-65.033882,-227.632645,-30.666269,-60.109219,-153.065979,173.222977,-61.839794,248.637054,189.017654,-73.204361,339.353821,-8.768665,-72.410164,55.687557,20.710768,-81.287201,66.590889,498.393921,-28.415628
1244,6.220000,44.499023,264.606415,-70.831726,266.501343,-209.335251,-72.625877,69.740578,-302.865112,-68.987190,-136.197189,-228.546600,-65.050415,-227.632172,-30.671318,-60.105194,-153.064865,173.216644,-61.851322,248.639481,189.021698,-73.215500,339.358185,-8.765803,-72.414696,55.694321,20.703642,-81.299484,66.590546,498.391815,-28.430313
1245,6.225000,44.495186,264.604797,-70.831146,266.504120,-209.348404,-72.634789,69.741760,-302.859009,-68.989975,-136.203644,-228.544495,-65.042984,-227.633484,-30.674545,-60.108940,-153.068039,173.215668,-61.844780,248.640030,189.020096,-73.216255,339.355682,-8.768408,-72.413055,55.683460,20.706272,-81.298981,66.589073,498.394165,-28.426870
1246,6.230000,44.501656,264.606720,-70.835564,266.501648,-209.331192,-72.624023,69.735451,-302.863831,-68.989365,-136.205383,-228.548553,-65.040405,-227.635529,-30.672516,-60.105362,-153.071838,173.216522,-61.846336,248.645096,189.025452,-73.213966,339.353851,-8.762935,-72.409134,55.683701,20.707216,-81.294548,66.590271,498.389008,-28.431391
1247,6.235000,44.493546,264.612518,-70.830315,266.499756,-209.340393,-72.620506,69.738625,-302.850281,-68.985626,-136.201019,-228.543503,-65.033432,-227.637497,-30.668343,-60.100151,-153.065552,173.216400,-61.843163,248.639893,189.021103,-73.222168,339.351746,-8.765239,-72.406487,55.680401,20.715731,-81.285873,66.590477,498.388275,-28.427183
1248,6.240000,44.495815,264.610443,-70.837181,266.496826,-209.344299,-72.632736,69.733032,-302.860504,-68.984520,-136.198364,-228.545181,-65.040985,-227.637375,-30.663296,-60.101154,-153.067337,173.219864,-61.848026,248.637680,189.020432,-73.216080,339.353302,-8.763425,-72.413498,55.691910,20.700880,-81.293373,66.587585,498.393524,-28.420912
1249,6.245000,44.495232,264.610718,-70.826096,266.495605,-209.339127,-72.611969,69.740211,-302.867249,-68.994041,-136.202621,-228.536438,-65.032867,-227.639038,-30.667009,-60.102768,-153.070007,173.218811,-61.848106,248.635590,189.021713,-73.216614,339.354156,-8.765545,-72.416222,55.680992,20.715315,-81.279091,66.589554,498.387115,-28.421316
1250,6.250000,44.495144,264.613037,-70.823662,266.498657,-209.330826,-72.614250,69.735245,-302.853760,-68.989853,-136.203690,-228.540802,-65.044373,-227.635742,-30.666718,-60.104103,-153.065781,173.220322,-61.847080,248.639587,189.019501,-73.213440,339.352234,-8.766816,-72.415802,55.688351,20.710371,-81.292229,66.584167,498.390991,-28.426092
1251,6.255000,44.496716,264.607574,-70.839394,266.498901,-209.337494,-72.636421,69.740547,-302.854553,-68.991798,-136.204437,-228.540466,-65.039169,-227.633209,-30.667679,-60.109398,-153.061630,173.221771,-61.842712,248.637482,189.024933,-73.204239,339.352081,-8.761815,-72.399834,55.691277,20.710276,-81.292328,66.589569,498.389679,-28.429047
1252,6.260000,44.499359,264.611633,-70.832413,266.500916,-209.338501,-72.623337,69.736130,-302.857788,-68.987747,-136.204742,-228.543671,-65.042465,-227.635544,-30.667974,-60.113125,-153.068649,173.217133,-61.845860,248.639069,189.021118,-73.207809,339.353394,-8.768917,-72.407021,55.691235,20.706078,-81.291145,66.587631,498.394867,-28.419512
1253,6.265000,44.503838,264.613007,-70.835526,266.500397,-209.335144,-72.620926,69.740540,-302.860443,-69.002052,-136.203415,-228.541367,-65.034988,-227.634735,-30.667416,-60.102337,-153.062744,173.220108,-61.841988,248.644928,189.020508,-73.218956,339.356689,-8.764685,-72.413582,55.687363,20.709963,-81.292213,66.585381,498.391296,-28.428656
1254,6.270000,44.500267,264.610687,-70.830360,266.500397,-209.336884,-72.623993,69.731285,-302.856720,-68.988617,-136.203720,-228.537384,-65.037239,-227.637070,-30.667505,-60.109592,-153.061203,173.217926,-61.837742,248.639923,189.024628,-73.206711,339.350800,-8.766070,-72.406204,55.681896,20.710869,-81.286133,66.582397,498.391968,-28.423418
1255,6.275000,44.495403,264.611877,-70.834038,266.501007,-209.341782,-72.632729,69.738899,-302.856934,-68.989227,-136.202347,-228.545959,-65.040405,-227.641098,-30.668358,-60.104660,-153.065567,173.218689,-61.843491,248.636230,189.023605,-73.210503,339.350616,-8.761189,-72.416183,55.688889,20.711008,-81.285713,66.591141,498.390839,-28.421490
1256,6.280000,44.502304,264.609192,-70.847000,266.497620,-209.342224,-72.624802,69.745995,-302.861603,-68.995667,-136.199326,-228.543518,-65.041252,-227.634247,-30.675444,-60.108181,-153.067673,173.219788,-61.841702,248.642975,189.015808,-73.222244,339.352081,-8.767352,-72.402977,55.684650,20.700933,-81.292984,66.590019,498.390656,-28.430332
1257,6.285000,44.499081,264.601776,-70.831505,266.497223,-209.337357,-72.622665,69.737144,-302.863922,-68.994255,-136.197449,-228.539795,-65.042336,-227.638840,-30.672535,-60.104767,-153.065170,173.216278,-61.840530,248.641907,189.023819,-73.219566,339.351837,-8.764285,-72.406914,55.693466,20.704386,-81.302689,66.587959,498.389648,-28.420727
1258,6.290000,44.497784,264.606201,-70.832138,266.502075,-209.335464,-72.616768,69.736061,-302.857147,-68.989632,-136.204987,-228.541977,-65.039078,-227.632660,-30.670536,-60.112236,-153.066452,173.219803,-61.845070,248.634857,189.024826,-73.214012,339.353241,-8.766378,-72.413406,55.680317,20.715252,-81.280212,66.590088,498.389740,-28.417700
1259,6.295000,44.497292,264.609192,-70.831093,266.498871,-209.341675,-72.623062,69.742325,-302.859039,-68.987030,-136.202591,-228.545151,-65.034828,-227.635834,-30.667025,-60.104881,-153.064148,173.220947,-61.844685,248.641693,189.022430,-73.207855,339.348480,-8.768031,-72.405396,55.688705,20.707161,-81.293015,66.590828,498.388428,-28.424944
1260,6.300000,44.499729,264.609070,-70.835701,266.498199,-209.340393,-72.635109,69.745804,-302.864288,-68.997307,-136.202133,-228.543396,-65.033249,-227.639114,-30.674534,-60.105221,-153.068817,173.218765,-61.843700,248.638031,189.020004,-73.208176,339.350800,-8.768949,-72.405350,55.685215,20.708181,-81.289032,66.594498,498.391022,-28.425734
1261,6.305000,44.495369,264.607849,-70.830002,266.499664,-209.339523,-72.631226,69.745079,-302.861572,-68.996567,-136.203690,-228.541718,-65.034134,-227.639893,-30.666918,-60.103069,-153.065369,173.218231,-61.841980,248.645020,189.024872,-73.215508,339.355286,-8.763473,-72.417511,55.685959,20.713541,-81.292656,66.591743,498.393982,-28.424295
1262,6.310000,44.495476,264.610138,-70.821075,266.503998,-209.340683,-72.640526,69.741753,-302.853851,-68.996498,-136.200424,-228.543076,-65.049332,-227.638443,-30.665785,-60.107441,-153.064545,173.216843,-61.846104,248.643646,189.022598,-73.214783,339.352142,-8.763353,-72.408600,55.683327,20.709448,-81.288155,66.589119,498.386353,-28.428492
1263,6.315000,44.494431,264.610535,-70.827454,266.499756,-209.335968,-72.619156,69.751259,-302.862823,-68.994469,-136.205246,-228.541702,-65.031197,-227.639420,-30.665794,-60.101917,-153.065567,173.220093,-61.842365,248.639984,189.023651,-73.217522,339.355835,-8.763203,-72.408134,55.691391,20.708563,-81.292953,66.586388,498.389313,-28.416313
1264,6.320000,44.499245,264.610168,-70.834412,266.497833,-209.340179,-72.629166,69.728577,-302.856079,-68.986740,-136.200806,-228.536011,-65.033844,-227.637115,-30.664463,-60.103149,-153.063507,173.218124,-61.841263,248.639999,189.023056,-73.212326,339.354797,-8.765408,-72.415405,55.687595,20.709208,-81.290108,66.589790,498.387024,-28.420666
1265,6.325000,44.503212,264.613037,-70.829620,266.498169,-209.335388,-72.612656,69.743149,-302.866516,-68.993103,-136.200851,-228.540405,-65.037613,-227.637314,-30.667055,-60.105270,-153.071503,173.216354,-61.831776,248.638596,189.024414,-73.216003,339.350586,-8.764982,-72.406990,55.690960,20.700891,-81.291786,66.588570,498.387756,-28.430218
1266,6.330000,44.494205,264.608673,-70.822105,266.497986,-209.341110,-72.633873,69.744591,-302.867096,-68.992012,-136.204361,-228.540222,-65.037262,-227.639572,-30.667074,-60.100895,-153.069397,173.218719,-61.845402,248.633911,189.023148,-73.212807,339.352325,-8.767082,-72.413803,55.681553,20.708567,-81.291168,66.588989,498.389832,-28.426834
1267,6.335000,44.503208,264.609894,-70.834709,266.502319,-209.336121,-72.634193,69.741051,-302.855469,-68.987221,-136.205475,-228.541229,-65.037018,-227.644943,-30.668802,-60.106224,-153.066360,173.214096,-61.840847,248.645050,189.019485,-73.214745,339.351349,-8.763821,-72.409119,55.687405,20.704834,-81.289688,66.591011,498.389648,-28.426443
1268,6.340000,44.496704,264.605927,-70.828629,266.495941,-209.341904,-72.625793,69.745506,-302.869324,-68.999222,-136.197754,-228.539566,-65.039421,-227.633560,-30.670282,-60.104385,-153.065994,173.216232,-61.840401,248.639709,189.020767,-73.228348,339.352020,-8.759089,-72.396301,55.689766,20.709387,-81.298660,66.588661,498.387848,-28.416311
1269,6.345000,44.500149,264.611420,-70.838097,266.500427,-209.337891,-72.634842,69.737091,-302.856232,-68.990326,-136.202316,-228.542236,-65.037971,-227.640198,-30.673660,-60.110241,-153.066910,173.219772,-61.850025,248.635010,189.018921,-73.203781,339.351074,-8.757808,-72.410683,55.676533,20.714670,-81.284225,66.589211,498.390808,-28.426416
1270,6.350000,44.499214,264.610046,-70.830040,266.501282,-209.339035,-72.635361,69.734352,-302.863586,-68.988968,-136.200912,-228.546417,-65.034805,-227.638397,-30.672918,-60.114799,-153.066315,173.218781,-61.845161,248.642319,189.023743,-73.221581,339.350586,-8.760875,-72.411980,55.682430,20.710175,-81.281761,66.588562,498.387634,-28.422062
1271,6.355000,44.497036,264.610382,-70.834557,266.504211,-209.339432,-72.632980,69.738365,-302.855988,-68.989197,-136.201569,-228.544022,-65.047462,-227.631927,-30.668320,-60.107674,-153.063782,173.223480,-61.840454,248.640900,189.023102,-73.216316,339.349060,-8.767612,-72.409149,55.691074,20.711828,-81.290474,66.589630,498.388550,-28.416239
1272,6.360000,44.497375,264.610870,-70.835358,266.498077,-209.334946,-72.620499,69.735367,-302.863129,-68.994560,-136.202011,-228.545273,-65.039711,-227.637573,-30.668049,-60.113380,-153.066879,173.219177,-61.843918,248.639374,189.027008,-73.208481,339.350159,-8.760965,-72.403664,55.692101,20.707405,-81.297279,66.586685,498.391205,-28.420811
1273,6.365000,44.498383,264.607513,-70.826057,266.503967,-209.340591,-72.632011,69.735649,-302.871460,-68.996979,-136.207275,-228.542404,-65.038536,-227.641281,-30.668945,-60.113087,-153.064880,173.222443,-61.844269,248.636505,189.022293,-73.206100,339.347809,-8.760321,-72.396835,55.685013,20.706871,-81.295448,66.590378,498.389709,-28.415838
1274,6.370000,44.503651,264.610291,-70.828064,266.502228,-209.336548,-72.618340,69.740303,-302.850098,-68.994118,-136.202667,-228.539017,-65.031242,-227.633362,-30.663847,-60.110802,-153.065445,173.219055,-61.842617,248.642014,189.028351,-73.209328,339.347107,-8.763937,-72.409912,55.688892,20.703045,-81.298737,66.592896,498.394318,-28.432444
1275,6.375000,44.501118,264.610657,-70.835884,266.501709,-209.343124,-72.622772,69.744621,-302.860199,-68.994003,-136.199692,-228.545868,-65.045319,-227.640045,-30.665737,-60.106632,-153.067047,173.222000,-61.843876,248.638977,189.029480,-73.209068,339.352600,-8.762444,-72.414658,55.689857,20.706884,-81.297432,66.590469,498.391693,-28.423046
1276,6.380000,44.490547,264.610413,-70.821678,266.502533,-209.334290,-72.621628,69.739594,-302.863922,-68.997841,-136.206070,-228.536118,-65.032166,-227.634903,-30.674166,-60.105274,-153.069351,173.219742,-61.842506,248.635498,189.018188,-73.212265,339.347900,-8.765642,-72.409470,55.689468,20.705173,-81.298119,66.586029,498.391998,-28.417070
1277,6.385000,44.499622,264.613647,-70.835381,266.499969,-209.336029,-72.625023,69.740677,-302.855194,-68.989594,-136.203262,-228.540344,-65.040649,-227.635483,-30.672283,-60.110279,-153.067902,173.216858,-61.844856,248.636703,189.024414,-73.218246,339.355408,-8.766399,-72.413620,55.683010,20.713194,-81.289024,66.589813,498.393127,-28.424877
1278,6.390000,44.492626,264.612122,-70.812729,266.503662,-209.335312,-72.622009,69.742928,-302.859589,-68.992485,-136.200714,-228.548187,-65.042358,-227.636261,-30.667068,-60.106060,-153.072922,173.216354,-61.838341,248.638580,189.021866,-73.217720,339.350891,-8.765222,-72.404198,55.694706,20.703526,-81.302353,66.590141,498.387146,-28.432314
1279,6.395000,44.496395,264.603790,-70.825600,266.498840,-209.339447,-72.623177,69.739334,-302.855591,-68.979805,-136.201797,-228.538193,-65.030144,-227.634979,-30.672510,-60.101044,-153.069824,173.219055,-61.837399,248.641571,189.024857,-73.216637,339.350250,-8.765625,-72.405342,55.688568,20.717705,-81.290222,66.590065,498.392517,-28.429075
1280,6.400000,44.502613,264.611572,-70.829933,266.503845,-209.339371,-72.626923,69.743805,-302.864960,-68.994026,-136.209518,-228.545090,-65.036331,-227.636658,-30.666794,-60.105831,-153.064346,173.216995,-61.840450,248.644821,189.021042,-73.215530,339.346558,-8.762547,-72.396019,55.692677,20.710613,-81.294220,66.586281,498.389282,-28.422110
1281,6.405000,44.493942,264.604980,-70.837074,266.504639,-209.339569,-72.628052,69.742027,-302.859711,-68.986664,-136.201553,-228.543777,-65.040482,-227.637131,-30.671606,-60.107662,-153.063629,173.217224,-61.845234,248.635040,189.021912,-73.206329,339.352600,-8.765050,-72.405754,55.679333,20.716654,-81.278610,66.589729,498.389404,-28.426632
1282,6.410000,44.495991,264.609741,-70.835098,266.501617,-209.337051,-72.626823,69.741722,-302.851074,-68.984207,-136.203720,-228.540054,-65.034477,-227.635178,-30.672953,-60.104195,-153.065567,173.216843,-61.838165,248.639755,189.017776,-73.219208,339.356995,-8.767802,-72.409645,55.689968,20.711155,-81.290916,66.587929,498.389496,-28.415314
1283,6.415000,44.500282,264.608215,-70.839081,266.503784,-209.340363,-72.632339,69.741470,-302.861603,-68.995544,-136.203003,-228.544540,-65.043045,-227.636856,-30.671246,-60.106838,-153.068283,173.218964,-61.846401,248.640213,189.024734,-73.215294,339.353912,-8.769063,-72.409042,55.686947,20.708752,-81.294380,66.590874,498.390076,-28.421120
1284,6.420000,44.491833,264.614441,-70.838577,266.499756,-209.337082,-72.635048,69.742676,-302.858398,-68.989349,-136.201462,-228.541672,-65.034798,-227.642059,-30.669180,-60.114799,-153.070175,173.213699,-61.840973,248.644424,189.027100,-73.212898,339.354858,-8.767622,-72.415642,55.694130,20.714088,-81.287422,66.590446,498.391968,-28.429525
1285,6.425000,44.498207,264.611938,-70.837959,266.500641,-209.336472,-72.631020,69.735771,-302.859314,-68.981644,-136.200851,-228.542847,-65.047066,-227.635071,-30.665131,-60.105793,-153.067856,173.217682,-61.847054,248.640213,189.023453,-73.210091,339.345215,-8.760442,-72.396339,55.687187,20.715117,-81.287498,66.588074,498.392120,-28.429193
1286,6.430000,44.499489,264.614349,-70.831566,266.498566,-209.331894,-72.615623,69.734589,-302.864532,-68.986252,-136.201553,-228.545547,-65.037262,-227.634521,-30.664482,-60.113567,-153.069031,173.218170,-61.852707,248.634232,189.020401,-73.211479,339.350189,-8.763293,-72.405052,55.685745,20.707289,-81.289482,66.584816,498.387634,-28.427364
1287,6.435000,44.496643,264.611084,-70.838226,266.496155,-209.337219,-72.626015,69.742455,-302.864532,-69.002785,-136.201508,-228.540558,-65.041679,-227.641388,-30.664436,-60.099274,-153.071884,173.222672,-61.843273,248.640564,189.023178,-73.213219,339.353882,-8.760891,-72.410179,55.688889,20.709574,-81.287773,66.588570,498.387787,-28.423191
1288,6.440000,44.494041,264.611511,-70.831337,266.502136,-209.335342,-72.620667,69.734322,-302.861755,-68.985275,-136.206146,-228.540985,-65.041771,-227.636276,-30.667202,-60.112251,-153.065170,173.218231,-61.842979,248.636765,189.022308,-73.207512,339.357910,-8.768131,-72.416199,55.688484,20.704523,-81.299637,66.589233,498.396057,-28.428843
1289,6.445000,44.501049,264.612518,-70.825821,266.500793,-209.333221,-72.621681,69.734154,-302.859131,-68.990387,-136.205048,-228.544983,-65.034447,-227.634903,-30.668055,-60.103252,-153.063278,173.220474,-61.847435,248.640854,189.024673,-73.218895,339.347961,-8.763532,-72.403397,55.686977,20.714018,-81.293915,66.589928,498.391388,-28.421925
1290,6.450000,44.498741,264.606018,-70.833748,266.499847,-209.339355,-72.627365,69.732544,-302.855835,-68.986954,-136.202316,-228.541885,-65.045715,-227.635483,-30.663059,-60.105751,-153.066833,173.225296,-61.849304,248.639511,189.021378,-73.223663,339.353607,-8.761040,-72.411705,55.682686,20.711208,-81.286911,66.588272,498.395691,-28.426235
1291,6.455000,44.491196,264.609985,-70.827690,266.502441,-209.333450,-72.622726,69.736488,-302.857086,-68.988670,-136.199356,-228.539261,-65.031975,-227.638046,-30.672768,-60.115902,-153.065338,173.218185,-61.843555,248.639404,189.025146,-73.205948,339.347382,-8.761475,-72.403931,55.689232,20.705996,-81.298691,66.588455,498.391052,-28.426039
1292,6.460000,44.498932,264.610840,-70.836365,266.498138,-209.339462,-72.623795,69.738091,-302.860016,-68.995987,-136.203705,-228.543198,-65.043854,-227.632126,-30.666300,-60.110207,-153.059814,173.213196,-61.848240,248.636322,189.021713,-73.216927,339.353882,-8.766883,-72.408401,55.680237,20.716026,-81.283669,66.592728,498.386230,-28.424667
1293,6.465000,44.499329,264.599487,-70.828346,266.499634,-209.341660,-72.632690,69.736687,-302.851440,-68.986145,-136.199982,-228.543121,-65.041916,-227.634918,-30.666061,-60.110168,-153.066315,173.218826,-61.851387,248.640396,189.021942,-73.208183,339.357849,-8.766607,-72.415192,55.689285,20.706524,-81.288284,66.589684,498.387878,-28.430120
1294,6.470000,44.494038,264.608337,-70.832687,266.507812,-209.344482,-72.627907,69.732315,-302.855042,-68.979729,-136.200165,-228.543488,-65.039101,-227.637726,-30.670237,-60.115345,-153.061859,173.216858,-61.849274,248.634933,189.018661,-73.214981,339.355011,-8.764662,-72.409821,55.683449,20.714094,-81.286972,66.589432,498.394653,-28.434547
1295,6.475000,44.493999,264.605865,-70.831627,266.493134,-209.340042,-72.620781,69.742409,-302.862579,-68.996368,-136.196198,-228.545059,-65.040428,-227.632492,-30.668964,-60.116024,-153.062225,173.219299,-61.853054,248.635376,189.023804,-73.209808,339.349426,-8.770657,-72.407364,55.689724,20.709587,-81.291077,66.588066,498.389832,-28.424593
1296,6.480000,44.497112,264.610016,-70.829903,266.503174,-209.338638,-72.614227,69.744492,-302.861542,-69.000763,-136.197876,-228.547211,-65.042336,-227.634079,-30.668303,-60.107956,-153.068924,173.216354,-61.836910,248.638855,189.018417,-73.218079,339.349854,-8.769485,-72.406219,55.693283,20.704117,-81.296127,66.591393,498.389801,-28.427387
1297,6.485000,44.492050,264.609009,-70.833801,266.499329,-209.335953,-72.624481,69.733482,-302.866272,-68.995842,-136.196320,-228.543228,-65.042725,-227.638260,-30.670294,-60.107735,-153.071472,173.215591,-61.848022,248.639771,189.028625,-73.204849,339.358124,-8.771110,-72.409698,55.691048,20.711349,-81.288872,66.584892,498.388947,-28.422276
1298,6.490000,44.501099,264.603302,-70.834366,266.501190,-209.334991,-72.629120,69.743362,-302.868988,-68.998344,-136.200302,-228.542068,-65.038895,-227.638428,-30.667498,-60.103119,-153.059326,173.219925,-61.850311,248.643600,189.025299,-73.208138,339.353790,-8.764072,-72.412079,55.680565,20.705902,-81.290031,66.590164,498.391205,-28.436096
1299,6.495000,44.495373,264.607971,-70.824387,266.499664,-209.337692,-72.614853,69.744858,-302.859039,-68.988487,-136.202545,-228.544525,-65.039749,-227.637985,-30.668667,-60.109234,-153.070724,173.214981,-61.846653,248.643921,189.024902,-73.217819,339.347565,-8.766042,-72.404610,55.684158,20.708700,-81.291451,66.589149,498.386841,-28.422377
1300,6.500000,44.498951,264.616089,-70.832535,266.490997,-209.336868,-72.612640,69.736771,-302.856140,-68.989540,-136.203033,-228.539093,-65.038895,-227.634583,-30.664751,-60.108047,-153.070328,173.218689,-61.843704,248.632858,189.020325,-73.212196,339.350708,-8.768740,-72.415413,55.689167,20.714439,-81.287292,66.584953,498.389160,-28.422403
1301,6.505000,44.496971,264.610931,-70.828316,266.504364,-209.338806,-72.622467,69.743301,-302.858429,-68.980606,-136.199402,-228.539993,-65.040054,-227.639389,-30.668377,-60.113369,-153.064697,173.226486,-61.847050,248.638184,189.021515,-73.221680,339.354248,-8.762525,-72.405930,55.692223,20.701660,-81.308945,66.588432,498.391510,-28.422903
1302,6.510000,44.493748,264.607239,-70.820503,266.503143,-209.332993,-72.629066,69.742897,-302.865448,-68.999985,-136.200821,-228.537674,-65.039719,-227.631409,-30.668190,-60.118675,-153.068909,173.222397,-61.839031,248.642624,189.023483,-73.207092,339.347961,-8.767726,-72.416878,55.688709,20.710495,-81.291733,66.588417,498.388031,-28.430586
1303,6.515000,44.496262,264.604614,-70.831764,266.499451,-209.339096,-72.625923,69.742142,-302.861542,-68.995087,-136.199219,-228.547852,-65.046234,-227.636078,-30.669727,-60.115395,-153.067856,173.220581,-61.847061,248.637344,189.016205,-73.209801,339.346619,-8.766623,-72.402840,55.680889,20.703339,-81.284157,66.589638,498.388580,-28.424349
1304,6.520000,44.498741,264.613312,-70.832405,266.500275,-209.340836,-72.625221,69.738037,-302.855164,-68.984581,-136.205353,-228.547867,-65.043839,-227.636078,-30.668833,-60.107838,-153.065384,173.218491,-61.844902,248.637589,189.024155,-73.209244,339.354034,-8.763268,-72.411827,55.679016,20.714165,-81.289330,66.584824,498.389923,-28.425570
1305,6.525000,44.495731,264.607727,-70.823799,266.500061,-209.333511,-72.615608,69.739746,-302.851990,-68.988777,-136.200897,-228.541016,-65.037605,-227.634796,-30.669371,-60.103203,-153.068161,173.216202,-61.842937,248.634491,189.023804,-73.222122,339.356720,-8.762235,-72.409821,55.688728,20.709208,-81.295189,66.587914,498.389557,-28.424971
1306,6.530000,44.497211,264.608948,-70.833595,266.493561,-209.341995,-72.624443,69.742859,-302.866180,-68.990471,-136.200165,-228.535446,-65.027100,-227.633835,-30.666832,-60.108669,-153.068970,173.219849,-61.846642,248.636230,189.022095,-73.210320,339.346954,-8.764953,-72.402168,55.687675,20.710947,-81.287277,66.587082,498.391785,-28.419785
1307,6.535000,44.497353,264.610779,-70.834763,266.504028,-209.340866,-72.631752,69.734001,-302.859070,-68.990944,-136.205353,-228.544525,-65.037491,-227.635498,-30.667515,-60.106087,-153.068359,173.214279,-61.851711,248.640488,189.022934,-73.210564,339.357361,-8.767227,-72.422470,55.690830,20.712538,-81.289459,66.587852,498.391663,-28.430557
1308,6.540000,44.496861,264.614136,-70.833557,266.504181,-209.337387,-72.622704,69.738747,-302.854614,-68.989670,-136.202057,-228.537888,-65.044350,-227.638260,-30.664299,-60.107468,-153.068192,173.218903,-61.841042,248.636108,189.025787,-73.219398,339.357605,-8.770159,-72.424492,55.683498,20.703934,-81.295883,66.587326,498.393799,-28.429228
1309,6.545000,44.494034,264.612793,-70.834114,266.497314,-209.334503,-72.615417,69.735718,-302.854431,-68.988327,-136.198257,-228.543442,-65.046379,-227.636948,-30.669275,-60.102272,-153.066788,173.216721,-61.849033,248.640747,189.017441,-73.215210,339.345581,-8.766315,-72.406334,55.683861,20.706484,-81.295143,66.588898,498.393097,-28.432159
1310,6.550000,44.500870,264.613983,-70.835609,266.498352,-209.332443,-72.626801,69.740486,-302.863129,-68.986923,-136.204453,-228.539948,-65.030144,-227.637589,-30.661045,-60.104546,-153.070114,173.223587,-61.852463,248.641754,189.022644,-73.220329,339.354126,-8.765513,-72.406998,55.684689,20.709410,-81.292992,66.591957,498.389435,-28.428175
1311,6.555000,44.503613,264.610046,-70.829483,266.500519,-209.335785,-72.619339,69.745262,-302.861359,-68.992569,-136.200943,-228.543274,-65.035324,-227.636597,-30.670008,-60.106701,-153.065674,173.219254,-61.848454,248.642624,189.021347,-73.217133,339.349213,-8.769293,-72.405807,55.678913,20.717237,-81.281639,66.583679,498.390686,-28.411924
1312,6.560000,44.494362,264.610504,-70.831100,266.503845,-209.333237,-72.625122,69.736664,-302.855438,-68.980560,-136.201141,-228.540680,-65.039848,-227.637054,-30.667868,-60.106762,-153.065048,173.219925,-61.843300,248.639694,189.022659,-73.215164,339.349152,-8.762512,-72.404907,55.684093,20.719303,-81.280045,66.593025,498.391724,-28.427706
1313,6.565000,44.497639,264.614288,-70.837067,266.499359,-209.338333,-72.620018,69.748001,-302.868927,-68.999016,-136.200287,-228.539841,-65.034676,-227.635590,-30.671650,-60.107510,-153.061874,173.217316,-61.841770,248.631927,189.031006,-73.204102,339.347595,-8.767120,-72.415466,55.691685,20.705120,-81.298828,66.586830,498.393524,-28.417349
1314,6.570000,44.495335,264.609772,-70.831223,266.503265,-209.346939,-72.633278,69.738190,-302.866638,-68.995689,-136.204391,-228.540512,-65.034111,-227.633102,-30.667171,-60.108738,-153.065842,173.220642,-61.842533,248.641586,189.021683,-73.212326,339.354828,-8.765314,-72.411652,55.689545,20.713011,-81.294228,66.587349,498.391296,-28.422054
1315,6.575000,44.498093,264.610260,-70.831467,266.501404,-209.342270,-72.631241,69.742134,-302.856750,-68.989670,-136.196442,-228.539627,-65.037621,-227.639328,-30.666752,-60.104469,-153.065140,173.218826,-61.846672,248.636230,189.019714,-73.204895,339.352112,-8.767577,-72.410027,55.677177,20.709393,-81.290382,66.587143,498.389282,-28.423258
1316,6.580000,44.495827,264.607697,-70.832008,266.498627,-209.334702,-72.610886,69.744705,-302.867249,-68.995171,-136.201797,-228.541031,-65.041367,-227.635864,-30.668839,-60.111179,-153.063782,173.215759,-61.850319,248.643112,189.022812,-73.206261,339.352234,-8.769833,-72.409691,55.679413,20.713991,-81.277054,66.588646,498.392090,-28.430664
1317,6.585000,44.493141,264.612488,-70.831711,266.497864,-209.339722,-72.619133,69.744118,-302.862976,-68.995178,-136.197876,-228.547653,-65.045288,-227.634460,-30.665297,-60.105515,-153.067520,173.218445,-61.852867,248.635803,189.024460,-73.213943,339.350891,-8.767576,-72.411804,55.685387,20.707310,-81.293709,66.587448,498.389465,-28.425962
1318,6.590000,44.497925,264.615601,-70.836937,266.502991,-209.341003,-72.629120,69.739342,-302.866058,-68.990738,-136.201263,-228.539520,-65.033302,-227.634140,-30.670492,-60.098682,-153.067673,173.219696,-61.853600,248.634155,189.025970,-73.209900,339.353180,-8.766092,-72.413116,55.693321,20.700899,-81.292198,66.591103,498.389801,-28.425806
1319,6.595000,44.497780,264.609528,-70.835861,266.500397,-209.339752,-72.628448,69.736824,-302.858521,-68.992058,-136.198029,-228.548767,-65.045876,-227.638977,-30.667931,-60.103554,-153.066696,173.216629,-61.846344,248.636368,189.017838,-73.213837,339.355988,-8.761435,-72.414948,55.690582,20.708841,-81.291939,66.586258,498.387634,-28.430004
1320,6.600000,44.502148,264.609070,-70.833565,266.501099,-209.340149,-72.623558,69.739891,-302.854279,-68.985474,-136.202499,-228.538620,-65.036201,-227.634247,-30.665462,-60.100719,-153.068192,173.215988,-61.840034,248.642456,189.020081,-73.224709,339.354248,-8.764534,-72.402985,55.679451,20.712431,-81.283676,66.589340,498.391327,-28.430777
1321,6.605000,44.496090,264.613251,-70.825058,266.505066,-209.335999,-72.630569,69.742874,-302.857178,-68.994186,-136.199081,-228.539597,-65.040863,-227.634216,-30.665884,-60.105507,-153.068283,173.217880,-61.845730,248.641861,189.018768,-73.214539,339.356049,-8.762729,-72.405205,55.686619,20.703621,-81.290451,66.589989,498.390930,-28.427305
1322,6.610000,44.501549,264.612427,-70.829918,266.499207,-209.339188,-72.631142,69.740051,-302.860321,-68.993057,-136.204529,-228.546036,-65.048363,-227.635452,-30.665190,-60.107624,-153.067429,173.217255,-61.840363,248.640427,189.026581,-73.202110,339.346497,-8.761420,-72.409187,55.689926,20.714184,-81.280472,66.587410,498.396973,-28.418549
1323,6.615000,44.496601,264.605133,-70.836014,266.498505,-209.335754,-72.627403,69.736702,-302.866486,-68.996323,-136.199554,-228.540100,-65.046341,-227.639603,-30.665291,-60.106041,-153.064499,173.221085,-61.838905,248.637680,189.028992,-73.205658,339.351898,-8.760396,-72.409599,55.684444,20.711386,-81.284843,66.585785,498.391876,-28.417099
1324,6.620000,44.497425,264.608917,-70.837151,266.495453,-209.338455,-72.616859,69.744164,-302.849762,-68.990425,-136.201096,-228.535202,-65.038841,-227.634888,-30.665758,-60.108444,-153.069397,173.220551,-61.851105,248.636612,189.022751,-73.215645,339.352997,-8.767398,-72.413483,55.681980,20.706610,-81.288414,66.594414,498.394897,-28.428411
1325,6.625000,44.496403,264.611450,-70.828506,266.498810,-209.338531,-72.632545,69.745232,-302.857758,-68.988007,-136.200027,-228.542206,-65.041183,-227.636536,-30.667755,-60.107853,-153.067810,173.221863,-61.843235,248.644928,189.022507,-73.211411,339.355286,-8.766306,-72.411880,55.682571,20.707594,-81.291435,66.590324,498.394073,-28.428570
1326,6.630000,44.498405,264.612335,-70.836159,266.497162,-209.337112,-72.620033,69.737228,-302.863434,-68.986641,-136.198669,-228.539673,-65.040977,-227.636337,-30.668934,-60.106411,-153.068069,173.218292,-61.841415,248.634018,189.023529,-73.215607,339.353851,-8.764426,-72.405205,55.689701,20.705780,-81.296867,66.588234,498.391541,-28.423140
1327,6.635000,44.495842,264.610718,-70.826080,266.501343,-209.334351,-72.622963,69.737595,-302.860840,-68.991173,-136.205643,-228.545731,-65.045601,-227.639023,-30.668659,-60.097870,-153.065155,173.217896,-61.842903,248.637207,189.021118,-73.208824,339.351837,-8.764712,-72.410187,55.686745,20.709929,-81.289856,66.592613,498.394165,-28.422758
1328,6.640000,44.496559,264.610107,-70.835167,266.493378,-209.336868,-72.612434,69.743805,-302.858124,-68.995361,-136.202713,-228.544098,-65.046463,-227.640350,-30.660606,-60.102219,-153.066849,173.219406,-61.848354,248.641144,189.016861,-73.217560,339.350983,-8.761353,-72.408524,55.690445,20.698965,-81.298714,66.590279,498.390350,-28.422626
1329,6.645000,44.498398,264.606689,-70.842720,266.500244,-209.343979,-72.623779,69.748199,-302.858032,-68.995659,-136.208435,-228.542267,-65.035034,-227.632996,-30.668934,-60.110023,-153.070068,173.216812,-61.847061,248.642929,189.024063,-73.222687,339.351349,-8.764162,-72.404900,55.691269,20.708660,-81.294983,66.588516,498.393372,-28.422876
1330,6.650000,44.492798,264.605499,-70.830643,266.492279,-209.341644,-72.612602,69.736649,-302.856903,-68.985100,-136.199539,-228.540482,-65.039772,-227.637970,-30.665316,-60.104382,-153.066330,173.217331,-61.836582,248.642273,189.018860,-73.220665,339.355652,-8.767098,-72.400299,55.678986,20.704699,-81.291855,66.594208,498.393890,-28.421667
1331,6.655000,44.497688,264.605927,-70.833710,266.502228,-209.343750,-72.628403,69.744957,-302.859863,-69.002090,-136.203598,-228.540222,-65.034218,-227.640381,-30.666265,-60.095245,-153.066437,173.221664,-61.849239,248.642426,189.020020,-73.218079,339.351807,-8.764877,-72.398300,55.689682,20.707193,-81.295898,66.592072,498.391449,-28.420683
1332,6.660000,44.494827,264.606537,-70.825287,266.498016,-209.338760,-72.628952,69.743889,-302.859528,-68.982880,-136.206512,-228.546616,-65.042755,-227.637039,-30.665297,-60.105808,-153.069061,173.215454,-61.843826,248.639923,189.019684,-73.222954,339.352142,-8.763082,-72.407341,55.685760,20.699532,-81.290001,66.589165,498.390839,-28.429968
1333,6.665000,44.499966,264.605438,-70.834206,266.504242,-209.335693,-72.611061,69.739372,-302.857666,-68.994148,-136.204025,-228.540878,-65.041779,-227.632812,-30.671715,-60.114243,-153.064438,173.221313,-61.846035,248.639984,189.020248,-73.212929,339.349060,-8.765300,-72.401436,55.688995,20.704786,-81.297096,66.586555,498.389557,-28.419815
1334,6.670000,44.493759,264.606689,-70.833717,266.497437,-209.336517,-72.616302,69.737099,-302.863556,-68.986610,-136.205658,-228.539917,-65.029884,-227.635941,-30.665731,-60.104614,-153.066788,173.216721,-61.836575,248.634018,189.017899,-73.207458,339.353821,-8.762671,-72.404099,55.684906,20.709122,-81.301704,66.588432,498.391876,-28.432283
1335,6.675000,44.498943,264.607544,-70.833817,266.501923,-209.337097,-72.626190,69.735260,-302.854065,-68.980751,-136.198410,-228.541519,-65.040848,-227.633087,-30.669245,-60.108051,-153.066391,173.218964,-61.847752,248.645218,189.016312,-73.222374,339.352173,-8.768881,-72.404449,55.678795,20.706678,-81.283951,66.588036,498.391968,-28.421917
1336,6.680000,44.499634,264.611969,-70.828468,266.493073,-209.333374,-72.611702,69.747002,-302.861359,-68.986641,-136.202011,-228.537170,-65.027069,-227.634766,-30.665653,-60.104099,-153.069336,173.217041,-61.844425,248.637161,189.025543,-73.207558,339.353149,-8.766806,-72.404961,55.693569,20.703737,-81.285019,66.588562,498.385193,-28.424900
1337,6.685000,44.494942,264.612518,-70.830589,266.498749,-209.339371,-72.616043,69.741425,-302.865082,-68.991501,-136.199356,-228.539490,-65.035126,-227.632126,-30.666037,-60.110275,-153.065109,173.219681,-61.847351,248.645386,189.025299,-73.216782,339.351929,-8.763844,-72.403214,55.684200,20.701248,-81.288841,66.589066,498.390839,-28.420668
1338,6.690000,44.497208,264.612640,-70.834923,266.504181,-209.336227,-72.632088,69.745659,-302.855286,-68.990105,-136.205612,-228.542526,-65.035316,-227.632812,-30.672176,-60.108418,-153.062561,173.218536,-61.843761,248.637115,189.021210,-73.211273,339.354248,-8.764285,-72.402206,55.694088,20.700819,-81.294754,66.589211,498.394897,-28.421019
1339,6.695000,44.495907,264.607330,-70.831116,266.498505,-209.338043,-72.631409,69.742760,-302.857330,-68.990273,-136.202332,-228.539825,-65.032166,-227.637344,-30.670376,-60.112156,-153.066956,173.211823,-61.857807,248.636032,189.022491,-73.210709,339.356659,-8.763465,-72.406250,55.690495,20.705608,-81.286140,66.588303,498.391876,-28.428358
1340,6.700000,44.496250,264.608612,-70.832848,266.501312,-209.336975,-72.624977,69.738434,-302.864380,-68.990791,-136.198730,-228.543350,-65.039307,-227.643494,-30.669355,-60.105125,-153.064636,173.215240,-61.844189,248.632751,189.014374,-73.206833,339.356049,-8.763286,-72.409004,55.685497,20.700150,-81.295380,66.583740,498.388031,-28.421204
1341,6.705000,44.496510,264.606537,-70.826050,266.498352,-209.341843,-72.623062,69.741150,-302.861359,-68.987923,-136.199905,-228.542953,-65.037895,-227.637527,-30.672806,-60.105938,-153.069183,173.217865,-61.843113,248.637054,189.019989,-73.218803,339.353851,-8.766292,-72.404518,55.685352,20.693867,-81.294212,66.587067,498.391876,-28.418802
1342,6.710000,44.496685,264.607239,-70.830116,266.501495,-209.339233,-72.629959,69.740959,-302.859070,-68.996460,-136.203979,-228.538757,-65.034966,-227.634521,-30.669685,-60.110832,-153.069565,173.217407,-61.852901,248.643738,189.015701,-73.207436,339.348572,-8.758118,-72.398788,55.683651,20.702169,-81.298317,66.589539,498.390717,-28.419460
1343,6.715000,44.495266,264.608307,-70.831696,266.499237,-209.337753,-72.627350,69.744713,-302.862213,-69.004707,-136.205734,-228.539673,-65.036758,-227.635010,-30.667456,-60.116631,-153.070053,173.219360,-61.840164,248.638397,189.024094,-73.203949,339.357483,-8.762271,-72.403931,55.687099,20.705643,-81.290039,66.587509,498.389221,-28.427603
1344,6.720000,44.498314,264.609741,-70.838135,266.502136,-209.338623,-72.627815,69.736946,-302.865601,-68.997665,-136.205338,-228.543640,-65.039154,-227.635910,-30.661604,-60.110905,-153.066269,173.218002,-61.844612,248.641449,189.022202,-73.212791,339.350586,-8.764581,-72.390549,55.689514,20.704281,-81.292336,66.588814,498.393738,-28.429796
1345,6.725000,44.495743,264.608093,-70.827919,266.504578,-209.341309,-72.621552,69.744934,-302.856079,-68.984589,-136.202011,-228.542007,-65.045952,-227.638138,-30.664303,-60.102951,-153.062515,173.218399,-61.847427,248.638474,189.026901,-73.208931,339.352692,-8.766349,-72.396927,55.682774,20.702618,-81.288910,66.588799,498.389374,-28.425707
1346,6.730000,44.492653,264.611053,-70.825462,266.496216,-209.340851,-72.621536,69.735016,-302.862457,-68.989044,-136.203354,-228.542816,-65.031166,-227.638000,-30.669367,-60.110970,-153.063004,173.220993,-61.843201,248.640884,189.021515,-73.214973,339.350769,-8.758583,-72.408966,55.683556,20.697279,-81.292351,66.590485,498.390106,-28.426243
1347,6.735000,44.495838,264.609589,-70.833710,266.497833,-209.336990,-72.629555,69.732681,-302.856628,-68.985634,-136.201569,-228.540268,-65.036011,-227.637650,-30.666922,-60.111660,-153.066650,173.219025,-61.848324,248.639053,189.017746,-73.208290,339.346313,-8.766582,-72.395416,55.686123,20.687263,-81.298180,66.588753,498.389130,-28.421844
1348,6.740000,44.496494,264.614868,-70.829491,266.496948,-209.334991,-72.629639,69.740051,-302.858948,-68.991951,-136.207840,-228.542267,-65.031914,-227.632278,-30.664900,-60.114140,-153.066498,173.220306,-61.848759,248.638474,189.023651,-73.214966,339.350037,-8.767419,-72.400703,55.681992,20.700577,-81.286629,66.591644,498.392578,-28.428024
1349,6.745000,44.498108,264.610992,-70.828224,266.498383,-209.339890,-72.615768,69.743156,-302.866211,-68.987587,-136.199982,-228.537918,-65.032799,-227.638779,-30.667416,-60.102936,-153.065582,173.218155,-61.849930,248.644501,189.026871,-73.224174,339.352692,-8.767456,-72.411179,55.689613,20.703573,-81.282524,66.591209,498.391479,-28.426302
1350,6.750000,44.501804,264.611786,-70.833557,266.495728,-209.338928,-72.618553,69.743431,-302.863281,-68.993652,-136.199905,-228.546753,-65.043419,-227.639740,-30.671871,-60.107250,-153.068741,173.218933,-61.850441,248.641678,189.021515,-73.208534,339.354858,-8.763602,-72.397133,55.690998,20.694534,-81.283432,66.587486,498.389557,-28.423246
1351,6.755000,44.493755,264.609955,-70.837318,266.496948,-209.329437,-72.618248,69.742851,-302.856720,-68.989563,-136.201752,-228.540695,-65.034851,-227.634293,-30.671362,-60.110474,-153.064026,173.219147,-61.848129,248.637131,189.021576,-73.214378,339.351868,-8.765829,-72.405327,55.692909,20.701235,-81.285233,66.589272,498.391235,-28.428181
1352,6.760000,44.502163,264.610077,-70.837219,266.501129,-209.337479,-72.619576,69.743576,-302.857727,-68.984154,-136.196991,-228.546997,-65.031303,-227.635208,-30.665266,-60.108162,-153.065216,173.218597,-61.851040,248.642975,189.020935,-73.218330,339.350342,-8.767871,-72.407600,55.681141,20.707399,-81.278854,66.588890,498.390350,-28.423880
1353,6.765000,44.495049,264.608643,-70.833138,266.500488,-209.338135,-72.624321,69.743340,-302.865265,-68.993301,-136.203644,-228.537613,-65.028824,-227.637283,-30.671238,-60.111610,-153.066803,173.221375,-61.843086,248.637924,189.027222,-73.205048,339.353455,-8.767058,-72.404404,55.685230,20.702730,-81.271294,66.593689,498.391998,-28.422903
1354,6.770000,44.492958,264.606079,-70.824791,266.502747,-209.334549,-72.624992,69.743820,-302.858551,-68.988144,-136.202377,-228.541641,-65.039856,-227.635483,-30.667645,-60.100117,-153.068924,173.216232,-61.836910,248.642792,189.021774,-73.212601,339.343781,-8.763103,-72.401237,55.681080,20.701838,-81.285393,66.590340,498.391632,-28.429159
1355,6.775000,44.500195,264.608612,-70.836914,266.497528,-209.334091,-72.617592,69.750267,-302.867462,-69.006432,-136.198898,-228.547241,-65.040466,-227.639984,-30.672720,-60.100525,-153.066467,173.213867,-61.842556,248.647049,189.022537,-73.221802,339.350830,-8.761004,-72.396782,55.688881,20.703575,-81.273048,66.594604,498.386536,-28.430103
1356,6.780000,44.494041,264.607727,-70.833023,266.501373,-209.341919,-72.610573,69.744446,-302.857819,-68.988472,-136.198898,-228.543900,-65.027542,-227.640427,-30.672234,-60.113594,-153.065872,173.216553,-61.845158,248.637863,189.019562,-73.214508,339.354187,-8.768610,-72.405014,55.681213,20.694818,-81.281746,66.588600,498.387238,-28.421253
1357,6.785000,44.494110,264.609619,-70.837578,266.496124,-209.338272,-72.626099,69.744934,-302.859589,-68.998039,-136.196503,-228.541977,-65.029755,-227.630157,-30.662056,-60.101715,-153.063110,173.215729,-61.846893,248.643845,189.018539,-73.215965,339.354462,-8.763606,-72.397614,55.676556,20.696394,-81.277702,66.588028,498.385956,-28.427931
1358,6.790000,44.496262,264.612091,-70.835091,266.501434,-209.341660,-72.631508,69.738960,-302.862091,-68.987923,-136.205917,-228.544571,-65.034187,-227.637909,-30.671904,-60.105499,-153.064590,173.218231,-61.846867,248.639099,189.018188,-73.210884,339.350891,-8.766643,-72.397850,55.683773,20.699787,-81.281166,66.586456,498.389862,-28.419847
1359,6.795000,44.497177,264.606628,-70.825920,266.499084,-209.334717,-72.618332,69.740555,-302.857361,-68.988083,-136.200439,-228.544998,-65.047661,-227.634399,-30.668308,-60.116375,-153.061829,173.219711,-61.836803,248.634933,189.023560,-73.210037,339.352600,-8.765948,-72.392342,55.688004,20.699432,-81.285744,66.589714,498.391479,-28.419306
1360,6.800000,44.497929,264.609863,-70.831360,266.502167,-209.337860,-72.630653,69.745377,-302.863403,-68.999565,-136.201950,-228.538391,-65.040863,-227.637573,-30.662561,-60.100872,-153.065262,173.223770,-61.845322,248.635925,189.027222,-73.206421,339.352325,-8.764464,-72.396416,55.684296,20.687483,-81.286507,66.590111,498.388428,-28.418991
1361,6.805000,44.493240,264.609528,-70.825829,266.497406,-209.331360,-72.614441,69.747536,-302.861938,-68.989479,-136.202255,-228.542679,-65.038094,-227.639648,-30.665556,-60.097176,-153.066742,173.218384,-61.845844,248.642029,189.022659,-73.216309,339.350616,-8.765948,-72.393478,55.685951,20.692059,-81.283569,66.587212,498.389374,-28.422173
1362,6.810000,44.499306,264.609161,-70.829185,266.499908,-209.340836,-72.627441,69.730972,-302.858429,-68.987709,-136.210419,-228.544693,-65.039368,-227.633789,-30.673746,-60.110325,-153.064407,173.218063,-61.851608,248.640182,189.022049,-73.212570,339.353363,-8.761504,-72.389511,55.685928,20.703300,-81.282036,66.590935,498.393250,-28.424438
1363,6.815000,44.497818,264.614685,-70.825562,266.498444,-209.334381,-72.622078,69.740318,-302.869812,-68.996376,-136.199509,-228.544250,-65.039795,-227.631180,-30.676359,-60.108528,-153.065186,173.215012,-61.851357,248.644211,189.019897,-73.213005,339.350403,-8.763005,-72.399864,55.684093,20.697569,-81.289551,66.588501,498.390289,-28.427008
1364,6.820000,44.507210,264.613983,-70.854355,266.499725,-209.335541,-72.631554,69.742569,-302.853790,-68.988724,-136.205826,-228.546906,-65.042412,-227.635544,-30.666174,-60.110725,-153.069366,173.217651,-61.845013,248.641190,189.029373,-73.215302,339.350861,-8.756687,-72.403114,55.688099,20.696077,-81.282181,66.588402,498.392456,-28.427944
1365,6.825000,44.501289,264.609436,-70.830528,266.502686,-209.337296,-72.622887,69.740822,-302.865967,-68.996414,-136.199661,-228.539688,-65.035057,-227.635086,-30.672611,-60.109905,-153.066376,173.219345,-61.849907,248.643112,189.023300,-73.223801,339.348480,-8.764334,-72.401756,55.682064,20.695061,-81.289459,66.586479,498.392212,-28.428440
1366,6.830000,44.505684,264.611786,-70.832825,266.499084,-209.340103,-72.631218,69.737007,-302.867432,-68.986954,-136.198212,-228.546494,-65.042084,-227.636536,-30.668661,-60.105907,-153.067596,173.219238,-61.852100,248.639450,189.021072,-73.213959,339.352753,-8.762165,-72.400070,55.686970,20.701063,-81.286469,66.591415,498.391571,-28.422794
1367,6.835000,44.499775,264.612610,-70.834259,266.500488,-209.344681,-72.631676,69.735931,-302.854614,-68.995598,-136.202255,-228.541763,-65.035164,-227.632462,-30.666714,-60.113503,-153.075470,173.220398,-61.836636,248.634506,189.019226,-73.208260,339.356201,-8.771570,-72.412788,55.689606,20.698748,-81.295731,66.585243,498.390259,-28.426456
1368,6.840000,44.492161,264.611481,-70.829689,266.494690,-209.339279,-72.617401,69.742363,-302.861755,-68.985420,-136.197937,-228.543045,-65.041351,-227.636765,-30.666519,-60.107822,-153.065033,173.220184,-61.849224,248.641388,189.022934,-73.220299,339.348511,-8.767926,-72.396034,55.687805,20.705763,-81.293289,66.594063,498.391693,-28.427898
1369,6.845000,44.502010,264.611115,-70.839142,266.499969,-209.336517,-72.623726,69.738525,-302.858673,-68.993515,-136.194946,-228.545532,-65.047302,-227.635452,-30.668598,-60.108822,-153.070389,173.221664,-61.846203,248.638275,189.021713,-73.218658,339.348938,-8.765402,-72.396576,55.680473,20.705397,-81.274002,66.591812,498.390900,-28.421873
1370,6.850000,44.497108,264.608826,-70.836082,266.498901,-209.333359,-72.616104,69.744049,-302.863342,-68.989037,-136.200928,-228.543427,-65.034286,-227.636154,-30.665937,-60.100693,-153.070480,173.214828,-61.846012,248.640182,189.017746,-73.201797,339.348114,-8.762079,-72.391136,55.690090,20.698521,-81.277451,66.587341,498.390656,-28.422380
1371,6.855000,44.496815,264.609650,-70.823868,266.494720,-209.334641,-72.617210,69.740807,-302.863556,-68.992256,-136.203033,-228.544205,-65.037018,-227.634903,-30.670490,-60.109356,-153.065079,173.221817,-61.841469,248.644058,189.025650,-73.208664,339.353668,-8.766073,-72.398682,55.691715,20.704967,-81.286293,66.591637,498.385376,-28.427925
1372,6.860000,44.497902,264.614471,-70.835930,266.496552,-209.331116,-72.611328,69.738129,-302.861267,-68.991692,-136.200943,-228.540741,-65.032616,-227.636414,-30.672142,-60.114830,-153.063843,173.217026,-61.847935,248.641922,189.024094,-73.208229,339.356110,-8.765361,-72.397598,55.691402,20.697041,-81.290222,66.586060,498.390350,-28.420685
1373,6.865000,44.495609,264.614319,-70.829872,266.500702,-209.337051,-72.619736,69.748550,-302.861359,-68.991882,-136.200241,-228.536957,-65.028534,-227.638748,-30.668140,-60.111977,-153.069580,173.219955,-61.840958,248.640381,189.025330,-73.211357,339.352417,-8.768550,-72.401810,55.686798,20.702023,-81.286308,66.585442,498.388733,-28.415215
1374,6.870000,44.494915,264.604340,-70.832451,266.497559,-209.333817,-72.616982,69.742340,-302.860291,-68.991768,-136.198730,-228.539185,-65.039360,-227.635284,-30.667454,-60.107246,-153.067154,173.216324,-61.844414,248.635468,189.021133,-73.207024,339.353607,-8.766521,-72.400848,55.687508,20.702934,-81.284088,66.587402,498.386353,-28.426117
1375,6.875000,44.498848,264.609741,-70.830605,266.502869,-209.336639,-72.624062,69.740982,-302.852631,-68.986015,-136.202255,-228.544113,-65.031921,-227.635605,-30.668983,-60.105007,-153.069321,173.218811,-61.837551,248.641403,189.025085,-73.209457,339.350739,-8.764850,-72.396523,55.690151,20.699884,-81.276947,66.588043,498.388580,-28.430058
1376,6.880000,44.495388,264.609619,-70.838181,266.503235,-209.337982,-72.629219,69.736412,-302.859192,-68.994804,-136.200714,-228.544373,-65.043312,-227.635468,-30.668417,-60.107624,-153.068558,173.217453,-61.838005,248.635788,189.022476,-73.204689,339.352356,-8.757635,-72.396820,55.693459,20.702795,-81.281273,66.590363,498.393738,-28.423779
1377,6.885000,44.498375,264.607666,-70.832413,266.493225,-209.337753,-72.616173,69.729347,-302.853516,-68.979111,-136.203659,-228.540192,-65.030968,-227.636505,-30.668440,-60.100571,-153.068329,173.215240,-61.842571,248.638275,189.022934,-73.214218,339.355927,-8.768004,-72.404190,55.679844,20.702417,-81.287010,66.589943,498.389832,-28.433348
1378,6.890000,44.493752,264.612366,-70.833801,266.503082,-209.340408,-72.626419,69.747902,-302.865509,-68.993652,-136.202118,-228.546982,-65.035583,-227.637466,-30.670084,-60.104362,-153.068207,173.219284,-61.839527,248.637054,189.020874,-73.209404,339.350464,-8.761049,-72.394928,55.688183,20.700729,-81.291283,66.589714,498.393768,-28.432924
1379,6.895000,44.501957,264.607666,-70.830017,266.501465,-209.338669,-72.619484,69.739883,-302.859863,-68.993790,-136.202438,-228.544052,-65.036682,-227.634857,-30.669483,-60.103432,-153.067886,173.218445,-61.851997,248.632721,189.017624,-73.203079,339.349884,-8.761728,-72.403603,55.687702,20.702532,-81.294792,66.591667,498.388336,-28.426065
1380,6.900000,44.498806,264.610992,-70.832977,266.498871,-209.338577,-72.626259,69.733704,-302.846558,-68.982933,-136.205032,-228.548691,-65.042854,-227.634186,-30.669979,-60.105934,-153.066376,173.221313,-61.848873,248.639755,189.018463,-73.207260,339.351929,-8.763898,-72.391602,55.680130,20.701391,-81.292839,66.592323,498.388458,-28.429766
1381,6.905000,44.499928,264.607635,-70.837250,266.500122,-209.342834,-72.623688,69.740997,-302.857635,-68.992043,-136.203842,-228.542023,-65.035721,-227.637497,-30.669649,-60.109375,-153.070038,173.220322,-61.843399,248.641739,189.025070,-73.217751,339.354095,-8.763119,-72.403221,55.687119,20.699354,-81.299774,66.584671,498.388733,-28.416941
1382,6.910000,44.494343,264.611786,-70.828583,266.503265,-209.335571,-72.625755,69.743614,-302.860199,-68.991837,-136.198593,-228.539886,-65.040207,-227.632599,-30.670397,-60.115345,-153.070862,173.219574,-61.838791,248.642960,189.025970,-73.215492,339.352203,-8.764608,-72.397179,55.682831,20.705019,-81.294937,66.590569,498.387085,-28.426561
1383,6.915000,44.500999,264.610199,-70.829819,266.503235,-209.333542,-72.630653,69.742439,-302.857147,-68.988480,-136.199173,-228.540253,-65.033875,-227.640717,-30.670198,-60.111923,-153.062790,173.219330,-61.847477,248.638779,189.027954,-73.206108,339.344360,-8.761519,-72.387474,55.689396,20.704018,-81.290047,66.593330,498.389801,-28.423273
1384,6.920000,44.497849,264.609009,-70.832146,266.498840,-209.331100,-72.614792,69.742165,-302.857819,-68.982185,-136.206024,-228.540665,-65.036247,-227.635925,-30.669333,-60.104794,-153.066559,173.214920,-61.839111,248.641129,189.028687,-73.214699,339.352234,-8.758240,-72.395157,55.681557,20.708092,-81.283882,66.588799,498.390778,-28.426586
1385,6.925000,44.498905,264.607239,-70.832695,266.501465,-209.339417,-72.621208,69.737617,-302.856873,-68.984985,-136.203094,-228.541138,-65.032661,-227.633209,-30.669588,-60.101715,-153.065018,173.220337,-61.850628,248.638275,189.022751,-73.210098,339.350311,-8.761987,-72.381668,55.689404,20.705740,-81.300240,66.589645,498.391632,-28.424170
1386,6.930000,44.500629,264.616730,-70.832787,266.499573,-209.339691,-72.616684,69.734360,-302.861694,-68.988281,-136.200760,-228.539581,-65.038132,-227.633286,-30.670422,-60.107788,-153.065002,173.223740,-61.846214,248.637497,189.027115,-73.211517,339.354828,-8.761259,-72.399490,55.684132,20.706671,-81.289986,66.590744,498.389252,-28.427069
1387,6.935000,44.499710,264.606415,-70.826370,266.493225,-209.337982,-72.617767,69.740501,-302.864563,-68.995743,-136.199768,-228.540894,-65.034256,-227.636093,-30.666286,-60.106026,-153.060974,173.220566,-61.845997,248.635117,189.018738,-73.202644,339.352417,-8.762988,-72.390732,55.684139,20.715528,-81.284386,66.586563,498.389557,-28.427893
1388,6.940000,44.495419,264.606476,-70.832130,266.497192,-209.336731,-72.626083,69.734024,-302.867737,-68.990471,-136.202179,-228.545334,-65.041695,-227.636963,-30.670507,-60.106403,-153.068344,173.217606,-61.857319,248.636749,189.017563,-73.220810,339.347778,-8.764309,-72.398239,55.693344,20.711504,-81.294212,66.591415,498.387146,-28.428551
1389,6.945000,44.498356,264.609192,-70.824318,266.500397,-209.341522,-72.625793,69.745316,-302.862671,-68.990608,-136.205475,-228.543289,-65.038681,-227.633621,-30.672873,-60.102726,-153.069595,173.215485,-61.839115,248.631790,189.027527,-73.198982,339.355896,-8.759438,-72.400566,55.685772,20.708910,-81.283546,66.585899,498.393188,-28.425379
1390,6.950000,44.498909,264.601746,-70.836136,266.499359,-209.339645,-72.626274,69.745232,-302.860992,-68.993057,-136.206268,-228.541611,-65.025002,-227.628693,-30.671465,-60.109474,-153.067596,173.218002,-61.838509,248.637604,189.023117,-73.207939,339.349396,-8.762368,-72.388519,55.696659,20.702732,-81.302803,66.587891,498.390106,-28.424397
1391,6.955000,44.496513,264.609192,-70.840164,266.497192,-209.338120,-72.615250,69.744125,-302.858948,-68.994919,-136.205048,-228.541031,-65.034592,-227.637527,-30.673553,-60.108089,-153.066650,173.216171,-61.842091,248.641037,189.017975,-73.214745,339.348846,-8.761966,-72.385605,55.692753,20.699638,-81.298676,66.591789,498.389160,-28.422550
1392,6.960000,44.497959,264.614441,-70.826630,266.501221,-209.339401,-72.609306,69.743805,-302.855530,-68.985481,-136.202682,-228.545593,-65.033096,-227.627411,-30.668440,-60.110931,-153.062241,173.218475,-61.846600,248.641174,189.021347,-73.213081,339.354340,-8.764161,-72.395538,55.689526,20.708860,-81.288391,66.588066,498.387299,-28.421362
1393,6.965000,44.497829,264.614075,-70.831154,266.502350,-209.340515,-72.617546,69.736107,-302.853302,-68.994705,-136.199707,-228.538757,-65.036591,-227.634079,-30.666080,-60.108372,-153.062866,173.219162,-61.839520,248.645050,189.026001,-73.219460,339.353760,-8.765806,-72.400581,55.683388,20.710802,-81.277359,66.590370,498.391602,-28.420763
1394,6.970000,44.499428,264.613251,-70.829346,266.497101,-209.338623,-72.624237,69.745323,-302.860931,-68.994995,-136.201675,-228.539886,-65.043587,-227.637589,-30.665958,-60.101585,-153.059250,173.216156,-61.837673,248.640823,189.023972,-73.209549,339.348907,-8.763961,-72.385841,55.680645,20.707554,-81.278061,66.590645,498.392151,-28.424826
1395,6.975000,44.499958,264.610260,-70.827568,266.499664,-209.336914,-72.613449,69.735077,-302.856445,-68.985489,-136.199280,-228.545410,-65.042686,-227.635147,-30.667053,-60.108639,-153.066513,173.223755,-61.835773,248.639221,189.019684,-73.216751,339.347717,-8.760131,-72.394020,55.687931,20.710711,-81.295052,66.591545,498.390076,-28.423206
1396,6.980000,44.498043,264.609100,-70.828117,266.500244,-209.337097,-72.613823,69.739952,-302.860260,-68.987305,-136.198334,-228.540756,-65.040199,-227.637802,-30.666824,-60.102718,-153.062943,173.221695,-61.850559,248.636429,189.026321,-73.213577,339.355194,-8.763050,-72.406395,55.686810,20.704157,-81.294479,66.591774,498.393036,-28.430828
1397,6.985000,44.492195,264.607147,-70.837486,266.500031,-209.338867,-72.615868,69.736511,-302.853119,-68.985237,-136.204147,-228.543594,-65.039841,-227.637573,-30.667490,-60.109745,-153.065399,173.222473,-61.847477,248.644791,189.021271,-73.221954,339.353058,-8.761224,-72.396759,55.684422,20.711308,-81.291191,66.589264,498.382202,-28.423950
1398,6.990000,44.494530,264.611084,-70.829704,266.500214,-209.341629,-72.632050,69.744164,-302.857941,-68.983116,-136.200119,-228.540558,-65.036827,-227.633179,-30.670006,-60.118500,-153.069046,173.217621,-61.849648,248.644485,189.019730,-73.212822,339.348572,-8.762623,-72.386940,55.696030,20.702429,-81.295776,66.589020,498.386292,-28.428808
1399,6.995000,44.500008,264.607391,-70.831444,266.498535,-209.341904,-72.624878,69.739639,-302.874115,-68.994713,-136.202850,-228.547592,-65.036613,-227.633316,-30.670818,-60.106926,-153.066452,173.219116,-61.844746,248.633041,189.027451,-73.199867,339.347443,-8.759827,-72.391769,55.683956,20.714487,-81.280991,66.594162,498.389832,-28.415224
1400,7.000000,44.494949,264.607391,-70.824974,266.499969,-209.334885,-72.601822,69.740486,-302.853058,-68.986420,-136.208527,-228.549210,-65.037025,-227.632904,-30.670008,-60.112053,-153.069962,173.218079,-61.845604,248.637207,189.023224,-73.203369,339.350098,-8.762245,-72.392929,55.681755,20.711046,-81.283585,66.588799,498.387573,-28.425877
1401,7.005000,44.500610,264.603455,-70.829079,266.500641,-209.345047,-72.628990,69.739273,-302.845642,-68.984756,-136.202621,-228.545074,-65.033516,-227.633255,-30.667461,-60.111420,-153.068283,173.215546,-61.848938,248.643799,189.026596,-73.216400,339.354492,-8.761097,-72.395164,55.693748,20.708429,-81.293053,66.594109,498.385101,-28.430910
1402,7.010000,44.499981,264.610962,-70.844200,266.497528,-209.336288,-72.631660,69.739082,-302.858337,-68.987785,-136.198990,-228.540939,-65.042679,-227.633530,-30.672024,-60.101738,-153.074768,173.214523,-61.850182,248.645203,189.020523,-73.213776,339.351624,-8.758800,-72.396385,55.683392,20.714823,-81.280815,66.592621,498.387054,-28.415749
1403,7.015000,44.496746,264.608276,-70.829918,266.500366,-209.341003,-72.630920,69.742363,-302.859741,-68.990150,-136.202667,-228.546082,-65.042641,-227.635330,-30.666409,-60.103195,-153.065536,173.218185,-61.846458,248.643341,189.023575,-73.214966,339.349762,-8.763543,-72.398346,55.684494,20.702723,-81.299789,66.593094,498.389313,-28.426392
1404,7.020000,44.493938,264.605988,-70.828629,266.504089,-209.338669,-72.625885,69.737137,-302.860382,-68.991829,-136.204391,-228.544189,-65.041382,-227.635956,-30.668230,-60.100063,-153.071320,173.219955,-61.840855,248.640121,189.022339,-73.207596,339.354889,-8.760830,-72.393044,55.683502,20.708178,-81.281570,66.595047,498.388000,-28.424223
1405,7.025000,44.499226,264.607422,-70.823814,266.498962,-209.339417,-72.612350,69.741707,-302.861267,-68.993492,-136.205460,-228.541580,-65.036598,-227.636505,-30.671799,-60.102615,-153.068085,173.218582,-61.845051,248.641159,189.021698,-73.210884,339.353302,-8.758692,-72.391945,55.689472,20.711416,-81.294991,66.585381,498.388672,-28.426336
1406,7.030000,44.496899,264.609772,-70.829659,266.501129,-209.340500,-72.622513,69.749535,-302.869171,-69.002045,-136.198593,-228.542572,-65.036430,-227.635757,-30.666397,-60.102051,-153.063156,173.222977,-61.837425,248.634186,189.024445,-73.208900,339.350677,-8.764003,-72.382126,55.695141,20.711391,-81.298920,66.592308,498.387115,-28.426680
1407,7.035000,44.498230,264.608032,-70.830750,266.494476,-209.331573,-72.616959,69.740768,-302.854736,-68.990837,-136.200653,-228.538986,-65.037109,-227.628143,-30.671854,-60.109627,-153.065338,173.218979,-61.845169,248.632553,189.023346,-73.202538,339.354645,-8.762578,-72.391685,55.691925,20.711987,-81.296516,66.589714,498.388062,-28.421801
1408,7.040000,44.498127,264.609772,-70.832016,266.501434,-209.334045,-72.627380,69.734612,-302.855133,-68.986870,-136.202942,-228.537155,-65.041565,-227.637756,-30.669518,-60.101078,-153.062622,173.214325,-61.845726,248.638123,189.026352,-73.212288,339.349548,-8.759010,-72.392487,55.694500,20.707464,-81.300491,66.592697,498.391785,-28.423141
1409,7.045000,44.501972,264.613922,-70.825447,266.496765,-209.333939,-72.623962,69.734291,-302.852783,-68.985664,-136.197968,-228.546234,-65.038879,-227.636719,-30.670012,-60.103428,-153.063828,173.218185,-61.842339,248.637543,189.029327,-73.212685,339.354950,-8.761835,-72.392914,55.698647,20.711618,-81.297089,66.590446,498.391418,-28.417377
1410,7.050000,44.494843,264.608887,-70.828178,266.503387,-209.336700,-72.622650,69.734497,-302.854370,-68.984634,-136.202652,-228.541885,-65.042244,-227.635559,-30.666735,-60.102669,-153.067200,173.214981,-61.838741,248.643448,189.017944,-73.221138,339.353729,-8.764378,-72.400238,55.691975,20.713659,-81.293678,66.588280,498.389526,-28.425550
1411,7.055000,44.493134,264.606354,-70.824463,266.499603,-209.334717,-72.622574,69.738518,-302.854065,-68.989937,-136.197327,-228.539459,-65.032440,-227.636444,-30.669098,-60.106449,-153.066315,173.219559,-61.840218,248.638489,189.019638,-73.211182,339.350861,-8.758760,-72.387390,55.687199,20.722486,-81.282021,66.586075,498.387115,-28.427223
1412,7.060000,44.498920,264.607666,-70.841759,266.502350,-209.340103,-72.631424,69.739510,-302.854492,-68.986351,-136.199371,-228.540726,-65.035248,-227.639801,-30.677155,-60.107349,-153.064423,173.219177,-61.830933,248.644745,189.017807,-73.207626,339.354553,-8.766979,-72.391502,55.695049,20.709080,-81.300636,66.589325,498.385864,-28.419333
1413,7.065000,44.495853,264.603088,-70.830437,266.491760,-209.339157,-72.613228,69.730003,-302.852814,-68.983421,-136.201355,-228.545441,-65.038292,-227.639008,-30.663961,-60.105076,-153.065964,173.218094,-61.843708,248.640259,189.026306,-73.206337,339.350830,-8.764734,-72.394753,55.695354,20.704550,-81.306374,66.590752,498.392090,-28.429756
1414,7.070000,44.504169,264.606201,-70.834488,266.497498,-209.340500,-72.629875,69.737846,-302.859192,-68.980103,-136.201874,-228.545792,-65.037773,-227.634186,-30.672462,-60.101654,-153.066452,173.219177,-61.846218,248.640182,189.015640,-73.216743,339.348389,-8.762414,-72.391396,55.700661,20.707874,-81.293602,66.592331,498.388947,-28.423641
1415,7.075000,44.494968,264.608826,-70.833092,266.495941,-209.340363,-72.613052,69.735519,-302.854218,-68.985779,-136.203934,-228.542114,-65.037979,-227.633942,-30.671001,-60.103127,-153.063248,173.221161,-61.834743,248.632080,189.017273,-73.202545,339.354370,-8.759877,-72.399956,55.687714,20.706215,-81.297279,66.591072,498.390594,-28.424290
1416,7.080000,44.500355,264.604523,-70.837509,266.501740,-209.343842,-72.634346,69.731194,-302.856323,-68.981651,-136.201569,-228.546158,-65.035172,-227.633759,-30.672386,-60.108448,-153.064102,173.214432,-61.855278,248.635361,189.020111,-73.209824,339.344513,-8.757655,-72.387962,55.690674,20.710823,-81.293121,66.587906,498.384521,-28.429914
1417,7.085000,44.494896,264.607269,-70.826248,266.497223,-209.337509,-72.620003,69.738632,-302.860138,-68.991959,-136.197479,-228.544907,-65.036812,-227.635391,-30.669966,-60.110630,-153.060562,173.221146,-61.852764,248.639420,189.025116,-73.210999,339.352417,-8.761431,-72.394249,55.686653,20.702097,-81.304245,66.590469,498.389984,-28.435007
1418,7.090000,44.495144,264.610474,-70.831627,266.505066,-209.339706,-72.623207,69.733849,-302.854736,-68.980682,-136.200714,-228.545013,-65.042282,-227.635773,-30.672039,-60.104362,-153.065735,173.215591,-61.842171,248.644974,189.025620,-73.220490,339.351257,-8.760147,-72.396057,55.692924,20.715782,-81.296448,66.589195,498.388580,-28.424044
1419,7.095000,44.496784,264.612976,-70.825195,266.493378,-209.330826,-72.615341,69.729347,-302.848511,-68.978180,-136.199783,-228.542145,-65.046120,-227.635513,-30.668064,-60.099483,-153.071747,173.218277,-61.841225,248.637192,189.024307,-73.201767,339.358185,-8.760540,-72.391319,55.683472,20.709969,-81.288101,66.592300,498.393036,-28.421322
1420,7.100000,44.493050,264.608398,-70.819695,266.501526,-209.335907,-72.631493,69.744835,-302.860626,-68.993797,-136.201935,-228.535767,-65.038483,-227.633423,-30.671576,-60.108036,-153.059250,173.220245,-61.838184,248.636215,189.023163,-73.210403,339.347198,-8.764901,-72.391548,55.695412,20.704405,-81.300644,66.589592,498.385834,-28.429466
1421,7.105000,44.495720,264.610016,-70.830368,266.502289,-209.332275,-72.625656,69.743599,-302.854034,-68.989388,-136.204269,-228.543228,-65.041077,-227.634659,-30.666235,-60.111607,-153.071564,173.220505,-61.843670,248.641068,189.018082,-73.216827,339.351868,-8.759498,-72.389061,55.689323,20.712347,-81.294365,66.592651,498.387482,-28.426775
1422,7.110000,44.502327,264.612244,-70.833679,266.500336,-209.341858,-72.627846,69.740608,-302.859650,-68.989410,-136.205276,-228.541092,-65.040642,-227.635376,-30.669586,-60.106224,-153.065796,173.217545,-61.844242,248.640488,189.028717,-73.212708,339.353363,-8.764914,-72.399185,55.681091,20.710754,-81.293358,66.589745,498.389832,-28.423981
1423,7.115000,44.497822,264.608948,-70.827782,266.497253,-209.339233,-72.620117,69.734909,-302.848206,-68.974167,-136.201065,-228.540100,-65.035072,-227.632492,-30.669899,-60.101360,-153.067657,173.213333,-61.835541,248.634155,189.022247,-73.202095,339.356232,-8.758325,-72.397484,55.687103,20.706560,-81.299026,66.590752,498.391418,-28.422972
1424,7.120000,44.496922,264.609283,-70.827408,266.501984,-209.339020,-72.630058,69.735031,-302.855225,-68.985733,-136.200195,-228.541504,-65.040970,-227.630508,-30.665310,-60.111458,-153.060806,173.222717,-61.845634,248.637207,189.027557,-73.209221,339.351593,-8.760214,-72.389214,55.684326,20.710968,-81.288643,66.584114,498.385803,-28.416559
1425,7.125000,44.498245,264.607056,-70.832146,266.499786,-209.338242,-72.617592,69.743774,-302.865479,-68.995361,-136.198715,-228.536713,-65.030151,-227.631104,-30.667061,-60.104717,-153.065735,173.221405,-61.847382,248.644989,189.019424,-73.213211,339.353699,-8.762091,-72.399208,55.692253,20.706795,-81.292671,66.589447,498.391693,-28.426016
1426,7.130000,44.493229,264.603455,-70.830849,266.499695,-209.341782,-72.621841,69.745438,-302.857605,-68.992455,-136.199326,-228.542328,-65.044647,-227.632355,-30.673647,-60.111732,-153.066208,173.215027,-61.854443,248.639221,189.020218,-73.217232,339.353058,-8.759837,-72.397804,55.683117,20.707499,-81.282913,66.590721,498.395660,-28.416935
1427,7.135000,44.494709,264.605804,-70.826668,266.498413,-209.336609,-72.611969,69.732651,-302.858826,-68.979385,-136.203308,-228.545593,-65.049126,-227.635742,-30.673519,-60.111286,-153.065689,173.217957,-61.849556,248.636414,189.021683,-73.212440,339.357544,-8.767466,-72.401451,55.692585,20.697359,-81.293106,66.591400,498.386139,-28.425621
1428,7.140000,44.499062,264.609009,-70.834305,266.502136,-209.338425,-72.624733,69.739868,-302.864349,-68.992332,-136.195755,-228.545990,-65.040314,-227.632263,-30.668568,-60.104450,-153.067078,173.222137,-61.846752,248.641312,189.015961,-73.208145,339.350403,-8.761862,-72.387421,55.691414,20.708752,-81.291161,66.586319,498.389099,-28.422215
1429,7.145000,44.499939,264.608154,-70.831200,266.498749,-209.334381,-72.607208,69.742996,-302.861450,-68.995689,-136.201599,-228.540268,-65.041054,-227.637787,-30.669371,-60.104950,-153.062119,173.219604,-61.842907,248.634354,189.024124,-73.203293,339.351044,-8.766674,-72.399651,55.690884,20.702332,-81.303505,66.591873,498.389160,-28.422247
1430,7.150000,44.499851,264.603851,-70.827583,266.497894,-209.338074,-72.620087,69.743317,-302.865540,-68.998848,-136.201828,-228.544373,-65.038757,-227.641449,-30.671721,-60.110676,-153.066666,173.214783,-61.847065,248.636627,189.023071,-73.216507,339.351288,-8.765467,-72.387062,55.684574,20.707071,-81.278526,66.583672,498.394867,-28.422241
1431,7.155000,44.499096,264.611694,-70.839722,266.500458,-209.336060,-72.619164,69.737183,-302.859344,-68.981628,-136.199600,-228.546539,-65.039337,-227.634460,-30.667099,-60.108086,-153.064331,173.218719,-61.839905,248.632599,189.021072,-73.208275,339.352417,-8.759483,-72.399658,55.682545,20.705206,-81.287071,66.587952,498.390045,-28.423588
1432,7.160000,44.500122,264.607941,-70.828011,266.503418,-209.340500,-72.628082,69.739319,-302.855072,-68.990646,-136.200043,-228.539963,-65.029198,-227.637207,-30.673948,-60.102726,-153.069931,173.227463,-61.840260,248.637146,189.025589,-73.202202,339.350922,-8.764850,-72.396660,55.683960,20.702280,-81.286469,66.591080,498.383606,-28.424673
1433,7.165000,44.495934,264.610718,-70.832756,266.502441,-209.340393,-72.618408,69.737457,-302.853973,-68.980309,-136.205399,-228.539734,-65.036613,-227.630402,-30.667635,-60.102795,-153.062149,173.219360,-61.837730,248.629562,189.027466,-73.199791,339.349487,-8.763686,-72.396919,55.694454,20.703388,-81.291504,66.593987,498.390472,-28.423080
1434,7.170000,44.498318,264.611176,-70.823776,266.503479,-209.338165,-72.621140,69.745171,-302.860962,-68.989265,-136.203354,-228.541595,-65.035416,-227.637344,-30.668875,-60.103851,-153.063477,173.220276,-61.830769,248.638840,189.018600,-73.211632,339.354950,-8.761293,-72.397057,55.689785,20.701418,-81.288452,66.589600,498.390625,-28.425045
1435,7.175000,44.499619,264.611237,-70.825737,266.501892,-209.336960,-72.613754,69.735298,-302.859161,-68.991516,-136.201782,-228.543564,-65.029297,-227.635620,-30.665121,-60.107769,-153.066666,173.217773,-61.845654,248.640167,189.022568,-73.201820,339.350372,-8.761475,-72.397133,55.685604,20.711885,-81.280365,66.589622,498.389587,-28.426786
1436,7.180000,44.499893,264.611206,-70.833054,266.499908,-209.336548,-72.624321,69.732727,-302.859070,-68.991562,-136.204498,-228.541656,-65.042946,-227.636093,-30.667324,-60.109936,-153.070923,173.222290,-61.841290,248.639694,189.022095,-73.215378,339.349518,-8.761795,-72.389900,55.688065,20.703812,-81.287720,66.590088,498.386902,-28.427494
1437,7.185000,44.500454,264.607605,-70.841270,266.496552,-209.336899,-72.619011,69.732315,-302.853699,-68.973274,-136.202896,-228.540649,-65.042130,-227.634399,-30.671860,-60.106937,-153.066299,173.215225,-61.849911,248.641525,189.018372,-73.200905,339.350555,-8.761411,-72.395271,55.683701,20.698029,-81.298607,66.593399,498.393036,-28.429585
1438,7.190000,44.500801,264.602692,-70.826355,266.499573,-209.338043,-72.625481,69.727921,-302.854553,-68.978760,-136.205795,-228.539551,-65.035660,-227.635529,-30.675453,-60.106102,-153.065750,173.219193,-61.836082,248.640717,189.024078,-73.209160,339.347809,-8.761761,-72.389748,55.686428,20.709393,-81.289925,66.586929,498.388641,-28.422585
1439,7.195000,44.499840,264.609741,-70.831367,266.503601,-209.342606,-72.631805,69.739822,-302.858856,-68.987915,-136.199814,-228.539902,-65.047638,-227.633072,-30.669849,-60.103645,-153.064011,173.220657,-61.843170,248.636963,189.022675,-73.201256,339.354340,-8.762107,-72.399719,55.687901,20.706293,-81.291901,66.587128,498.384308,-28.412775
1440,7.200000,44.495243,264.611237,-70.831261,266.497559,-209.339035,-72.627129,69.745735,-302.854156,-68.992714,-136.201355,-228.540283,-65.044800,-227.637772,-30.671932,-60.112095,-153.065918,173.220886,-61.842525,248.637512,189.025192,-73.211884,339.351990,-8.765238,-72.401711,55.678150,20.697874,-81.289787,66.586845,498.389679,-28.418169
1441,7.205000,44.499634,264.608398,-70.837975,266.498535,-209.339569,-72.629448,69.738312,-302.857269,-68.994675,-136.198517,-228.541946,-65.035728,-227.633560,-30.666510,-60.105068,-153.067322,173.218689,-61.850712,248.639099,189.025101,-73.224380,339.348175,-8.759448,-72.398026,55.692863,20.698635,-81.288651,66.585335,498.391571,-28.424017
1442,7.210000,44.497410,264.609131,-70.825790,266.500732,-209.341599,-72.620583,69.741669,-302.855164,-68.985466,-136.201843,-228.538208,-65.038521,-227.635605,-30.666822,-60.104622,-153.067657,173.219238,-61.846268,248.640350,189.022766,-73.218491,339.357605,-8.761865,-72.404243,55.692646,20.704443,-81.283783,66.591011,498.390839,-28.421005
1443,7.215000,44.491894,264.611969,-70.830505,266.494446,-209.342133,-72.620071,69.750061,-302.867279,-69.000092,-136.199951,-228.544479,-65.038849,-227.635666,-30.670570,-60.103264,-153.065216,173.218353,-61.852852,248.638107,189.020493,-73.211296,339.347992,-8.768000,-72.394180,55.677376,20.706312,-81.289238,66.586884,498.385895,-28.417215
1444,7.220000,44.499588,264.611023,-70.825974,266.501038,-209.335846,-72.624680,69.735924,-302.858124,-68.990204,-136.200531,-228.538513,-65.034607,-227.634705,-30.670872,-60.111851,-153.064453,173.221313,-61.839504,248.635162,189.017960,-73.204834,339.349213,-8.762579,-72.395508,55.686970,20.701748,-81.281403,66.586708,498.388245,-28.423800
1445,7.225000,44.496086,264.610321,-70.826263,266.499481,-209.341675,-72.625572,69.740082,-302.857300,-68.985779,-136.202896,-228.538467,-65.037163,-227.632690,-30.669859,-60.102100,-153.060013,173.215683,-61.853531,248.640747,189.022675,-73.209839,339.352234,-8.766753,-72.400978,55.681133,20.705568,-81.272850,66.587112,498.391235,-28.423161
1446,7.230000,44.497673,264.610291,-70.830963,266.496246,-209.339050,-72.616425,69.738945,-302.859955,-68.994423,-136.199707,-228.541794,-65.041206,-227.637299,-30.671427,-60.103329,-153.063889,173.216934,-61.847580,248.638458,189.021072,-73.208214,339.352783,-8.759826,-72.387833,55.693573,20.696556,-81.287971,66.593681,498.387207,-28.428442
1447,7.235000,44.496284,264.608368,-70.832176,266.499298,-209.335419,-72.616302,69.743568,-302.864105,-68.991402,-136.204742,-228.540405,-65.038841,-227.629227,-30.670574,-60.100388,-153.064255,173.216507,-61.848999,248.638992,189.024048,-73.207680,339.351868,-8.765723,-72.403259,55.679855,20.696526,-81.286156,66.589920,498.390259,-28.418343
1448,7.240000,44.501640,264.605988,-70.827652,266.497589,-209.336838,-72.626526,69.737381,-302.858032,-68.984711,-136.203049,-228.546478,-65.029930,-227.637299,-30.672548,-60.102226,-153.067230,173.216919,-61.843761,248.630600,189.020889,-73.209511,339.347961,-8.767522,-72.402740,55.692574,20.695286,-81.288910,66.590309,498.389496,-28.420904
1449,7.245000,44.495293,264.608246,-70.833229,266.495972,-209.334152,-72.615845,69.737564,-302.864410,-68.991470,-136.203583,-228.542755,-65.035957,-227.635986,-30.673410,-60.109726,-153.065186,173.218613,-61.834530,248.639603,189.023331,-73.207581,339.349457,-8.766295,-72.400520,55.687981,20.697956,-81.290382,66.587372,498.388763,-28.425650
1450,7.250000,44.493519,264.608978,-70.832092,266.499329,-209.338409,-72.620911,69.730728,-302.853821,-68.988960,-136.203125,-228.540909,-65.047668,-227.632156,-30.667421,-60.111393,-153.064499,173.214859,-61.844276,248.641266,189.026367,-73.213974,339.351471,-8.764464,-72.391167,55.687798,20.698328,-81.283134,66.587318,498.387421,-28.428345
1451,7.255000,44.498764,264.608948,-70.834618,266.500153,-209.340347,-72.626694,69.732079,-302.860138,-68.992432,-136.201721,-228.538223,-65.032883,-227.633026,-30.666983,-60.106506,-153.066574,173.217499,-61.840828,248.641693,189.021942,-73.219070,339.350922,-8.763680,-72.402977,55.683361,20.703232,-81.281570,66.592705,498.387756,-28.427402
1452,7.260000,44.495831,264.611755,-70.831635,266.498566,-209.337753,-72.622566,69.734879,-302.852081,-68.982170,-136.206955,-228.540298,-65.025848,-227.635971,-30.667040,-60.100967,-153.073303,173.219803,-61.839447,248.638855,189.022171,-73.197189,339.350403,-8.769276,-72.403786,55.692722,20.708387,-81.292343,66.589561,498.386688,-28.426247
1453,7.265000,44.498394,264.608856,-70.835304,266.500031,-209.335815,-72.624069,69.743614,-302.861969,-68.997231,-136.206161,-228.539215,-65.037209,-227.636887,-30.667892,-60.098038,-153.064926,173.218628,-61.844181,248.636490,189.022873,-73.207970,339.354919,-8.763790,-72.398170,55.686554,20.701647,-81.280373,66.589561,498.390930,-28.423456
1454,7.270000,44.499077,264.607605,-70.835472,266.496979,-209.336166,-72.621544,69.733025,-302.859406,-68.992180,-136.198608,-228.544556,-65.048759,-227.634689,-30.675642,-60.115303,-153.061234,173.220276,-61.840290,248.638489,189.020798,-73.218437,339.349823,-8.763458,-72.403503,55.691563,20.692635,-81.282471,66.588318,498.388489,-28.424835
1455,7.275000,44.498669,264.609009,-70.827118,266.500641,-209.337067,-72.629234,69.739334,-302.859131,-68.993675,-136.204407,-228.540283,-65.035057,-227.632233,-30.669409,-60.102077,-153.063980,173.219666,-61.849514,248.635147,189.024567,-73.207726,339.347687,-8.760949,-72.405418,55.692020,20.702774,-81.291023,66.593819,498.392029,-28.425972
1456,7.280000,44.500706,264.606415,-70.846893,266.496735,-209.334000,-72.625824,69.729218,-302.853973,-68.980110,-136.203506,-228.539520,-65.042877,-227.635910,-30.672512,-60.107777,-153.063339,173.221344,-61.847317,248.645706,189.022308,-73.218033,339.356049,-8.763301,-72.396042,55.689800,20.702106,-81.283997,66.592407,498.389557,-28.422863
1457,7.285000,44.495556,264.610504,-70.837158,266.498901,-209.340652,-72.625229,69.735512,-302.850311,-68.983902,-136.203857,-228.538406,-65.036652,-227.634033,-30.664982,-60.106968,-153.061005,173.218063,-61.849949,248.636108,189.023544,-73.207001,339.356354,-8.763780,-72.405472,55.679741,20.704313,-81.280525,66.586212,498.391174,-28.419622
1458,7.290000,44.497410,264.612213,-70.827286,266.496246,-209.334930,-72.613983,69.737663,-302.860077,-68.985222,-136.205521,-228.543427,-65.034042,-227.634018,-30.673252,-60.101231,-153.064407,173.221771,-61.834858,248.642853,189.022568,-73.205086,339.352234,-8.768892,-72.416634,55.682297,20.704477,-81.277901,66.591843,498.389374,-28.422550
1459,7.295000,44.499844,264.608215,-70.827545,266.499725,-209.333618,-72.619705,69.735085,-302.854797,-68.989281,-136.203613,-228.535080,-65.037392,-227.633530,-30.671700,-60.106976,-153.068085,173.220047,-61.839417,248.639465,189.022522,-73.208214,339.346588,-8.764168,-72.408012,55.695415,20.695034,-81.289635,66.591103,498.386871,-28.425468
1460,7.300000,44.495796,264.611389,-70.830307,266.500488,-209.335739,-72.626564,69.733322,-302.856842,-68.988144,-136.204987,-228.540909,-65.043686,-227.634552,-30.669643,-60.108543,-153.068329,173.219360,-61.843327,248.636108,189.016403,-73.217415,339.353699,-8.762925,-72.402817,55.694565,20.697859,-81.291367,66.592339,498.386993,-28.427921
1461,7.305000,44.500534,264.608826,-70.827370,266.497437,-209.340515,-72.618515,69.738388,-302.857391,-68.985680,-136.203995,-228.542755,-65.036827,-227.630554,-30.666317,-60.108334,-153.069092,173.219940,-61.837334,248.635040,189.020142,-73.210518,339.350403,-8.767288,-72.404999,55.689587,20.696543,-81.285461,66.589706,498.388184,-28.418180
1462,7.310000,44.494301,264.611176,-70.827507,266.497040,-209.339706,-72.621338,69.732864,-302.856628,-68.984688,-136.203552,-228.546005,-65.033730,-227.636581,-30.678820,-60.104851,-153.065216,173.219727,-61.850105,248.633774,189.025986,-73.202881,339.350555,-8.765180,-72.397919,55.689209,20.701439,-81.281181,66.587067,498.390259,-28.426947
1463,7.315000,44.496243,264.609406,-70.833328,266.497345,-209.336884,-72.611214,69.735741,-302.856689,-68.989922,-136.201553,-228.540543,-65.038612,-227.634491,-30.672579,-60.114220,-153.063049,173.219391,-61.844379,248.640930,189.022018,-73.210358,339.348511,-8.766146,-72.402138,55.678741,20.706209,-81.277290,66.588783,498.390106,-28.417963
1464,7.320000,44.497536,264.609772,-70.823738,266.499451,-209.343384,-72.626915,69.735832,-302.855225,-68.986038,-136.200699,-228.541504,-65.043396,-227.635986,-30.673471,-60.103725,-153.066666,173.217331,-61.842560,248.637054,189.028427,-73.214355,339.351929,-8.766569,-72.404900,55.686607,20.699270,-81.292770,66.586433,498.393585,-28.413971
1465,7.325000,44.492245,264.614014,-70.828865,266.503174,-209.340958,-72.627525,69.735275,-302.865509,-68.992729,-136.206451,-228.540375,-65.036797,-227.636780,-30.670033,-60.116138,-153.065750,173.216766,-61.855759,248.640518,189.020477,-73.217316,339.346619,-8.765994,-72.396042,55.684864,20.701378,-81.281937,66.585693,498.388153,-28.418844
1466,7.330000,44.495022,264.606689,-70.830521,266.496277,-209.339981,-72.624680,69.741074,-302.862274,-68.993050,-136.201233,-228.540207,-65.040947,-227.637741,-30.666550,-60.102867,-153.060974,173.218994,-61.848358,248.638458,189.024796,-73.216675,339.352264,-8.770787,-72.410179,55.682587,20.709557,-81.275772,66.587952,498.390442,-28.422812
1467,7.335000,44.504799,264.614075,-70.831535,266.498871,-209.335709,-72.613304,69.730942,-302.851440,-68.982025,-136.199173,-228.542557,-65.039154,-227.634796,-30.666813,-60.100105,-153.062805,173.214905,-61.853134,248.637955,189.023560,-73.209679,339.349579,-8.757494,-72.391869,55.680431,20.695309,-81.287704,66.586586,498.386139,-28.420589
1468,7.340000,44.495171,264.610229,-70.821724,266.506470,-209.342316,-72.632599,69.738419,-302.857544,-68.989639,-136.198349,-228.539658,-65.036423,-227.638168,-30.669130,-60.105659,-153.066452,173.215836,-61.845051,248.641190,189.021393,-73.222801,339.346191,-8.762313,-72.393890,55.685688,20.701315,-81.285408,66.586739,498.386444,-28.422415
1469,7.345000,44.497238,264.606873,-70.829048,266.501068,-209.335449,-72.609909,69.735344,-302.857208,-68.990471,-136.204788,-228.540100,-65.032524,-227.636017,-30.669182,-60.110107,-153.064865,173.219681,-61.843113,248.634949,189.022171,-73.208466,339.352692,-8.765459,-72.416695,55.687511,20.704622,-81.283279,66.590736,498.393677,-28.423119
1470,7.350000,44.493279,264.608612,-70.830070,266.501556,-209.339539,-72.626579,69.731369,-302.854431,-68.982361,-136.205261,-228.543182,-65.036751,-227.633957,-30.668512,-60.109985,-153.068069,173.217621,-61.839252,248.640137,189.025879,-73.210716,339.353821,-8.764875,-72.409660,55.682079,20.700989,-81.281219,66.596451,498.389893,-28.424921
1471,7.355000,44.496647,264.609985,-70.832085,266.500519,-209.334930,-72.616982,69.734566,-302.860626,-68.988693,-136.199936,-228.541672,-65.035797,-227.638962,-30.667913,-60.102718,-153.064987,173.214172,-61.840004,248.641663,189.025497,-73.206276,339.343292,-8.762948,-72.405525,55.689308,20.698191,-81.292931,66.585777,498.390228,-28.426682
1472,7.360000,44.495914,264.610962,-70.835144,266.500244,-209.334641,-72.616776,69.739471,-302.852631,-68.988014,-136.201141,-228.542038,-65.037224,-227.635300,-30.667938,-60.109093,-153.071503,173.219055,-61.838352,248.633286,189.020615,-73.213631,339.352417,-8.762637,-72.408745,55.682198,20.697458,-81.283257,66.586411,498.391174,-28.422947
1473,7.365000,44.499805,264.609467,-70.843735,266.499969,-209.334152,-72.611572,69.740364,-302.852448,-68.982094,-136.202011,-228.539642,-65.038345,-227.631546,-30.669373,-60.107975,-153.065765,173.216949,-61.850342,248.638412,189.022873,-73.210815,339.351105,-8.766855,-72.409988,55.685085,20.696598,-81.281822,66.587173,498.391998,-28.412218
1474,7.370000,44.495152,264.604431,-70.825890,266.502106,-209.339890,-72.621918,69.733330,-302.861664,-68.983147,-136.197006,-228.543915,-65.039284,-227.632141,-30.673456,-60.105488,-153.064865,173.215332,-61.848145,248.639023,189.026047,-73.208389,339.352356,-8.760171,-72.401016,55.688129,20.701933,-81.282791,66.591133,498.389832,-28.428471
1475,7.375000,44.500366,264.602936,-70.827057,266.497467,-209.342987,-72.625221,69.747604,-302.865753,-68.999420,-136.203171,-228.543884,-65.029495,-227.633911,-30.669102,-60.106613,-153.063385,173.218033,-61.846275,248.636475,189.018524,-73.210373,339.356476,-8.764236,-72.405586,55.678188,20.693787,-81.282204,66.590523,498.390167,-28.419216
1476,7.380000,44.495396,264.611633,-70.831345,266.495514,-209.338913,-72.626228,69.732262,-302.857147,-68.982956,-136.204071,-228.541534,-65.039864,-227.633560,-30.673576,-60.110252,-153.066986,173.217743,-61.844440,248.633133,189.024399,-73.209183,339.343628,-8.767097,-72.394485,55.679600,20.701506,-81.272583,66.588692,498.392365,-28.428207
1477,7.385000,44.501602,264.604919,-70.837029,266.497467,-209.338699,-72.623451,69.745712,-302.865662,-68.994499,-136.205048,-228.544113,-65.041496,-227.639359,-30.664131,-60.102661,-153.066025,173.216980,-61.843067,248.634903,189.025101,-73.203934,339.359406,-8.771487,-72.409668,55.679775,20.689873,-81.285973,66.590919,498.390778,-28.427237
1478,7.390000,44.494953,264.612854,-70.835098,266.497864,-209.335602,-72.624611,69.731438,-302.854065,-68.989586,-136.206009,-228.540710,-65.034752,-227.636520,-30.673822,-60.110008,-153.065842,173.220337,-61.844002,248.645523,189.019623,-73.214088,339.351807,-8.768922,-72.399300,55.687416,20.705750,-81.285080,66.588234,498.393005,-28.431366
1479,7.395000,44.497875,264.613586,-70.823112,266.497925,-209.340088,-72.619980,69.738190,-302.850647,-68.988876,-136.201569,-228.540482,-65.035400,-227.631226,-30.668121,-60.106049,-153.064835,173.223053,-61.843994,248.643524,189.025009,-73.203224,339.352966,-8.766479,-72.400093,55.682487,20.696909,-81.276031,66.587845,498.393158,-28.415388
1480,7.400000,44.500061,264.613434,-70.828171,266.495056,-209.333572,-72.606705,69.738373,-302.857544,-68.985306,-136.199692,-228.544174,-65.048378,-227.636475,-30.670561,-60.109222,-153.068771,173.217590,-61.844334,248.631760,189.025146,-73.198662,339.353760,-8.758818,-72.399948,55.681053,20.713364,-81.275764,66.589836,498.391541,-28.422745
1481,7.405000,44.491470,264.610809,-70.833267,266.501862,-209.334442,-72.616661,69.733696,-302.851624,-68.985619,-136.204300,-228.541153,-65.036942,-227.637451,-30.667257,-60.112350,-153.068420,173.218964,-61.841099,248.637619,189.027298,-73.207565,339.349609,-8.761759,-72.400352,55.682522,20.699903,-81.279312,66.590164,498.388916,-28.424053
1482,7.410000,44.494263,264.608093,-70.828552,266.500763,-209.337997,-72.616318,69.741432,-302.862366,-68.990936,-136.199814,-228.543137,-65.044220,-227.631989,-30.668222,-60.109104,-153.064957,173.216660,-61.847458,248.636856,189.023132,-73.205009,339.352783,-8.763053,-72.415398,55.683372,20.699802,-81.282288,66.592178,498.388153,-28.417814
1483,7.415000,44.501919,264.612976,-70.833656,266.499451,-209.338226,-72.620506,69.741997,-302.855164,-68.993484,-136.199982,-228.538544,-65.042435,-227.634109,-30.671263,-60.110382,-153.061081,173.218796,-61.841816,248.631226,189.024506,-73.207558,339.350067,-8.766438,-72.416328,55.691475,20.693071,-81.295837,66.587753,498.390961,-28.432014
1484,7.420000,44.498531,264.610291,-70.828979,266.505219,-209.339645,-72.635231,69.739975,-302.864197,-68.999405,-136.202103,-228.543106,-65.038811,-227.635849,-30.664164,-60.110863,-153.067612,173.223038,-61.838619,248.638992,189.019547,-73.206863,339.357330,-8.763790,-72.406891,55.686478,20.690828,-81.285286,66.586746,498.388123,-28.422525
1485,7.425000,44.501297,264.605774,-70.833992,266.500092,-209.333527,-72.617157,69.734558,-302.858246,-68.987793,-136.199814,-228.540100,-65.039848,-227.633545,-30.664816,-60.103439,-153.064621,173.222580,-61.845333,248.639359,189.023514,-73.211967,339.352173,-8.768637,-72.404510,55.682133,20.696102,-81.278450,66.589859,498.386841,-28.428034
1486,7.430000,44.499123,264.609802,-70.833138,266.499969,-209.337189,-72.624870,69.733109,-302.854553,-68.985954,-136.205246,-228.540970,-65.036888,-227.638229,-30.670605,-60.115372,-153.063980,173.213547,-61.850517,248.634598,189.018234,-73.205376,339.350891,-8.765065,-72.402687,55.684013,20.703617,-81.277534,66.592735,498.390015,-28.417843
1487,7.435000,44.498840,264.605469,-70.832962,266.500458,-209.341660,-72.628418,69.732658,-302.859711,-68.984894,-136.201859,-228.537933,-65.047905,-227.640091,-30.670218,-60.109444,-153.065842,173.216171,-61.842613,248.645767,189.022079,-73.214981,339.350952,-8.769462,-72.401833,55.683472,20.696411,-81.284317,66.592522,498.387848,-28.426619
1488,7.440000,44.499088,264.612183,-70.824982,266.499695,-209.339615,-72.626869,69.727997,-302.846222,-68.974327,-136.205994,-228.543961,-65.046608,-227.631165,-30.671354,-60.114872,-153.067337,173.216919,-61.836887,248.631622,189.026382,-73.207977,339.356049,-8.767957,-72.407867,55.688229,20.697803,-81.293259,66.595512,498.386780,-28.427496
1489,7.445000,44.498962,264.611267,-70.825684,266.498596,-209.339630,-72.615059,69.741844,-302.859955,-68.987701,-136.201492,-228.542831,-65.038094,-227.634888,-30.668720,-60.118336,-153.064255,173.220490,-61.844418,248.641998,189.021240,-73.217880,339.354034,-8.764930,-72.406090,55.682915,20.691149,-81.275955,66.586327,498.391327,-28.426615
1490,7.450000,44.495850,264.604889,-70.834381,266.500488,-209.336441,-72.628212,69.737274,-302.855408,-68.982231,-136.202698,-228.539337,-65.034271,-227.639191,-30.665388,-60.115944,-153.061981,173.220642,-61.840668,248.636948,189.028275,-73.206612,339.349548,-8.765995,-72.408241,55.688255,20.693661,-81.273888,66.588867,498.388000,-28.421852
1491,7.455000,44.503925,264.611267,-70.833618,266.496735,-209.331314,-72.622993,69.739189,-302.858643,-68.988281,-136.199203,-228.545746,-65.046257,-227.632812,-30.668978,-60.111385,-153.061859,173.220032,-61.848949,248.634995,189.024811,-73.203934,339.354523,-8.767650,-72.410820,55.682632,20.701210,-81.281250,66.591133,498.385742,-28.419130
1492,7.460000,44.501724,264.610931,-70.834053,266.507385,-209.332123,-72.629837,69.732368,-302.855804,-68.986145,-136.201096,-228.547791,-65.050995,-227.633438,-30.663113,-60.107010,-153.065262,173.221527,-61.855251,248.631348,189.027313,-73.201416,339.349060,-8.762274,-72.409538,55.679424,20.697678,-81.280640,66.586624,498.388458,-28.433998
1493,7.465000,44.504860,264.609833,-70.829025,266.498138,-209.338425,-72.620369,69.733368,-302.848022,-68.984695,-136.200394,-228.542252,-65.046333,-227.640427,-30.667259,-60.112980,-153.061325,173.219833,-61.840809,248.633194,189.026367,-73.206444,339.357056,-8.761686,-72.416161,55.679996,20.700064,-81.279610,66.591385,498.391815,-28.429333
1494,7.470000,44.495090,264.609222,-70.828644,266.506775,-209.341095,-72.627869,69.734474,-302.857361,-68.981644,-136.200089,-228.535629,-65.034767,-227.634109,-30.669933,-60.108955,-153.068909,173.216766,-61.845356,248.640152,189.028381,-73.211044,339.352112,-8.759926,-72.407776,55.686565,20.697264,-81.286514,66.587944,498.388550,-28.428019
1495,7.475000,44.496262,264.613678,-70.833145,266.496796,-209.342178,-72.626411,69.735779,-302.850708,-68.983704,-136.197617,-228.547028,-65.030960,-227.638931,-30.669647,-60.104118,-153.064194,173.215546,-61.844921,248.636551,189.019531,-73.207268,339.354431,-8.770710,-72.413109,55.688332,20.700499,-81.289917,66.591309,498.385559,-28.426077
1496,7.480000,44.493008,264.609192,-70.828453,266.498291,-209.340454,-72.620583,69.742645,-302.865509,-68.990646,-136.199951,-228.541168,-65.039146,-227.636017,-30.671766,-60.109131,-153.063416,173.216827,-61.847763,248.633362,189.022095,-73.206528,339.351288,-8.771878,-72.414658,55.687031,20.695633,-81.278740,66.587814,498.392548,-28.430874
1497,7.485000,44.495823,264.611542,-70.826126,266.500977,-209.340805,-72.618233,69.750565,-302.855804,-68.993103,-136.200531,-228.542068,-65.046455,-227.640244,-30.670641,-60.108654,-153.068237,173.216736,-61.849087,248.641846,189.019119,-73.211151,339.351562,-8.766991,-72.404823,55.689068,20.693867,-81.281654,66.592720,498.390350,-28.425018
1498,7.490000,44.504501,264.610474,-70.840210,266.499939,-209.336578,-72.623077,69.737625,-302.854431,-68.986275,-136.196945,-228.542770,-65.040894,-227.635803,-30.673233,-60.116619,-153.065964,173.220108,-61.844570,248.636719,189.023209,-73.203743,339.355377,-8.762421,-72.409882,55.683865,20.704515,-81.288368,66.593521,498.393738,-28.426868
1499,7.495000,44.495758,264.616028,-70.826843,266.496399,-209.340698,-72.625641,69.736496,-302.855255,-68.989227,-136.202682,-228.543396,-65.043106,-227.638596,-30.674957,-60.111938,-153.067932,173.217484,-61.834099,248.638687,189.021057,-73.210556,339.352631,-8.770095,-72.410736,55.675838,20.705248,-81.273476,66.590393,498.392029,-28.421955
1500,7.500000,44.499115,264.603485,-70.825089,266.500793,-209.337753,-72.620331,69.735107,-302.871521,-68.995537,-136.194611,-228.550354,-65.042259,-227.633209,-30.675953,-60.107056,-153.062134,173.216827,-61.839977,248.642776,189.023575,-73.209305,339.347595,-8.774698,-72.398590,55.688377,20.684587,-81.284897,66.588692,498.381073,-28.409954
1501,7.505000,44.503357,264.601105,-70.845200,266.500275,-209.344391,-72.629410,69.746269,-302.860016,-68.991287,-136.204422,-228.543793,-65.040115,-227.636566,-30.669106,-60.112022,-153.068359,173.214233,-61.842430,248.638458,189.029770,-73.205887,339.356293,-8.766362,-72.410881,55.692299,20.697269,-81.292023,66.587822,498.388885,-28.419405
1502,7.510000,44.499924,264.620972,-70.840904,266.500092,-209.336746,-72.626945,69.739059,-302.840240,-68.986572,-136.197678,-228.533936,-65.056793,-227.633789,-30.662849,-60.118378,-153.069611,173.224991,-61.849403,248.634811,189.030655,-73.223022,339.355438,-8.752589,-72.410812,55.678417,20.723534,-81.281189,66.590225,498.398712,-28.433384
1503,7.515000,44.505211,264.616730,-70.835518,266.502930,-209.333771,-72.629440,69.732925,-302.855316,-68.987556,-136.204300,-228.535645,-65.043045,-227.636337,-30.664221,-60.105743,-153.061142,173.225067,-61.852875,248.639252,189.028702,-73.213257,339.348511,-8.755030,-72.416840,55.686180,20.707212,-81.288338,66.591232,498.398499,-28.433359
1504,7.520000,44.499096,264.605774,-70.814865,266.496643,-209.331680,-72.612968,69.740738,-302.860229,-68.985130,-136.198730,-228.528275,-65.021660,-227.637741,-30.669472,-60.099655,-153.060776,173.228867,-61.844040,248.640045,189.021347,-73.205765,339.351044,-8.757253,-72.392380,55.678570,20.699186,-81.272797,66.589417,498.388885,-28.418148
1505,7.525000,44.493958,264.618347,-70.819717,266.493988,-209.331314,-72.621223,69.740860,-302.853973,-68.985619,-136.198456,-228.534134,-65.030891,-227.633591,-30.663204,-60.102688,-153.066406,173.221268,-61.840145,248.636902,189.025192,-73.197830,339.348511,-8.760337,-72.399574,55.692375,20.705683,-81.280708,66.586563,498.390198,-28.408804
1506,7.530000,44.496212,264.611908,-70.837585,266.503693,-209.334915,-72.623489,69.744995,-302.851562,-68.997147,-136.195175,-228.539215,-65.035744,-227.638779,-30.666512,-60.106884,-153.073074,173.220581,-61.851273,248.636169,189.025040,-73.219376,339.354156,-8.757739,-72.405151,55.686573,20.707083,-81.286629,66.590187,498.395142,-28.427094
1507,7.535000,44.503204,264.603333,-70.839539,266.502716,-209.338287,-72.629280,69.733543,-302.856720,-68.991562,-136.204163,-228.546021,-65.051453,-227.637085,-30.675741,-60.120491,-153.062714,173.213272,-61.866585,248.639572,189.020050,-73.223274,339.358551,-8.769683,-72.426323,55.666546,20.709343,-81.272034,66.587196,498.383545,-28.426003
1508,7.540000,44.504787,264.604523,-70.841896,266.505829,-209.342499,-72.626884,69.737762,-302.869843,-68.997360,-136.192383,-228.549072,-65.035866,-227.635239,-30.678331,-60.116081,-153.058975,173.216766,-61.840714,248.643234,189.015259,-73.212852,339.355286,-8.775952,-72.415932,55.680771,20.689901,-81.292526,66.593330,498.384613,-28.432646
1509,7.545000,44.496651,264.606750,-70.813255,266.497864,-209.338745,-72.625496,69.751282,-302.867096,-68.992950,-136.200516,-228.544830,-65.034950,-227.633606,-30.669931,-60.097641,-153.069077,173.217773,-61.838387,248.632935,189.019867,-73.205475,339.346832,-8.767832,-72.393425,55.692841,20.692917,-81.287201,66.587158,498.383392,-28.416540
1510,7.550000,44.491074,264.612946,-70.829361,266.489502,-209.326767,-72.605103,69.737419,-302.856445,-68.977272,-136.205338,-228.536423,-65.029221,-227.638916,-30.662342,-60.101143,-153.068344,173.223206,-61.835781,248.633362,189.021759,-73.204567,339.352356,-8.759836,-72.396919,55.689312,20.701269,-81.279160,66.585373,498.390533,-28.413767
1511,7.555000,44.498402,264.613495,-70.843773,266.501801,-209.334244,-72.627396,69.726990,-302.861053,-68.996490,-136.196869,-228.535553,-65.043686,-227.642166,-30.663656,-60.107258,-153.068390,173.224258,-61.847370,248.636948,189.026642,-73.210014,339.349182,-8.765993,-72.412216,55.679127,20.698179,-81.290100,66.588150,498.388519,-28.431828
1512,7.560000,44.501686,264.599152,-70.835350,266.504456,-209.343750,-72.640594,69.730385,-302.860748,-68.997421,-136.196671,-228.546692,-65.048813,-227.631241,-30.672749,-60.124233,-153.065506,173.218658,-61.850479,248.641861,189.013947,-73.213821,339.356720,-8.778570,-72.425659,55.678391,20.698927,-81.302513,66.597145,498.382599,-28.442125
1513,7.565000,44.498703,264.599243,-70.836441,266.500610,-209.340256,-72.619797,69.744888,-302.873322,-68.992249,-136.197128,-228.552704,-65.049171,-227.630524,-30.677408,-60.106964,-153.061203,173.210770,-61.851025,248.640457,189.016632,-73.222168,339.354980,-8.770983,-72.405754,55.692825,20.696413,-81.294701,66.590096,498.392944,-28.425789
1514,7.570000,44.500019,264.608093,-70.828621,266.498810,-209.337616,-72.606644,69.750496,-302.860962,-68.989822,-136.198242,-228.542007,-65.030609,-227.634659,-30.672661,-60.100803,-153.064041,173.215530,-61.850510,248.645203,189.027878,-73.213585,339.355743,-8.763234,-72.395576,55.689392,20.711439,-81.273201,66.594902,498.392395,-28.414801
1515,7.575000,44.498825,264.615509,-70.830055,266.495331,-209.332047,-72.625504,69.740356,-302.865631,-68.994362,-136.201614,-228.532578,-65.034607,-227.643555,-30.663702,-60.097996,-153.067520,173.219421,-61.841824,248.639801,189.023849,-73.211853,339.349365,-8.760407,-72.400703,55.684235,20.702854,-81.286575,66.586418,498.388153,-28.417789
1516,7.580000,44.492420,264.616516,-70.835846,266.499847,-209.326385,-72.629845,69.739601,-302.860107,-68.991096,-136.202850,-228.527191,-65.034233,-227.638397,-30.663647,-60.105484,-153.065735,173.223587,-61.842815,248.640854,189.030609,-73.211197,339.352783,-8.759467,-72.421021,55.687572,20.696632,-81.310806,66.587357,498.391022,-28.428465
1517,7.585000,44.498581,264.608063,-70.841461,266.497437,-209.336029,-72.617935,69.741684,-302.857147,-68.994202,-136.199921,-228.540497,-65.044624,-227.632202,-30.670193,-60.111401,-153.060593,173.221832,-61.846275,248.639893,189.025406,-73.215904,339.356842,-8.763122,-72.416603,55.688641,20.700554,-81.294640,66.587494,498.390289,-28.427898
1518,7.590000,44.496456,264.615509,-70.820457,266.500366,-209.334656,-72.625305,69.741234,-302.848114,-68.985649,-136.197296,-228.532913,-65.032364,-227.630859,-30.670658,-60.108253,-153.061417,173.221375,-61.856857,248.638397,189.028793,-73.212334,339.354614,-8.766844,-72.406212,55.693432,20.704519,-81.286049,66.595924,498.397583,-28.412516
1519,7.595000,44.497787,264.611145,-70.832230,266.503448,-209.339951,-72.633102,69.737206,-302.852753,-68.984360,-136.195175,-228.538513,-65.037186,-227.636978,-30.669891,-60.108898,-153.065704,173.216827,-61.851665,248.642288,189.027023,-73.209534,339.349548,-8.766771,-72.403366,55.687878,20.705471,-81.279366,66.590431,498.396667,-28.416813
1520,7.600000,44.502163,264.607788,-70.842392,266.503357,-209.341385,-72.624428,69.738052,-302.861450,-68.994957,-136.195694,-228.541412,-65.039001,-227.632462,-30.668344,-60.110912,-153.064651,173.212891,-61.843670,248.641403,189.020432,-73.212181,339.351929,-8.772959,-72.412926,55.681988,20.700314,-81.290367,66.590965,498.384430,-28.424389
1521,7.605000,44.499146,264.605347,-70.830566,266.501251,-209.342194,-72.624420,69.740959,-302.860535,-68.994080,-136.199936,-228.543076,-65.049995,-227.635849,-30.672041,-60.114571,-153.069305,173.217468,-61.843159,248.641449,189.022629,-73.224434,339.352020,-8.767023,-72.413483,55.688576,20.699310,-81.297897,66.594292,498.385193,-28.432652
1522,7.610000,44.500446,264.608093,-70.830414,266.498810,-209.334976,-72.626129,69.745338,-302.859100,-68.992874,-136.199997,-228.543625,-65.048744,-227.642426,-30.665825,-60.104607,-153.072006,173.223999,-61.841225,248.638535,189.028198,-73.205589,339.351196,-8.764717,-72.403183,55.688793,20.702484,-81.297775,66.588966,498.386566,-28.420170
1523,7.615000,44.496738,264.607422,-70.828186,266.503906,-209.342804,-72.632713,69.747856,-302.856628,-68.982674,-136.201462,-228.544220,-65.029892,-227.637283,-30.668777,-60.107998,-153.063049,173.213821,-61.850719,248.637436,189.025635,-73.207581,339.359406,-8.770791,-72.413765,55.691956,20.699152,-81.284706,66.596107,498.395111,-28.425007
1524,7.620000,44.496849,264.606995,-70.826683,266.495331,-209.340652,-72.623596,69.746582,-302.870331,-68.998291,-136.202499,-228.546814,-65.031761,-227.636444,-30.676882,-60.109154,-153.061646,173.213120,-61.850822,248.640060,189.016266,-73.209663,339.354736,-8.765512,-72.401733,55.688786,20.699175,-81.295464,66.593323,498.388702,-28.427202
1525,7.625000,44.497601,264.607819,-70.840042,266.499237,-209.331696,-72.622459,69.732246,-302.863037,-68.995850,-136.197769,-228.544968,-65.045082,-227.638000,-30.670893,-60.109467,-153.059845,173.215942,-61.848686,248.635391,189.019730,-73.216774,339.351532,-8.769514,-72.410393,55.681015,20.698332,-81.295227,66.584946,498.381805,-28.418474
1526,7.630000,44.495789,264.606384,-70.838860,266.505981,-209.333130,-72.635315,69.739449,-302.860474,-68.992691,-136.204834,-228.543121,-65.047241,-227.640396,-30.672640,-60.110897,-153.070511,173.222595,-61.847919,248.642029,189.022873,-73.224220,339.350677,-8.764249,-72.413780,55.695770,20.698126,-81.315842,66.588707,498.385925,-28.433538
1527,7.635000,44.492363,264.608032,-70.824661,266.500366,-209.335007,-72.629112,69.750717,-302.869049,-68.995483,-136.206650,-228.539352,-65.037804,-227.637146,-30.675833,-60.100563,-153.066269,173.211792,-61.860771,248.637665,189.028854,-73.207802,339.354004,-8.765891,-72.406616,55.699181,20.697239,-81.305176,66.592094,498.389954,-28.429642
1528,7.640000,44.501122,264.608917,-70.837021,266.499359,-209.334869,-72.620026,69.751625,-302.867432,-68.997307,-136.197571,-228.541138,-65.029869,-227.636719,-30.669764,-60.106403,-153.068222,173.217392,-61.837971,248.633713,189.021332,-73.200165,339.356995,-8.764113,-72.400444,55.690422,20.702654,-81.285912,66.593079,498.385162,-28.424171
1529,7.645000,44.502892,264.607544,-70.828033,266.496826,-209.335236,-72.614197,69.729271,-302.854706,-68.985321,-136.194046,-228.541733,-65.030602,-227.638779,-30.670853,-60.111256,-153.057053,173.219208,-61.843475,248.641312,189.022263,-73.206078,339.358154,-8.767965,-72.410683,55.684135,20.698650,-81.294739,66.594460,498.384583,-28.423777
1530,7.650000,44.497059,264.615173,-70.832565,266.497345,-209.332291,-72.617165,69.733948,-302.858582,-68.990837,-136.202621,-228.539490,-65.042465,-227.641647,-30.667953,-60.114861,-153.063446,173.220718,-61.837719,248.643494,189.025299,-73.214348,339.360199,-8.771462,-72.420074,55.694981,20.702295,-81.299911,66.592255,498.389069,-28.430014
1531,7.655000,44.497620,264.615234,-70.837471,266.501007,-209.330795,-72.628975,69.748291,-302.851807,-68.995316,-136.205414,-228.537766,-65.051788,-227.644073,-30.668550,-60.110939,-153.070740,173.220490,-61.845268,248.642181,189.031509,-73.219032,339.351959,-8.764374,-72.410690,55.688801,20.712933,-81.293709,66.588020,498.397522,-28.431999
1532,7.660000,44.496788,264.609833,-70.841293,266.495331,-209.340027,-72.625008,69.757469,-302.861511,-68.997810,-136.204315,-228.543671,-65.040352,-227.639862,-30.665686,-60.109859,-153.066650,173.219650,-61.843678,248.637878,189.024597,-73.214539,339.352783,-8.763368,-72.418816,55.688335,20.701097,-81.302635,66.588593,498.390320,-28.431856
1533,7.665000,44.497162,264.607849,-70.830826,266.507202,-209.335007,-72.629272,69.749153,-302.866791,-68.996704,-136.203964,-228.550339,-65.039818,-227.636078,-30.674194,-60.104935,-153.062698,173.219330,-61.842041,248.641891,189.018860,-73.212395,339.351044,-8.771200,-72.412560,55.687996,20.708090,-81.294952,66.591240,498.387695,-28.426634
1534,7.670000,44.499855,264.607635,-70.834045,266.501801,-209.343918,-72.614960,69.743935,-302.851288,-68.989197,-136.197739,-228.545670,-65.040077,-227.630539,-30.673861,-60.110870,-153.059509,173.216705,-61.840046,248.642303,189.018250,-73.214874,339.359985,-8.774000,-72.412331,55.691303,20.704041,-81.287804,66.593323,498.393066,-28.424381
1535,7.675000,44.500885,264.606445,-70.834755,266.505615,-209.339523,-72.620529,69.745537,-302.853210,-68.990860,-136.198380,-228.541901,-65.034264,-227.633911,-30.667957,-60.104237,-153.065186,173.211243,-61.843979,248.637939,189.022339,-73.204765,339.360382,-8.768397,-72.414604,55.687981,20.705429,-81.290138,66.595116,498.387421,-28.428663
1536,7.680000,44.496738,264.607513,-70.835007,266.500244,-209.332077,-72.621010,69.745476,-302.856354,-68.998863,-136.203674,-228.538712,-65.039391,-227.639771,-30.670547,-60.115814,-153.072510,173.216537,-61.857883,248.637192,189.023132,-73.205475,339.352661,-8.770200,-72.408951,55.685349,20.713139,-81.284370,66.589294,498.387482,-28.418503
1537,7.685000,44.501156,264.614990,-70.826447,266.502960,-209.341019,-72.630669,69.746910,-302.855865,-68.997444,-136.203232,-228.545090,-65.042465,-227.639557,-30.669445,-60.111580,-153.065674,173.218643,-61.854660,248.637558,189.022934,-73.214813,339.353424,-8.761042,-72.414795,55.689381,20.702362,-81.295319,66.593391,498.391235,-28.423452
1538,7.690000,44.499203,264.607269,-70.830338,266.501831,-209.334854,-72.626671,69.738892,-302.856964,-68.990547,-136.205414,-228.541183,-65.041519,-227.634262,-30.672462,-60.113918,-153.066635,173.219391,-61.847797,248.641800,189.023895,-73.211250,339.357422,-8.767267,-72.420700,55.682858,20.710173,-81.283890,66.589600,498.390137,-28.429949
1539,7.695000,44.500294,264.605103,-70.836456,266.501404,-209.347198,-72.617805,69.730614,-302.858582,-68.991249,-136.200211,-228.541718,-65.035667,-227.636124,-30.667601,-60.105694,-153.061859,173.220291,-61.844189,248.643906,189.022934,-73.216858,339.352356,-8.764095,-72.408562,55.685665,20.704435,-81.285553,66.591873,498.395020,-28.427500
1540,7.700000,44.498745,264.605072,-70.824623,266.501892,-209.345978,-72.633751,69.752380,-302.866272,-68.994362,-136.197830,-228.537033,-65.031593,-227.639053,-30.669437,-60.107410,-153.063980,173.219788,-61.844574,248.642593,189.018692,-73.208244,339.356659,-8.768765,-72.406624,55.685520,20.699064,-81.298790,66.598122,498.388397,-28.422728
1541,7.705000,44.492088,264.610443,-70.827301,266.498657,-209.339096,-72.626732,69.750511,-302.871948,-69.003654,-136.202667,-228.540039,-65.036552,-227.637802,-30.669373,-60.107826,-153.063629,173.221191,-61.838387,248.641724,189.021851,-73.208244,339.353058,-8.759612,-72.411072,55.702179,20.694292,-81.308586,66.589401,498.388641,-28.421200
1542,7.710000,44.496521,264.610107,-70.844360,266.502411,-209.336426,-72.631149,69.744141,-302.865997,-69.000359,-136.202606,-228.535538,-65.036201,-227.634720,-30.667421,-60.107853,-153.063126,173.224213,-61.854584,248.643951,189.023697,-73.211578,339.356140,-8.762010,-72.410744,55.686077,20.704901,-81.292618,66.587250,498.392792,-28.423382
1543,7.715000,44.500473,264.606110,-70.836884,266.507080,-209.341141,-72.638603,69.745682,-302.851196,-68.997070,-136.200302,-228.541992,-65.041939,-227.640488,-30.667578,-60.114922,-153.065887,173.219055,-61.844131,248.646637,189.017929,-73.213387,339.356262,-8.768335,-72.416443,55.691582,20.704027,-81.299438,66.585945,498.388489,-28.425392
1544,7.720000,44.500450,264.601379,-70.847702,266.503571,-209.341278,-72.625191,69.746613,-302.858734,-68.986511,-136.200882,-228.544693,-65.046989,-227.639526,-30.671478,-60.110741,-153.068802,173.218140,-61.851856,248.641922,189.022354,-73.218544,339.356689,-8.774235,-72.423622,55.683403,20.709309,-81.283722,66.590485,498.390350,-28.424911
1545,7.725000,44.497829,264.614716,-70.834305,266.499084,-209.339050,-72.626717,69.738869,-302.859161,-68.994667,-136.202560,-228.542664,-65.035423,-227.639923,-30.673573,-60.113438,-153.067932,173.218506,-61.848351,248.642868,189.022781,-73.220390,339.358643,-8.767343,-72.408768,55.687508,20.707607,-81.283920,66.590775,498.382477,-28.420300
1546,7.730000,44.503197,264.606567,-70.838058,266.500641,-209.338791,-72.630539,69.747971,-302.857391,-68.989555,-136.199371,-228.540527,-65.041656,-227.634308,-30.666412,-60.115772,-153.069901,173.218765,-61.843102,248.633743,189.027634,-73.204269,339.356995,-8.767162,-72.403107,55.692650,20.713287,-81.290367,66.590431,498.387970,-28.429850
1547,7.735000,44.499199,264.613617,-70.834824,266.506836,-209.334244,-72.619682,69.745613,-302.859467,-68.999855,-136.199371,-228.541290,-65.045120,-227.635849,-30.669430,-60.106350,-153.068604,173.222000,-61.853588,248.638092,189.025848,-73.205536,339.356964,-8.764819,-72.410965,55.678696,20.706694,-81.290985,66.587456,498.391418,-28.423685
1548,7.740000,44.496750,264.615143,-70.837440,266.505859,-209.338318,-72.617722,69.741722,-302.860748,-68.998344,-136.195312,-228.541000,-65.039673,-227.634918,-30.668644,-60.114403,-153.067551,173.221771,-61.838707,248.641281,189.031006,-73.208298,339.354004,-8.765698,-72.409172,55.689575,20.706871,-81.302155,66.592751,498.389191,-28.429262
1549,7.745000,44.491531,264.610413,-70.831322,266.502502,-209.339935,-72.622742,69.744186,-302.857635,-68.987396,-136.194168,-228.539764,-65.038467,-227.631821,-30.668762,-60.111595,-153.065720,173.212891,-61.839710,248.641296,189.024612,-73.218353,339.354828,-8.768581,-72.418892,55.685883,20.702198,-81.295433,66.588654,498.394928,-28.426840
1550,7.750000,44.502647,264.605743,-70.832878,266.500488,-209.341232,-72.626366,69.750801,-302.861206,-68.986465,-136.201370,-228.541382,-65.039291,-227.634781,-30.668327,-60.106407,-153.066574,173.222748,-61.838352,248.647369,189.028976,-73.212448,339.361328,-8.766194,-72.416214,55.692974,20.702261,-81.301254,66.595467,498.393372,-28.429853
1551,7.755000,44.499516,264.611847,-70.835587,266.501007,-209.330353,-72.612923,69.740234,-302.859650,-68.990608,-136.197433,-228.540512,-65.042099,-227.637787,-30.669521,-60.113697,-153.062469,173.225601,-61.846260,248.645126,189.022644,-73.218735,339.359894,-8.763331,-72.408401,55.692303,20.700228,-81.302040,66.591431,498.391846,-28.423002
1552,7.760000,44.497150,264.613190,-70.818481,266.510345,-209.333008,-72.622368,69.733971,-302.854095,-68.987061,-136.197815,-228.536209,-65.029320,-227.637924,-30.668634,-60.112858,-153.064590,173.223663,-61.844616,248.646103,189.021591,-73.213554,339.355255,-8.767621,-72.402718,55.678188,20.708138,-81.294716,66.597534,498.393524,-28.427359
1553,7.765000,44.499519,264.610138,-70.835037,266.504211,-209.333694,-72.634872,69.745758,-302.866730,-68.999695,-136.201080,-228.534378,-65.035248,-227.639709,-30.665964,-60.106304,-153.070084,173.221100,-61.832672,248.641495,189.025467,-73.212379,339.353363,-8.761313,-72.413696,55.678532,20.696129,-81.280624,66.588608,498.382050,-28.419043
1554,7.770000,44.498245,264.606903,-70.832176,266.502930,-209.344391,-72.625023,69.744370,-302.863434,-68.987846,-136.197906,-228.543915,-65.036209,-227.637939,-30.676399,-60.105961,-153.071335,173.215317,-61.844414,248.639511,189.018539,-73.210770,339.356781,-8.772964,-72.410469,55.690647,20.694267,-81.296127,66.593811,498.388336,-28.422279
1555,7.775000,44.502544,264.607147,-70.833023,266.506989,-209.340729,-72.631760,69.743553,-302.856903,-68.981346,-136.203598,-228.545959,-65.041756,-227.633667,-30.671053,-60.108280,-153.061813,173.215988,-61.861153,248.640381,189.019196,-73.218193,339.357971,-8.766120,-72.405602,55.688152,20.699535,-81.291313,66.592285,498.385651,-28.421867
1556,7.780000,44.493828,264.600189,-70.830574,266.501465,-209.342178,-72.625053,69.736847,-302.859863,-68.989960,-136.197113,-228.548004,-65.048973,-227.634140,-30.671383,-60.109394,-153.068863,173.213318,-61.850552,248.640106,189.023010,-73.217278,339.359039,-8.769957,-72.412697,55.687214,20.698631,-81.294662,66.594017,498.384033,-28.425304
1557,7.785000,44.496685,264.600281,-70.820091,266.503479,-209.339920,-72.628944,69.747162,-302.864288,-69.001106,-136.204666,-228.545380,-65.041191,-227.637207,-30.673653,-60.111324,-153.067764,173.221771,-61.848770,248.645035,189.027008,-73.215614,339.356476,-8.769277,-72.420448,55.691029,20.699823,-81.302803,66.590691,498.387665,-28.421711
1558,7.790000,44.498627,264.606201,-70.830338,266.495514,-209.336304,-72.624550,69.749146,-302.861603,-69.002571,-136.207199,-228.539169,-65.036140,-227.638962,-30.670473,-60.112919,-153.067932,173.217239,-61.835686,248.641388,189.026932,-73.208839,339.356598,-8.770119,-72.418205,55.682159,20.704309,-81.283134,66.589737,498.389801,-28.424437
1559,7.795000,44.499290,264.605591,-70.823616,266.500183,-209.337631,-72.621368,69.745255,-302.859222,-68.988640,-136.203476,-228.544968,-65.033371,-227.637024,-30.667313,-60.109863,-153.066254,173.221710,-61.840729,248.644012,189.027664,-73.215401,339.349060,-8.767239,-72.411705,55.686642,20.708542,-81.286957,66.592422,498.391418,-28.416643
1560,7.800000,44.507660,264.609222,-70.835762,266.508911,-209.342896,-72.628380,69.738838,-302.860199,-68.990555,-136.199463,-228.546524,-65.041420,-227.632416,-30.672276,-60.110374,-153.063873,173.218597,-61.844608,248.642288,189.018021,-73.212738,339.365387,-8.771817,-72.421455,55.690636,20.706844,-81.287437,66.594246,498.388916,-28.419119
1561,7.805000,44.504238,264.604767,-70.836899,266.511017,-209.347092,-72.620712,69.742363,-302.859802,-68.997826,-136.195251,-228.540466,-65.043694,-227.635757,-30.664429,-60.115730,-153.062607,173.222000,-61.845741,248.644485,189.025909,-73.218369,339.354095,-8.765578,-72.412483,55.687843,20.696493,-81.286598,66.592720,498.390869,-28.423162
1562,7.810000,44.492035,264.613831,-70.829704,266.501923,-209.339737,-72.634178,69.744904,-302.858154,-69.002663,-136.203018,-228.544342,-65.044006,-227.637115,-30.662910,-60.110767,-153.065292,173.222092,-61.841908,248.641296,189.022324,-73.211876,339.356598,-8.762877,-72.403015,55.684772,20.698286,-81.303574,66.588982,498.388275,-28.421978
1563,7.815000,44.497078,264.609650,-70.830147,266.504700,-209.333374,-72.621727,69.739830,-302.850891,-68.990730,-136.203491,-228.539902,-65.036186,-227.639282,-30.664021,-60.107533,-153.066483,173.223785,-61.850014,248.640594,189.024796,-73.216270,339.353333,-8.768220,-72.416283,55.686916,20.706696,-81.298676,66.592445,498.389648,-28.421221
1564,7.820000,44.502064,264.610901,-70.827438,266.500275,-209.333710,-72.616531,69.741478,-302.853149,-68.982918,-136.203049,-228.536530,-65.032036,-227.635971,-30.666796,-60.112965,-153.066071,173.217072,-61.844234,248.643250,189.024826,-73.219093,339.354736,-8.761260,-72.405342,55.685513,20.708881,-81.284386,66.592834,498.392151,-28.430384
1565,7.825000,44.506851,264.604095,-70.835861,266.504211,-209.337265,-72.625412,69.747017,-302.864655,-68.992554,-136.199188,-228.541351,-65.041351,-227.634445,-30.671173,-60.109375,-153.058914,173.225388,-61.841438,248.644714,189.021896,-73.206627,339.358276,-8.767158,-72.418587,55.680416,20.702087,-81.288414,66.594711,498.386017,-28.425920
1566,7.830000,44.500546,264.614349,-70.836678,266.505554,-209.343384,-72.626053,69.740379,-302.852692,-68.991882,-136.199448,-228.544037,-65.040474,-227.637421,-30.669472,-60.103310,-153.066238,173.223434,-61.845257,248.645325,189.022385,-73.214790,339.353210,-8.762042,-72.409790,55.683277,20.701784,-81.286804,66.589859,498.392029,-28.434387
1567,7.835000,44.497482,264.607666,-70.842186,266.504028,-209.335464,-72.630768,69.737190,-302.848419,-68.984901,-136.203979,-228.541367,-65.042793,-227.640213,-30.667105,-60.112247,-153.064117,173.224091,-61.848900,248.640106,189.025009,-73.213234,339.353149,-8.765344,-72.405220,55.689209,20.698040,-81.297394,66.588860,498.393768,-28.433847
1568,7.840000,44.495876,264.610535,-70.834206,266.504883,-209.339920,-72.632385,69.739693,-302.857086,-68.998314,-136.197601,-228.535172,-65.041290,-227.639404,-30.668978,-60.104443,-153.066406,173.219589,-61.837719,248.636566,189.025223,-73.223648,339.356537,-8.767404,-72.423317,55.684525,20.692043,-81.299850,66.587067,498.391846,-28.427500
1569,7.845000,44.501736,264.611633,-70.841263,266.508118,-209.333679,-72.625092,69.744232,-302.860840,-68.995270,-136.201355,-228.543335,-65.036469,-227.635956,-30.667583,-60.108036,-153.061386,173.222946,-61.843613,248.646744,189.024246,-73.220436,339.358154,-8.767492,-72.423096,55.680431,20.699730,-81.284386,66.589569,498.386261,-28.426687
1570,7.850000,44.499622,264.607727,-70.840218,266.506714,-209.342102,-72.623871,69.738541,-302.853760,-68.983032,-136.199860,-228.542297,-65.040749,-227.630280,-30.673025,-60.119068,-153.064621,173.214737,-61.843613,248.641663,189.020615,-73.216591,339.360352,-8.768949,-72.420288,55.690891,20.701096,-81.295174,66.595680,498.389923,-28.428806
1571,7.855000,44.494537,264.604370,-70.822350,266.505280,-209.349731,-72.637352,69.738945,-302.857697,-68.981964,-136.198441,-228.546234,-65.035522,-227.638901,-30.674120,-60.116264,-153.064621,173.219131,-61.839195,248.643539,189.017807,-73.216965,339.354614,-8.764392,-72.404091,55.689095,20.691471,-81.287643,66.587456,498.384338,-28.422995
1572,7.860000,44.493439,264.605347,-70.830399,266.501801,-209.338623,-72.622803,69.742760,-302.862183,-68.992409,-136.206894,-228.544922,-65.037560,-227.636551,-30.669868,-60.098953,-153.070007,173.220078,-61.850727,248.639282,189.025711,-73.215340,339.352142,-8.767982,-72.402748,55.680058,20.702860,-81.279083,66.589050,498.386780,-28.425827
1573,7.865000,44.494400,264.608398,-70.833237,266.505371,-209.339249,-72.630379,69.737206,-302.864075,-68.999741,-136.200760,-228.542267,-65.045967,-227.639893,-30.668617,-60.104908,-153.068604,173.220505,-61.838448,248.638336,189.021698,-73.207092,339.363159,-8.766409,-72.422318,55.688381,20.697025,-81.293404,66.587967,498.390015,-28.416336
1574,7.870000,44.500679,264.613251,-70.843193,266.507385,-209.341782,-72.642601,69.746063,-302.856750,-68.986397,-136.196594,-228.545197,-65.043159,-227.634048,-30.666817,-60.110538,-153.065277,173.217789,-61.847099,248.650024,189.019867,-73.215744,339.362000,-8.766673,-72.410896,55.681496,20.703770,-81.286522,66.590263,498.391418,-28.415621
1575,7.875000,44.498077,264.605621,-70.835091,266.508270,-209.334915,-72.631279,69.740044,-302.860382,-68.997887,-136.201202,-228.538986,-65.038887,-227.633484,-30.666977,-60.109783,-153.064896,173.222534,-61.851772,248.645966,189.025970,-73.215683,339.360321,-8.763622,-72.412354,55.682171,20.701614,-81.278122,66.593864,498.389984,-28.434196
1576,7.880000,44.499298,264.611145,-70.834198,266.498688,-209.337418,-72.625793,69.744553,-302.855621,-68.992348,-136.200073,-228.536835,-65.034378,-227.638077,-30.660700,-60.104450,-153.068039,173.223297,-61.836369,248.637741,189.018356,-73.213043,339.356567,-8.764605,-72.410255,55.681908,20.699955,-81.284958,66.589516,498.393280,-28.422594
1577,7.885000,44.494648,264.622650,-70.830521,266.495819,-209.330582,-72.617577,69.736076,-302.861023,-68.982605,-136.201447,-228.538193,-65.036690,-227.633804,-30.667152,-60.105919,-153.067017,173.225006,-61.839802,248.642639,189.027786,-73.213661,339.353485,-8.759743,-72.411880,55.686604,20.696598,-81.281372,66.587479,498.392303,-28.415009
1578,7.890000,44.499699,264.618011,-70.836372,266.507263,-209.335892,-72.624298,69.739944,-302.857300,-68.999496,-136.196350,-228.533905,-65.038620,-227.631104,-30.667730,-60.109325,-153.066467,173.229660,-61.844898,248.641922,189.022324,-73.222679,339.353149,-8.764531,-72.406555,55.692505,20.701769,-81.291359,66.591667,498.388763,-28.425495
1579,7.895000,44.501209,264.611816,-70.845009,266.500427,-209.334137,-72.619698,69.733353,-302.850708,-68.984924,-136.197556,-228.536438,-65.039467,-227.635818,-30.665012,-60.109219,-153.064270,173.223541,-61.852013,248.642380,189.030136,-73.212486,339.356445,-8.761390,-72.418526,55.684547,20.699629,-81.294395,66.586517,498.387177,-28.423315
1580,7.900000,44.490974,264.607178,-70.827225,266.503906,-209.334503,-72.623680,69.739433,-302.850403,-68.989494,-136.205902,-228.538483,-65.049545,-227.641174,-30.670488,-60.112553,-153.067322,173.221817,-61.844261,248.641953,189.025558,-73.218964,339.355835,-8.772830,-72.407303,55.687168,20.697226,-81.293022,66.589851,498.389679,-28.423143
1581,7.905000,44.502029,264.606232,-70.830658,266.501709,-209.343292,-72.632164,69.741837,-302.855499,-68.990799,-136.207703,-228.547012,-65.042175,-227.637283,-30.675989,-60.106693,-153.064606,173.214554,-61.841766,248.647934,189.017075,-73.216522,339.354309,-8.766491,-72.404457,55.681702,20.699121,-81.280869,66.593506,498.385406,-28.428047
1582,7.910000,44.495617,264.605072,-70.831978,266.503693,-209.337112,-72.634903,69.740417,-302.858215,-68.987778,-136.204483,-228.540726,-65.041084,-227.632843,-30.670967,-60.108093,-153.062943,173.220566,-61.843086,248.639450,189.019226,-73.215012,339.350372,-8.773822,-72.414299,55.683891,20.693222,-81.290512,66.591194,498.386597,-28.426239
1583,7.915000,44.504642,264.608063,-70.835953,266.499786,-209.336502,-72.630165,69.736267,-302.861145,-68.994316,-136.199707,-228.540176,-65.041252,-227.635345,-30.672859,-60.111675,-153.060455,173.215530,-61.853046,248.646912,189.014343,-73.214821,339.356140,-8.765955,-72.413132,55.681164,20.699957,-81.280830,66.591179,498.391052,-28.427906
1584,7.920000,44.498913,264.608459,-70.828804,266.503387,-209.340225,-72.628006,69.735085,-302.855865,-68.990448,-136.198639,-228.542938,-65.046204,-227.638443,-30.670744,-60.109940,-153.058456,173.218826,-61.846558,248.641037,189.016190,-73.210518,339.351379,-8.764179,-72.413193,55.674824,20.695894,-81.278809,66.590973,498.390350,-28.428537
1585,7.925000,44.495514,264.609070,-70.827904,266.506866,-209.335770,-72.633881,69.739250,-302.857697,-68.996437,-136.203445,-228.539154,-65.033829,-227.635468,-30.674358,-60.106812,-153.070358,173.222687,-61.842484,248.639099,189.018585,-73.217369,339.355865,-8.764372,-72.405106,55.688194,20.693687,-81.285263,66.591705,498.388977,-28.419157
1586,7.930000,44.499130,264.605347,-70.822754,266.500946,-209.343414,-72.619011,69.741188,-302.864594,-68.990295,-136.200897,-228.537552,-65.035866,-227.635559,-30.667295,-60.106850,-153.061111,173.219055,-61.843849,248.644714,189.020813,-73.207840,339.356384,-8.764994,-72.408653,55.675095,20.701925,-81.280113,66.591850,498.392944,-28.413021
1587,7.935000,44.501812,264.612701,-70.831512,266.503510,-209.338394,-72.627335,69.741676,-302.864624,-68.993576,-136.193848,-228.539230,-65.046783,-227.635315,-30.671658,-60.107250,-153.061371,173.218597,-61.843472,248.642929,189.024490,-73.206024,339.356812,-8.765362,-72.405869,55.686977,20.701870,-81.287033,66.589050,498.388275,-28.425919
1588,7.940000,44.509991,264.610413,-70.835236,266.503998,-209.327560,-72.624100,69.741264,-302.864899,-68.996513,-136.200485,-228.541183,-65.043892,-227.632370,-30.667807,-60.111919,-153.071350,173.222214,-61.848362,248.644485,189.028381,-73.203384,339.350708,-8.764528,-72.411583,55.688141,20.690401,-81.293121,66.593102,498.386871,-28.427593
1589,7.945000,44.498692,264.613495,-70.842842,266.502930,-209.333588,-72.633408,69.738350,-302.860229,-68.995239,-136.200836,-228.535782,-65.038979,-227.638824,-30.663862,-60.108963,-153.065262,173.225449,-61.840324,248.645035,189.032944,-73.219147,339.353455,-8.757709,-72.403419,55.686184,20.699841,-81.295303,66.594559,498.392822,-28.415287
1590,7.950000,44.495136,264.615234,-70.820839,266.500793,-209.330429,-72.626869,69.741554,-302.858368,-68.991920,-136.199387,-228.544174,-65.036972,-227.634964,-30.666679,-60.108799,-153.063980,173.223328,-61.839649,248.642120,189.027222,-73.218277,339.353149,-8.763917,-72.421059,55.681675,20.701075,-81.291283,66.588699,498.391815,-28.430609
1591,7.955000,44.496040,264.611572,-70.823593,266.499756,-209.340759,-72.621559,69.738983,-302.854156,-68.986069,-136.199875,-228.542145,-65.038132,-227.633652,-30.667120,-60.102901,-153.067795,173.223114,-61.844555,248.639206,189.022156,-73.200249,339.356750,-8.762777,-72.406624,55.680038,20.703011,-81.280396,66.590523,498.385406,-28.425039
1592,7.960000,44.503559,264.600342,-70.838226,266.499695,-209.339600,-72.633270,69.742485,-302.866974,-69.002144,-136.201447,-228.543900,-65.041840,-227.632401,-30.670561,-60.110462,-153.061798,173.222839,-61.850407,248.647415,189.023682,-73.221008,339.358795,-8.771083,-72.410690,55.692467,20.697763,-81.296455,66.593506,498.388000,-28.424753
1593,7.965000,44.501976,264.609039,-70.838173,266.502472,-209.340698,-72.633575,69.733665,-302.850891,-68.989319,-136.202545,-228.543945,-65.046776,-227.635025,-30.670153,-60.114365,-153.064911,173.215851,-61.850784,248.644760,189.020905,-73.223938,339.357330,-8.772478,-72.420395,55.687141,20.699568,-81.293800,66.590622,498.386749,-28.429762
1594,7.970000,44.496273,264.613403,-70.838982,266.505554,-209.344040,-72.628159,69.740662,-302.861023,-68.989311,-136.201508,-228.547165,-65.047531,-227.629700,-30.668396,-60.114498,-153.070297,173.214859,-61.843784,248.641373,189.026733,-73.210136,339.353943,-8.763851,-72.404938,55.687973,20.704779,-81.289581,66.584496,498.386047,-28.424858
1595,7.975000,44.499062,264.609161,-70.833977,266.509552,-209.342239,-72.632843,69.732025,-302.857849,-68.983910,-136.203888,-228.540405,-65.035988,-227.634796,-30.671045,-60.105930,-153.068207,173.219513,-61.847824,248.643814,189.018600,-73.217148,339.355072,-8.768979,-72.405884,55.690048,20.694496,-81.290817,66.590729,498.388428,-28.425545
1596,7.980000,44.499603,264.609100,-70.837372,266.500183,-209.336945,-72.621498,69.753975,-302.860443,-68.999298,-136.198639,-228.543747,-65.041489,-227.633575,-30.670015,-60.109734,-153.063629,173.217773,-61.851345,248.639496,189.021744,-73.198418,339.352234,-8.764389,-72.409027,55.689205,20.700495,-81.294701,66.594063,498.389557,-28.424881
1597,7.985000,44.499348,264.610016,-70.834969,266.504181,-209.336731,-72.624321,69.744675,-302.865601,-68.992371,-136.195541,-228.546494,-65.040085,-227.632172,-30.671406,-60.111507,-153.067307,173.215225,-61.849377,248.641785,189.019424,-73.213264,339.358826,-8.759404,-72.407036,55.694054,20.692701,-81.300797,66.595131,498.390839,-28.417498
1598,7.990000,44.497959,264.610138,-70.820953,266.500732,-209.338806,-72.624168,69.740730,-302.862122,-68.998253,-136.201736,-228.542603,-65.050781,-227.635483,-30.669817,-60.102867,-153.062180,173.218796,-61.851830,248.638474,189.024536,-73.213943,339.356232,-8.763925,-72.407242,55.686554,20.697973,-81.295418,66.587914,498.390167,-28.425556
1599,7.995000,44.495445,264.613312,-70.838120,266.505096,-209.332092,-72.623459,69.742996,-302.859528,-68.995964,-136.206161,-228.541153,-65.043182,-227.642685,-30.667582,-60.114578,-153.065018,173.221848,-61.840641,248.641647,189.024719,-73.216286,339.352570,-8.764532,-72.408203,55.689919,20.700523,-81.292480,66.590942,498.390045,-28.421339
1600,8.000000,44.503269,264.606384,-70.831825,266.500793,-209.334793,-72.628120,69.734474,-302.857574,-68.984482,-136.203140,-228.535858,-65.036613,-227.633270,-30.670351,-60.105904,-153.066162,173.224213,-61.847187,248.638367,189.024185,-73.216187,339.353485,-8.763824,-72.404015,55.683689,20.695595,-81.292534,66.590828,498.389893,-28.415621
1601,8.005000,44.498138,264.612061,-70.826286,266.509277,-209.335861,-72.630188,69.746536,-302.870880,-69.000229,-136.201965,-228.539917,-65.032166,-227.636826,-30.669468,-60.102375,-153.060913,173.224670,-61.844418,248.648972,189.027603,-73.212280,339.351379,-8.763928,-72.412766,55.683414,20.703358,-81.278656,66.593750,498.394470,-28.418982
1602,8.010000,44.508335,264.611847,-70.837975,266.508087,-209.334518,-72.634201,69.738342,-302.859406,-68.994522,-136.205170,-228.541443,-65.045265,-227.636627,-30.673622,-60.108398,-153.064743,173.222412,-61.846451,248.637466,189.020355,-73.201454,339.357086,-8.765400,-72.408150,55.680653,20.706051,-81.284164,66.589417,498.388977,-28.418499
1603,8.015000,44.502583,264.607178,-70.828644,266.497314,-209.338486,-72.623398,69.746758,-302.864777,-69.011452,-136.202438,-228.540985,-65.031738,-227.636093,-30.666939,-60.108284,-153.062683,173.222137,-61.845745,248.638214,189.025742,-73.209122,339.356995,-8.766268,-72.411491,55.684319,20.699541,-81.283295,66.585754,498.388031,-28.423086
1604,8.020000,44.500332,264.611877,-70.827866,266.500732,-209.333893,-72.627045,69.734993,-302.853943,-68.993645,-136.200424,-228.538315,-65.040100,-227.631058,-30.672529,-60.116074,-153.065643,173.222733,-61.838982,248.640717,189.023972,-73.204933,339.360687,-8.763652,-72.414497,55.678478,20.703802,-81.296211,66.588478,498.385315,-28.422792
1605,8.025000,44.502666,264.611084,-70.844521,266.503448,-209.336334,-72.628777,69.728806,-302.860077,-68.990143,-136.207138,-228.537308,-65.038795,-227.637833,-30.670012,-60.110340,-153.062317,173.219269,-61.856049,248.640869,189.025620,-73.209976,339.361725,-8.766306,-72.418098,55.687416,20.694788,-81.297333,66.592361,498.384094,-28.426207
1606,8.030000,44.504547,264.605499,-70.837433,266.503967,-209.332001,-72.627007,69.740807,-302.857941,-68.989151,-136.197510,-228.549149,-65.044426,-227.634689,-30.671900,-60.106480,-153.061447,173.212173,-61.847858,248.645813,189.018539,-73.216232,339.360016,-8.765839,-72.416939,55.690945,20.695774,-81.299866,66.590057,498.385315,-28.418776
1607,8.035000,44.497589,264.605957,-70.828850,266.502289,-209.333664,-72.619110,69.745712,-302.859497,-68.996094,-136.197891,-228.545425,-65.038086,-227.637924,-30.670282,-60.108418,-153.068085,173.217346,-61.838055,248.644928,189.023239,-73.201027,339.355408,-8.772692,-72.412819,55.690243,20.702291,-81.287994,66.591187,498.389252,-28.426531
1608,8.040000,44.494110,264.603577,-70.824493,266.499420,-209.340881,-72.620132,69.738159,-302.857758,-68.994209,-136.197464,-228.544144,-65.039711,-227.637970,-30.672195,-60.109249,-153.060608,173.219894,-61.849022,248.645569,189.023819,-73.212914,339.351257,-8.769211,-72.407242,55.689327,20.697926,-81.293419,66.587845,498.391571,-28.422716
1609,8.045000,44.499775,264.611450,-70.823196,266.508392,-209.331711,-72.626793,69.738037,-302.859924,-68.992180,-136.202179,-228.540268,-65.044418,-227.634888,-30.666759,-60.108002,-153.063889,173.220978,-61.843094,248.638412,189.025803,-73.212547,339.359924,-8.766508,-72.418594,55.693062,20.695778,-81.296936,66.589188,498.390991,-28.422903
1610,8.050000,44.503609,264.617249,-70.842361,266.505463,-209.338501,-72.625778,69.735062,-302.859772,-68.991211,-136.205048,-228.542450,-65.042892,-227.634735,-30.661331,-60.112160,-153.064438,173.215973,-61.854923,248.637299,189.027664,-73.210442,339.358948,-8.764937,-72.420677,55.692654,20.697603,-81.293121,66.592468,498.388733,-28.420078
1611,8.055000,44.499210,264.616913,-70.835289,266.504486,-209.336975,-72.631836,69.748222,-302.861694,-68.997810,-136.198578,-228.538254,-65.038589,-227.635010,-30.666885,-60.102615,-153.063858,173.220978,-61.849682,248.645050,189.022614,-73.222954,339.356537,-8.763946,-72.419357,55.692989,20.693512,-81.295334,66.590065,498.387878,-28.420650
1612,8.060000,44.497795,264.613800,-70.831291,266.506012,-209.339462,-72.617355,69.741158,-302.855560,-68.986488,-136.197479,-228.545380,-65.040367,-227.639236,-30.670811,-60.106087,-153.063354,173.222076,-61.837059,248.646133,189.021408,-73.214676,339.351105,-8.765405,-72.408768,55.688885,20.694590,-81.295708,66.592453,498.394073,-28.423275
1613,8.065000,44.498646,264.604248,-70.827263,266.500061,-209.342209,-72.630630,69.742455,-302.858490,-68.997833,-136.205429,-228.540985,-65.032982,-227.633728,-30.668598,-60.110809,-153.065292,173.223022,-61.846699,248.643890,189.020920,-73.211723,339.349274,-8.765725,-72.417244,55.686016,20.695581,-81.278908,66.591591,498.386871,-28.422480
1614,8.070000,44.502193,264.610992,-70.835251,266.497070,-209.335114,-72.619659,69.737991,-302.857330,-68.988953,-136.199280,-228.540100,-65.040985,-227.628647,-30.664068,-60.112946,-153.058838,173.217285,-61.848721,248.638992,189.024124,-73.205956,339.356750,-8.767943,-72.417488,55.692028,20.692924,-81.295074,66.596336,498.385712,-28.422785
1615,8.075000,44.494682,264.610107,-70.830940,266.501831,-209.340057,-72.638496,69.737610,-302.856232,-68.996712,-136.198044,-228.544250,-65.049156,-227.638443,-30.661150,-60.108696,-153.062332,173.222519,-61.844685,248.641388,189.017563,-73.218559,339.358582,-8.771514,-72.413498,55.692390,20.696093,-81.288139,66.586456,498.384033,-28.426052
1616,8.080000,44.495842,264.607605,-70.832169,266.506989,-209.342346,-72.633881,69.739838,-302.857330,-68.998161,-136.203308,-228.542999,-65.038727,-227.634079,-30.670547,-60.102547,-153.067322,173.219360,-61.842426,248.642944,189.029816,-73.215797,339.357391,-8.766973,-72.409302,55.682430,20.691580,-81.288574,66.591583,498.388733,-28.420837
1617,8.085000,44.505592,264.607635,-70.832611,266.505554,-209.342773,-72.633430,69.740105,-302.863922,-68.993790,-136.200317,-228.540222,-65.036949,-227.640533,-30.671137,-60.111591,-153.067856,173.219543,-61.851711,248.642944,189.020721,-73.211121,339.353577,-8.762876,-72.407936,55.679718,20.699348,-81.278946,66.587723,498.390320,-28.420046
1618,8.090000,44.500530,264.607544,-70.833344,266.499939,-209.336853,-72.623383,69.734375,-302.854553,-68.989189,-136.203064,-228.543793,-65.047310,-227.638657,-30.672001,-60.115833,-153.061981,173.215866,-61.846733,248.637802,189.022537,-73.210106,339.356201,-8.767393,-72.408340,55.688499,20.693121,-81.292946,66.592911,498.389557,-28.427717
1619,8.095000,44.499634,264.606567,-70.837959,266.505951,-209.337601,-72.630707,69.741760,-302.861145,-68.995560,-136.201599,-228.542664,-65.052338,-227.633545,-30.671406,-60.112892,-153.062927,173.214081,-61.850742,248.640411,189.028107,-73.217140,339.358551,-8.775399,-72.414970,55.685581,20.699869,-81.284546,66.590317,498.385254,-28.423031
1620,8.100000,44.493038,264.607300,-70.828316,266.500977,-209.335861,-72.626915,69.742241,-302.863312,-68.998192,-136.201263,-228.541855,-65.042778,-227.635712,-30.669334,-60.105015,-153.064056,173.222504,-61.849449,248.648376,189.025024,-73.218414,339.350189,-8.766993,-72.409439,55.686363,20.701574,-81.284828,66.590248,498.390961,-28.423119
1621,8.105000,44.495949,264.613342,-70.820068,266.501984,-209.342728,-72.620476,69.735596,-302.851593,-68.984238,-136.201523,-228.543961,-65.032181,-227.634766,-30.667942,-60.107010,-153.062210,173.223175,-61.845474,248.641037,189.019882,-73.212463,339.351562,-8.758914,-72.402817,55.693069,20.700953,-81.274223,66.590218,498.389984,-28.414022
1622,8.110000,44.501171,264.609467,-70.833321,266.505615,-209.338058,-72.635597,69.743141,-302.851593,-68.987091,-136.205093,-228.532990,-65.036461,-227.634567,-30.669714,-60.114601,-153.060837,173.222244,-61.837891,248.642685,189.025330,-73.210052,339.358643,-8.767679,-72.415703,55.687908,20.704102,-81.286308,66.594063,498.390442,-28.420771
1623,8.115000,44.503975,264.608215,-70.834167,266.509827,-209.345474,-72.636093,69.739746,-302.851166,-68.989212,-136.207092,-228.535172,-65.035980,-227.637070,-30.668915,-60.113510,-153.057510,173.218857,-61.844425,248.638885,189.026413,-73.213615,339.353455,-8.766904,-72.419151,55.685440,20.694225,-81.295265,66.584557,498.388824,-28.426207
1624,8.120000,44.497845,264.609344,-70.828308,266.503021,-209.337173,-72.629021,69.739670,-302.854706,-68.988396,-136.204422,-228.540146,-65.042091,-227.636322,-30.666513,-60.112026,-153.065857,173.218079,-61.850887,248.643372,189.022614,-73.218010,339.360138,-8.763432,-72.411072,55.683498,20.698404,-81.284798,66.592773,498.389343,-28.429756
1625,8.125000,44.500740,264.604370,-70.831528,266.503143,-209.336090,-72.628052,69.740776,-302.865356,-68.985878,-136.199997,-228.539108,-65.047089,-227.637970,-30.668745,-60.111298,-153.061035,173.222626,-61.847221,248.636978,189.023499,-73.222404,339.359558,-8.772265,-72.420288,55.689701,20.705921,-81.280777,66.592964,498.389099,-28.423462
1626,8.130000,44.497784,264.609711,-70.817406,266.503418,-209.337265,-72.625153,69.734589,-302.856903,-68.991425,-136.200424,-228.538742,-65.030930,-227.631973,-30.667547,-60.104115,-153.064331,173.224487,-61.836113,248.635559,189.023422,-73.212685,339.357666,-8.766030,-72.405861,55.687702,20.705322,-81.289490,66.594490,498.390839,-28.428747
1627,8.135000,44.495766,264.615356,-70.827583,266.498016,-209.336365,-72.619598,69.731987,-302.856720,-68.987244,-136.198898,-228.542206,-65.034523,-227.631500,-30.670258,-60.104637,-153.058472,173.218140,-61.838390,248.636078,189.028870,-73.208504,339.355103,-8.764172,-72.417900,55.689281,20.703094,-81.285492,66.593262,498.391937,-28.421934
1628,8.140000,44.501354,264.612366,-70.839310,266.500366,-209.330231,-72.627533,69.743202,-302.857239,-68.989693,-136.203506,-228.540436,-65.036865,-227.640076,-30.670893,-60.105545,-153.064957,173.220612,-61.849289,248.643204,189.021149,-73.207512,339.349640,-8.765587,-72.404999,55.687656,20.700407,-81.276878,66.590691,498.390381,-28.431593
1629,8.145000,44.504272,264.611511,-70.831673,266.505981,-209.337738,-72.625206,69.736542,-302.859894,-68.994392,-136.203201,-228.544113,-65.048088,-227.633896,-30.670921,-60.104424,-153.062225,173.217422,-61.860435,248.643188,189.023071,-73.213417,339.362579,-8.765145,-72.413498,55.692013,20.707136,-81.288948,66.593208,498.382538,-28.432047
1630,8.150000,44.495739,264.606720,-70.830490,266.509277,-209.343475,-72.629852,69.736717,-302.865082,-68.996933,-136.206528,-228.542252,-65.040886,-227.635696,-30.672064,-60.106117,-153.064285,173.216095,-61.853432,248.645355,189.022141,-73.219345,339.357452,-8.766473,-72.407402,55.686546,20.708492,-81.276573,66.590401,498.385529,-28.424603
1631,8.155000,44.494595,264.606903,-70.820686,266.505402,-209.339127,-72.629181,69.742554,-302.854523,-68.987984,-136.198868,-228.543640,-65.034859,-227.633438,-30.672308,-60.108707,-153.061432,173.214233,-61.845547,248.643555,189.023849,-73.209572,339.350983,-8.766717,-72.407974,55.691330,20.696417,-81.281303,66.587601,498.386261,-28.428099
1632,8.160000,44.501373,264.611694,-70.832764,266.507080,-209.342789,-72.624702,69.734444,-302.859070,-68.984489,-136.201721,-228.543518,-65.029633,-227.635422,-30.665588,-60.102589,-153.072418,173.218094,-61.847168,248.643509,189.022339,-73.209602,339.356049,-8.767677,-72.408073,55.695084,20.695848,-81.294006,66.593201,498.388916,-28.436094
1633,8.165000,44.501804,264.609802,-70.839249,266.513733,-209.341461,-72.634117,69.738792,-302.850891,-68.987640,-136.203339,-228.545395,-65.036133,-227.629456,-30.675829,-60.119019,-153.061951,173.217072,-61.847992,248.644363,189.022507,-73.206474,339.358551,-8.763464,-72.416992,55.684036,20.706728,-81.288841,66.593391,498.390778,-28.424200
